,time,pos_x,pos_y,pos_z,speed_x,speed_y,speed_z,bias_x,bias_y,bias_z
0,97656.296289799,0.493277,0.872883,0.540783,0.000000,0.000000,0.000000,0.000000,0.000000,0.000000
1,97656.301203129,0.493277,0.872883,0.540783,-0.000273,-0.000017,-0.000042,0.000018,0.000007,0.000039
2,97656.306146977,0.493279,0.872883,0.540783,-0.000468,-0.000187,-0.000096,0.000036,0.000014,0.000078
3,97656.311090825,0.493281,0.872884,0.540782,-0.000612,-0.000457,-0.000119,0.000055,0.000021,0.000117
4,97656.316034672,0.493284,0.872886,0.540781,-0.000999,-0.000640,-0.000111,0.000073,0.000027,0.000156
5,97656.320978520,0.493289,0.872890,0.540781,-0.001378,-0.000826,0.000026,0.000091,0.000034,0.000196
6,97656.325922368,0.493295,0.872894,0.540781,-0.001700,-0.001130,0.000154,0.000109,0.000041,0.000235
7,97656.330866215,0.493304,0.872900,0.540781,-0.002122,-0.001611,0.000251,0.000128,0.000048,0.000274
8,97656.335810063,0.493314,0.872908,0.540782,-0.002428,-0.002137,0.000363,0.000146,0.000055,0.000313
9,97656.340723393,0.493325,0.872919,0.540784,-0.002626,-0.002811,0.000299,0.000164,0.000062,0.000352
10,97656.345667241,0.493338,0.872934,0.540785,-0.002765,-0.003452,0.000122,0.000182,0.000068,0.000391
11,97656.350580571,0.493350,0.872952,0.540785,-0.002952,-0.004150,-0.000019,0.000200,0.000075,0.000430
12,97656.355524418,0.493364,0.872973,0.540785,-0.003086,-0.004874,-0.000065,0.000219,0.000082,0.000469
13,97656.360437748,0.493378,0.872997,0.540784,-0.003209,-0.005472,-0.000057,0.000237,0.000089,0.000508
14,97656.365381596,0.493393,0.873025,0.540783,-0.003404,-0.005850,-0.000000,0.000255,0.000096,0.000547
15,97656.370294926,0.493408,0.873054,0.540782,-0.003540,-0.006166,-0.000004,0.000273,0.000103,0.000586
16,97656.375238774,0.493424,0.873086,0.540782,-0.003585,-0.006477,-0.000019,0.000292,0.000109,0.000626
17,97656.380182621,0.493441,0.873118,0.540781,-0.003868,-0.006595,0.000061,0.000310,0.000116,0.000665
18,97656.385126469,0.493458,0.873152,0.540780,-0.004134,-0.006664,0.000269,0.000328,0.000123,0.000704
19,97656.390070317,0.493477,0.873186,0.540781,-0.004528,-0.006833,0.000453,0.000346,0.000130,0.000743
20,97656.395014164,0.493498,0.873220,0.540783,-0.004939,-0.006781,0.000640,0.000365,0.000137,0.000782
21,97656.399927495,0.493521,0.873255,0.540785,-0.005217,-0.006694,0.000852,0.000383,0.000144,0.000821
22,97656.404901860,0.493546,0.873289,0.540788,-0.005396,-0.006575,0.001049,0.000401,0.000150,0.000861
23,97656.409815190,0.493571,0.873323,0.540793,-0.005556,-0.006452,0.001264,0.000419,0.000157,0.000900
24,97656.414759037,0.493597,0.873356,0.540798,-0.005770,-0.006519,0.001441,0.000437,0.000164,0.000939
25,97656.419702885,0.493624,0.873389,0.540805,-0.005842,-0.006637,0.001496,0.000456,0.000171,0.000978
26,97656.424646733,0.493652,0.873424,0.540811,-0.005906,-0.006707,0.001573,0.000474,0.000178,0.001017
27,97656.429560063,0.493679,0.873458,0.540818,-0.006070,-0.007084,0.001600,0.000492,0.000185,0.001056
28,97656.434503911,0.493708,0.873494,0.540825,-0.006096,-0.007545,0.001903,0.000510,0.000191,0.001095
29,97656.439447758,0.493736,0.873533,0.540833,-0.005946,-0.007865,0.002154,0.000529,0.000198,0.001134
30,97656.444391606,0.493764,0.873573,0.540843,-0.005647,-0.008079,0.002315,0.000547,0.000205,0.001174
31,97656.449335453,0.493790,0.873614,0.540854,-0.005382,-0.008267,0.002429,0.000565,0.000212,0.001213
32,97656.454248784,0.493815,0.873656,0.540865,-0.005059,-0.008380,0.002472,0.000583,0.000219,0.001252
33,97656.459192631,0.493839,0.873699,0.540876,-0.004801,-0.008527,0.002417,0.000602,0.000226,0.001291
34,97656.464136479,0.493861,0.873742,0.540887,-0.004328,-0.008565,0.002123,0.000620,0.000233,0.001330
35,97656.469080327,0.493880,0.873786,0.540897,-0.004032,-0.008564,0.001765,0.000638,0.000239,0.001369
36,97656.474024174,0.493898,0.873829,0.540905,-0.003907,-0.008395,0.001478,0.000656,0.000246,0.001408
37,97656.478937504,0.493916,0.873871,0.540911,-0.003764,-0.007980,0.001191,0.000674,0.000253,0.001447
38,97656.483881352,0.493933,0.873911,0.540916,-0.003704,-0.007434,0.000991,0.000693,0.000260,0.001486
39,97656.488825200,0.493950,0.873949,0.540921,-0.003802,-0.006857,0.000665,0.000711,0.000267,0.001526
40,97656.493769047,0.493967,0.873984,0.540923,-0.004019,-0.006240,0.000402,0.000729,0.000274,0.001565
41,97656.498712895,0.493985,0.874015,0.540924,-0.004321,-0.005452,0.000366,0.000747,0.000280,0.001604
42,97656.503626225,0.494006,0.874043,0.540926,-0.004536,-0.004788,0.000335,0.000766,0.000287,0.001643
43,97656.508570073,0.494027,0.874068,0.540927,-0.004741,-0.004299,0.000170,0.000784,0.000294,0.001682
44,97656.513513920,0.494049,0.874090,0.540927,-0.004986,-0.004006,0.000131,0.000802,0.000301,0.001721
45,97656.518457768,0.494073,0.874111,0.540927,-0.005299,-0.003979,0.000187,0.000820,0.000308,0.001760
46,97656.523401616,0.494098,0.874132,0.540927,-0.005521,-0.004093,0.000191,0.000839,0.000315,0.001800
47,97656.528345463,0.494125,0.874153,0.540928,-0.005637,-0.004330,0.000063,0.000857,0.000321,0.001839
48,97656.533289311,0.494152,0.874176,0.540927,-0.005791,-0.004680,-0.000215,0.000875,0.000328,0.001878
49,97656.538233159,0.494179,0.874200,0.540925,-0.006059,-0.005032,-0.000480,0.000893,0.000335,0.001917
50,97656.543177006,0.494208,0.874226,0.540922,-0.006388,-0.005491,-0.000526,0.000912,0.000342,0.001956
51,97656.548090336,0.494238,0.874254,0.540919,-0.006646,-0.005949,-0.000414,0.000930,0.000349,0.001995
52,97656.553034184,0.494270,0.874285,0.540916,-0.006838,-0.006558,-0.000458,0.000948,0.000356,0.002034
53,97656.557978032,0.494302,0.874319,0.540913,-0.006873,-0.007083,-0.000467,0.000966,0.000363,0.002074
54,97656.562891362,0.494334,0.874355,0.540910,-0.006684,-0.007431,-0.000472,0.000984,0.000369,0.002112
55,97656.567835209,0.494366,0.874393,0.540906,-0.006515,-0.007561,-0.000578,0.001003,0.000376,0.002152
56,97656.572779057,0.494396,0.874432,0.540903,-0.006427,-0.007602,-0.000731,0.001021,0.000383,0.002191
57,97656.577692387,0.494426,0.874471,0.540898,-0.006366,-0.007614,-0.000921,0.001039,0.000390,0.002230
58,97656.582636235,0.494456,0.874510,0.540893,-0.006468,-0.007431,-0.001121,0.001057,0.000397,0.002269
59,97656.587580082,0.494486,0.874548,0.540886,-0.006651,-0.007280,-0.001233,0.001076,0.000404,0.002308
60,97656.592523930,0.494517,0.874585,0.540879,-0.006890,-0.007148,-0.001289,0.001094,0.000410,0.002347
61,97656.597467778,0.494549,0.874622,0.540872,-0.007073,-0.007016,-0.001330,0.001112,0.000417,0.002386
62,97656.602381108,0.494583,0.874658,0.540864,-0.007333,-0.007023,-0.001300,0.001130,0.000424,0.002425
63,97656.607324955,0.494617,0.874694,0.540857,-0.007685,-0.007131,-0.001204,0.001149,0.000431,0.002465
64,97656.612268803,0.494653,0.874731,0.540850,-0.007914,-0.007375,-0.001065,0.001167,0.000438,0.002504
65,97656.617212651,0.494691,0.874769,0.540844,-0.008238,-0.007751,-0.000984,0.001185,0.000445,0.002543
66,97656.622156498,0.494730,0.874809,0.540838,-0.008461,-0.008407,-0.001047,0.001203,0.000451,0.002582
67,97656.627100346,0.494770,0.874852,0.540831,-0.008604,-0.008963,-0.001095,0.001222,0.000458,0.002621
68,97656.632074711,0.494810,0.874898,0.540825,-0.008661,-0.009590,-0.001113,0.001240,0.000465,0.002661
69,97656.637018559,0.494851,0.874948,0.540818,-0.008667,-0.010325,-0.001145,0.001258,0.000472,0.002700
70,97656.641962407,0.494891,0.875000,0.540811,-0.008594,-0.011073,-0.001220,0.001276,0.000479,0.002739
71,97656.646875737,0.494931,0.875056,0.540804,-0.008458,-0.011715,-0.001147,0.001295,0.000486,0.002778
72,97656.651819584,0.494970,0.875116,0.540797,-0.008200,-0.012311,-0.001256,0.001313,0.000493,0.002817
73,97656.656732914,0.495008,0.875178,0.540789,-0.007801,-0.012698,-0.001383,0.001331,0.000499,0.002856
74,97656.661676762,0.495043,0.875242,0.540781,-0.007531,-0.012839,-0.001343,0.001349,0.000506,0.002895
75,97656.666620610,0.495078,0.875307,0.540773,-0.007339,-0.013136,-0.001404,0.001368,0.000513,0.002934
76,97656.671564457,0.495111,0.875374,0.540765,-0.007331,-0.013132,-0.001442,0.001386,0.000520,0.002974
77,97656.676508305,0.495144,0.875440,0.540756,-0.007304,-0.013004,-0.001363,0.001404,0.000527,0.003013
78,97656.681421635,0.495177,0.875505,0.540748,-0.007296,-0.012757,-0.001322,0.001422,0.000534,0.003052
79,97656.686365483,0.495210,0.875570,0.540741,-0.007301,-0.012370,-0.001444,0.001440,0.000540,0.003091
80,97656.691278813,0.495243,0.875632,0.540732,-0.007411,-0.011926,-0.001495,0.001459,0.000547,0.003130
81,97656.696222661,0.495277,0.875693,0.540724,-0.007574,-0.011572,-0.001515,0.001477,0.000554,0.003169
82,97656.701166508,0.495312,0.875751,0.540715,-0.007715,-0.011254,-0.001520,0.001495,0.000561,0.003208
83,97656.706079838,0.495348,0.875808,0.540706,-0.007799,-0.010963,-0.001450,0.001513,0.000568,0.003247
84,97656.711023686,0.495384,0.875864,0.540698,-0.007909,-0.010666,-0.001334,0.001531,0.000575,0.003286
85,97656.715967534,0.495420,0.875918,0.540690,-0.007935,-0.010558,-0.001344,0.001550,0.000581,0.003325
86,97656.720911381,0.495457,0.875972,0.540682,-0.007900,-0.010547,-0.001324,0.001568,0.000588,0.003365
87,97656.725855229,0.495494,0.876026,0.540674,-0.007840,-0.010540,-0.001186,0.001586,0.000595,0.003404
88,97656.730768559,0.495530,0.876079,0.540667,-0.007680,-0.010648,-0.001011,0.001604,0.000602,0.003443
89,97656.735712407,0.495565,0.876133,0.540661,-0.007595,-0.010748,-0.000854,0.001623,0.000609,0.003482
90,97656.740656254,0.495600,0.876188,0.540656,-0.007442,-0.010619,-0.000766,0.001641,0.000616,0.003521
91,97656.745600102,0.495635,0.876242,0.540651,-0.007224,-0.010595,-0.000584,0.001659,0.000622,0.003560
92,97656.750543950,0.495668,0.876296,0.540647,-0.006854,-0.010575,-0.000359,0.001677,0.000629,0.003599
93,97656.755487797,0.495700,0.876349,0.540644,-0.006642,-0.010288,-0.000106,0.001696,0.000636,0.003639
94,97656.760401127,0.495730,0.876401,0.540642,-0.006415,-0.010088,-0.000010,0.001714,0.000643,0.003677
95,97656.765344975,0.495759,0.876452,0.540641,-0.006179,-0.010019,0.000147,0.001732,0.000650,0.003717
96,97656.770288823,0.495788,0.876503,0.540641,-0.006004,-0.009851,0.000415,0.001750,0.000657,0.003756
97,97656.775232670,0.495815,0.876553,0.540642,-0.005661,-0.009844,0.000542,0.001769,0.000663,0.003795
98,97656.780176518,0.495841,0.876603,0.540643,-0.005332,-0.009846,0.000596,0.001787,0.000670,0.003834
99,97656.785120366,0.495865,0.876653,0.540645,-0.004895,-0.009856,0.000677,0.001805,0.000677,0.003873
100,97656.790033696,0.495887,0.876702,0.540648,-0.004332,-0.009793,0.000575,0.001823,0.000684,0.003912
101,97656.794977543,0.495907,0.876752,0.540650,-0.003694,-0.009733,0.000450,0.001842,0.000691,0.003951
102,97656.799921391,0.495923,0.876801,0.540651,-0.003083,-0.009598,0.000163,0.001860,0.000698,0.003991
103,97656.804865239,0.495936,0.876849,0.540651,-0.002516,-0.009428,-0.000199,0.001878,0.000705,0.004030
104,97656.809778569,0.495946,0.876896,0.540649,-0.002048,-0.009151,-0.000455,0.001896,0.000711,0.004069
105,97656.814722416,0.495954,0.876941,0.540646,-0.001601,-0.008587,-0.000834,0.001914,0.000718,0.004108
106,97656.819666264,0.495960,0.876984,0.540641,-0.001494,-0.008002,-0.001225,0.001933,0.000725,0.004147
107,97656.824610112,0.495966,0.877024,0.540635,-0.001494,-0.007329,-0.001355,0.001951,0.000732,0.004186
108,97656.829523442,0.495972,0.877060,0.540628,-0.001602,-0.006571,-0.001593,0.001969,0.000739,0.004225
109,97656.834467289,0.495978,0.877093,0.540619,-0.001836,-0.005906,-0.001703,0.001987,0.000746,0.004264
110,97656.839411137,0.495986,0.877122,0.540610,-0.002109,-0.005240,-0.001651,0.002006,0.000752,0.004303
111,97656.844354985,0.495995,0.877148,0.540602,-0.002494,-0.004534,-0.001480,0.002024,0.000759,0.004343
112,97656.849298832,0.496006,0.877171,0.540594,-0.002892,-0.003940,-0.001350,0.002042,0.000766,0.004382
113,97656.854242680,0.496019,0.877191,0.540587,-0.003254,-0.003549,-0.001108,0.002060,0.000773,0.004421
114,97656.859156010,0.496034,0.877209,0.540581,-0.003554,-0.003398,-0.000841,0.002079,0.000780,0.004460
115,97656.864099858,0.496051,0.877227,0.540576,-0.003762,-0.003470,-0.000648,0.002097,0.000787,0.004499
116,97656.869043705,0.496069,0.877245,0.540573,-0.003916,-0.003528,-0.000489,0.002115,0.000793,0.004538
117,97656.873987553,0.496088,0.877263,0.540570,-0.003866,-0.003726,-0.000388,0.002133,0.000800,0.004577
118,97656.878931401,0.496106,0.877282,0.540567,-0.003958,-0.003926,-0.000349,0.002152,0.000807,0.004617
119,97656.883844731,0.496124,0.877302,0.540565,-0.004008,-0.004347,-0.000327,0.002170,0.000814,0.004656
120,97656.888819096,0.496143,0.877325,0.540563,-0.003841,-0.004792,-0.000349,0.002188,0.000821,0.004695
121,97656.893762944,0.496161,0.877349,0.540561,-0.003577,-0.005284,-0.000392,0.002206,0.000828,0.004734
122,97656.898706791,0.496178,0.877376,0.540558,-0.003413,-0.005893,-0.000454,0.002225,0.000835,0.004773
123,97656.903650639,0.496193,0.877406,0.540555,-0.003233,-0.006253,-0.000562,0.002243,0.000841,0.004812
124,97656.908594487,0.496208,0.877437,0.540552,-0.002925,-0.006556,-0.000464,0.002261,0.000848,0.004852
125,97656.913507817,0.496221,0.877470,0.540549,-0.002793,-0.006942,-0.000284,0.002279,0.000855,0.004891
126,97656.918451664,0.496233,0.877505,0.540547,-0.002723,-0.007168,-0.000157,0.002297,0.000862,0.004930
127,97656.923395512,0.496245,0.877541,0.540545,-0.002813,-0.007273,-0.000042,0.002316,0.000869,0.004969
128,97656.928308842,0.496257,0.877577,0.540545,-0.002892,-0.007313,0.000234,0.002334,0.000876,0.005008
129,97656.933252690,0.496270,0.877614,0.540545,-0.002920,-0.007422,0.000436,0.002352,0.000882,0.005047
130,97656.938166020,0.496283,0.877651,0.540547,-0.002964,-0.007476,0.000710,0.002370,0.000889,0.005086
131,97656.943109868,0.496296,0.877689,0.540549,-0.002986,-0.007602,0.000786,0.002389,0.000896,0.005125
132,97656.948053715,0.496309,0.877727,0.540553,-0.002953,-0.007692,0.000823,0.002407,0.000903,0.005164
133,97656.952997563,0.496322,0.877766,0.540556,-0.002797,-0.007865,0.000824,0.002425,0.000910,0.005203
134,97656.957941411,0.496334,0.877805,0.540559,-0.002653,-0.008121,0.000832,0.002443,0.000917,0.005243
135,97656.962885258,0.496345,0.877846,0.540563,-0.002556,-0.008464,0.000673,0.002462,0.000923,0.005282
136,97656.967798588,0.496356,0.877888,0.540565,-0.002387,-0.008806,0.000342,0.002480,0.000930,0.005321
137,97656.972742436,0.496366,0.877932,0.540566,-0.002311,-0.009203,-0.000068,0.002498,0.000937,0.005360
138,97656.977686284,0.496375,0.877978,0.540565,-0.002243,-0.009480,-0.000507,0.002516,0.000944,0.005399
139,97656.982630131,0.496384,0.878025,0.540562,-0.002264,-0.009794,-0.000850,0.002481,0.000936,0.005465
140,97656.987573979,0.496393,0.878074,0.540557,-0.002223,-0.009916,-0.001178,0.002446,0.000929,0.005532
141,97656.992487309,0.496402,0.878123,0.540551,-0.002227,-0.010066,-0.001623,0.002410,0.000921,0.005598
142,97656.997431157,0.496411,0.878173,0.540542,-0.002247,-0.010112,-0.001902,0.002375,0.000914,0.005664
143,97657.002375004,0.496419,0.878223,0.540532,-0.002335,-0.009996,-0.001918,0.002340,0.000906,0.005731
144,97657.007318852,0.496429,0.878273,0.540521,-0.002515,-0.009591,-0.001656,0.002304,0.000898,0.005797
145,97657.012262700,0.496439,0.878321,0.540512,-0.002688,-0.009344,-0.001280,0.002269,0.000891,0.005863
146,97657.017176030,0.496450,0.878367,0.540505,-0.002861,-0.009043,-0.000880,0.002234,0.000883,0.005929
147,97657.022119877,0.496462,0.878413,0.540500,-0.003067,-0.008760,-0.000634,0.002199,0.000875,0.005996
148,97657.027063725,0.496475,0.878456,0.540496,-0.003134,-0.008609,-0.000476,0.002163,0.000868,0.006062
149,97657.031977055,0.496489,0.878499,0.540493,-0.003099,-0.008420,-0.000327,0.002128,0.000860,0.006128
150,97657.036951420,0.496502,0.878542,0.540491,-0.002989,-0.008390,-0.000255,0.002093,0.000853,0.006195
151,97657.041864750,0.496515,0.878584,0.540489,-0.002884,-0.008514,-0.000403,0.002058,0.000845,0.006261
152,97657.046808598,0.496528,0.878626,0.540486,-0.002846,-0.008784,-0.000638,0.002022,0.000837,0.006327
153,97657.051752446,0.496540,0.878670,0.540482,-0.002797,-0.009097,-0.000849,0.001987,0.000830,0.006394
154,97657.056696293,0.496551,0.878716,0.540477,-0.002809,-0.009673,-0.001120,0.001952,0.000822,0.006460
155,97657.061640141,0.496563,0.878764,0.540471,-0.002806,-0.010339,-0.001441,0.001916,0.000815,0.006526
156,97657.066553471,0.496575,0.878815,0.540463,-0.002908,-0.011001,-0.001698,0.001881,0.000807,0.006592
157,97657.071497319,0.496586,0.878870,0.540454,-0.003117,-0.011538,-0.001850,0.001846,0.000799,0.006659
158,97657.076441166,0.496599,0.878928,0.540444,-0.003419,-0.012072,-0.002047,0.001810,0.000792,0.006725
159,97657.081385014,0.496613,0.878988,0.540433,-0.003871,-0.012598,-0.002140,0.001775,0.000784,0.006791
160,97657.086328862,0.496629,0.879051,0.540421,-0.004245,-0.013192,-0.002076,0.001740,0.000776,0.006858
161,97657.091242192,0.496647,0.879116,0.540410,-0.004585,-0.013643,-0.001886,0.001705,0.000769,0.006924
162,97657.096186039,0.496667,0.879185,0.540399,-0.004897,-0.014121,-0.001689,0.001669,0.000761,0.006990
163,97657.101129887,0.496688,0.879255,0.540390,-0.005249,-0.014562,-0.001454,0.001634,0.000754,0.007056
164,97657.106073735,0.496710,0.879328,0.540381,-0.005662,-0.014912,-0.001235,0.001599,0.000746,0.007123
165,97657.111017582,0.496735,0.879403,0.540374,-0.006157,-0.015211,-0.001074,0.001563,0.000738,0.007189
166,97657.115930912,0.496762,0.879479,0.540367,-0.006502,-0.015436,-0.000958,0.001528,0.000731,0.007255
167,97657.120874760,0.496791,0.879557,0.540361,-0.006833,-0.015598,-0.000805,0.001493,0.000723,0.007322
168,97657.125818608,0.496821,0.879635,0.540356,-0.007225,-0.015610,-0.000582,0.001458,0.000716,0.007388
169,97657.130731938,0.496853,0.879713,0.540351,-0.007517,-0.015624,-0.000233,0.001422,0.000708,0.007454
170,97657.135706303,0.496887,0.879792,0.540349,-0.007707,-0.015754,0.000001,0.001387,0.000700,0.007521
171,97657.140680668,0.496922,0.879872,0.540347,-0.007936,-0.015793,0.000392,0.001351,0.000693,0.007587
172,97657.145593998,0.496957,0.879952,0.540348,-0.008111,-0.015849,0.000780,0.001316,0.000685,0.007653
173,97657.150507328,0.496994,0.880031,0.540350,-0.008318,-0.016026,0.001145,0.001281,0.000678,0.007719
174,97657.155451176,0.497031,0.880112,0.540354,-0.008437,-0.016368,0.001501,0.001246,0.000670,0.007786
175,97657.160395024,0.497070,0.880195,0.540360,-0.008613,-0.016693,0.001757,0.001210,0.000662,0.007852
176,97657.165338871,0.497109,0.880279,0.540367,-0.008612,-0.017054,0.002041,0.001175,0.000655,0.007919
177,97657.170252202,0.497147,0.880365,0.540375,-0.008549,-0.017450,0.002106,0.001140,0.000647,0.007985
178,97657.175196049,0.497186,0.880453,0.540384,-0.008480,-0.017965,0.001974,0.001105,0.000640,0.008051
179,97657.180170414,0.497224,0.880545,0.540392,-0.008534,-0.018313,0.001881,0.001069,0.000632,0.008118
180,97657.185083745,0.497262,0.880636,0.540400,-0.008398,-0.018767,0.001675,0.001034,0.000624,0.008184
181,97657.190027592,0.497300,0.880731,0.540406,-0.008312,-0.019270,0.001256,0.000999,0.000617,0.008250
182,97657.194940922,0.497337,0.880827,0.540411,-0.008233,-0.019740,0.000794,0.000964,0.000609,0.008316
183,97657.199884770,0.497373,0.880927,0.540413,-0.008159,-0.020021,0.000424,0.000928,0.000601,0.008382
184,97657.204828618,0.497409,0.881027,0.540413,-0.008231,-0.020126,0.000056,0.000893,0.000594,0.008449
185,97657.209772465,0.497445,0.881129,0.540411,-0.008282,-0.020150,-0.000342,0.000858,0.000586,0.008515
186,97657.214716313,0.497482,0.881230,0.540408,-0.008280,-0.019931,-0.000759,0.000822,0.000579,0.008581
187,97657.219629643,0.497518,0.881329,0.540402,-0.008326,-0.019558,-0.001031,0.000787,0.000571,0.008647
188,97657.224573491,0.497555,0.881428,0.540396,-0.008485,-0.018900,-0.001330,0.000752,0.000563,0.008714
189,97657.229517338,0.497593,0.881523,0.540387,-0.008695,-0.018160,-0.001360,0.000716,0.000556,0.008780
190,97657.234461186,0.497632,0.881614,0.540379,-0.008942,-0.017380,-0.001211,0.000681,0.000548,0.008847
191,97657.239405034,0.497672,0.881702,0.540371,-0.009251,-0.016490,-0.001096,0.000646,0.000541,0.008913
192,97657.244348881,0.497714,0.881785,0.540364,-0.009635,-0.015503,-0.001089,0.000610,0.000533,0.008979
193,97657.249292729,0.497758,0.881864,0.540357,-0.010206,-0.014758,-0.001006,0.000575,0.000525,0.009046
194,97657.254236577,0.497805,0.881939,0.540350,-0.010730,-0.014096,-0.000838,0.000540,0.000518,0.009112
195,97657.259149907,0.497855,0.882010,0.540345,-0.011200,-0.013622,-0.000770,0.000505,0.000510,0.009178
196,97657.264093754,0.497907,0.882080,0.540339,-0.011645,-0.013352,-0.000713,0.000469,0.000502,0.009244
197,97657.269007084,0.497961,0.882148,0.540334,-0.011915,-0.013268,-0.000548,0.000434,0.000495,0.009310
198,97657.273950932,0.498017,0.882216,0.540330,-0.012214,-0.013243,-0.000467,0.000399,0.000487,0.009377
199,97657.278894780,0.498075,0.882284,0.540326,-0.012498,-0.013309,-0.000354,0.000364,0.000480,0.009443
200,97657.283838627,0.498133,0.882353,0.540322,-0.012679,-0.013583,-0.000108,0.000328,0.000472,0.009510
201,97657.288782475,0.498193,0.882422,0.540320,-0.012707,-0.013986,0.000015,0.000363,0.000503,0.009181
202,97657.293695805,0.498252,0.882494,0.540318,-0.012740,-0.014500,0.000135,0.000398,0.000533,0.008854
203,97657.298639653,0.498312,0.882568,0.540317,-0.012566,-0.015188,0.000192,0.000433,0.000564,0.008526
204,97657.303583500,0.498371,0.882646,0.540316,-0.012323,-0.015780,0.000193,0.000468,0.000594,0.008197
205,97657.308527348,0.498428,0.882727,0.540315,-0.012004,-0.016399,-0.000018,0.000503,0.000625,0.007869
206,97657.313471196,0.498484,0.882810,0.540313,-0.011626,-0.016982,-0.000335,0.000538,0.000655,0.007540
207,97657.318415043,0.498538,0.882896,0.540310,-0.011210,-0.017309,-0.000470,0.000574,0.000686,0.007212
208,97657.323328373,0.498589,0.882984,0.540305,-0.010642,-0.017506,-0.000635,0.000608,0.000716,0.006885
209,97657.328241703,0.498637,0.883072,0.540301,-0.010241,-0.017480,-0.000688,0.000643,0.000747,0.006559
210,97657.333216069,0.498684,0.883161,0.540295,-0.009825,-0.017394,-0.000629,0.000679,0.000777,0.006228
211,97657.338190434,0.498729,0.883250,0.540290,-0.009447,-0.016947,-0.000618,0.000714,0.000808,0.005897
212,97657.343134282,0.498772,0.883335,0.540286,-0.009103,-0.016399,-0.000436,0.000749,0.000839,0.005569
213,97657.348078129,0.498814,0.883418,0.540282,-0.008931,-0.015842,-0.000346,0.000784,0.000869,0.005240
214,97657.352991459,0.498854,0.883498,0.540278,-0.008784,-0.015260,-0.000218,0.000819,0.000900,0.004914
215,97657.357935307,0.498894,0.883575,0.540276,-0.008766,-0.014846,-0.000115,0.000854,0.000930,0.004585
216,97657.362879155,0.498934,0.883650,0.540274,-0.008850,-0.014524,-0.000055,0.000889,0.000961,0.004257
217,97657.367823002,0.498975,0.883724,0.540272,-0.008977,-0.014289,0.000097,0.000924,0.000992,0.003928
218,97657.372736332,0.499016,0.883796,0.540271,-0.009102,-0.014079,0.000079,0.000959,0.001022,0.003601
219,97657.377680180,0.499058,0.883868,0.540270,-0.009237,-0.014088,0.000015,0.000994,0.001053,0.003273
220,97657.382624028,0.499100,0.883939,0.540268,-0.009439,-0.014047,0.000103,0.001029,0.001083,0.002944
221,97657.387567875,0.499144,0.884011,0.540267,-0.009630,-0.014165,0.000141,0.001064,0.001114,0.002616
222,97657.392511723,0.499188,0.884083,0.540266,-0.009747,-0.014284,0.000184,0.001099,0.001144,0.002287
223,97657.397455571,0.499233,0.884155,0.540266,-0.009775,-0.014175,0.000245,0.001134,0.001175,0.001959
224,97657.402368901,0.499278,0.884227,0.540265,-0.009955,-0.013877,0.000312,0.001169,0.001205,0.001632
225,97657.407312748,0.499324,0.884298,0.540265,-0.009986,-0.013695,0.000280,0.001204,0.001236,0.001304
226,97657.412256596,0.499371,0.884367,0.540265,-0.010034,-0.013549,0.000193,0.001239,0.001266,0.000975
227,97657.417200444,0.499417,0.884437,0.540265,-0.009981,-0.013183,0.000014,0.001274,0.001297,0.000646
228,97657.422113774,0.499463,0.884503,0.540263,-0.010096,-0.012922,-0.000163,0.001309,0.001327,0.000320
229,97657.427057621,0.499510,0.884569,0.540261,-0.010219,-0.012787,-0.000217,0.001344,0.001358,-0.000009
230,97657.432001469,0.499558,0.884635,0.540258,-0.010232,-0.012638,-0.000185,0.001379,0.001389,-0.000337
231,97657.436945317,0.499606,0.884699,0.540256,-0.010231,-0.012476,-0.000077,0.001414,0.001419,-0.000666
232,97657.441889164,0.499654,0.884763,0.540254,-0.010142,-0.012250,0.000024,0.001449,0.001450,-0.000994
233,97657.446833012,0.499701,0.884826,0.540252,-0.009989,-0.011952,0.000260,0.001485,0.001480,-0.001323
234,97657.451776860,0.499748,0.884887,0.540252,-0.009800,-0.011652,0.000408,0.001520,0.001511,-0.001651
235,97657.456690190,0.499794,0.884946,0.540253,-0.009569,-0.011629,0.000489,0.001554,0.001541,-0.001978
236,97657.461634037,0.499838,0.885006,0.540254,-0.009381,-0.011684,0.000492,0.001590,0.001572,-0.002307
237,97657.466577885,0.499882,0.885066,0.540255,-0.009246,-0.011717,0.000540,0.001625,0.001602,-0.002635
238,97657.471521733,0.499925,0.885126,0.540256,-0.008948,-0.011931,0.000660,0.001660,0.001633,-0.002964
239,97657.476435063,0.499967,0.885186,0.540258,-0.008555,-0.012173,0.000800,0.001695,0.001663,-0.003290
240,97657.481378911,0.500006,0.885248,0.540261,-0.008154,-0.012372,0.000957,0.001730,0.001694,-0.003619
241,97657.486322758,0.500044,0.885311,0.540264,-0.007687,-0.012717,0.000994,0.001765,0.001725,-0.003947
242,97657.491266606,0.500079,0.885376,0.540268,-0.007286,-0.012801,0.001149,0.001800,0.001755,-0.004276
243,97657.496210453,0.500113,0.885440,0.540272,-0.006723,-0.012882,0.001418,0.001835,0.001786,-0.004604
244,97657.501123784,0.500143,0.885505,0.540278,-0.006039,-0.013017,0.001538,0.001870,0.001816,-0.004931
245,97657.506067631,0.500170,0.885571,0.540284,-0.005319,-0.013032,0.001598,0.001905,0.001847,-0.005260
246,97657.511011479,0.500193,0.885637,0.540291,-0.004642,-0.013023,0.001534,0.001940,0.001877,-0.005588
247,97657.515955327,0.500214,0.885702,0.540297,-0.004085,-0.012891,0.001381,0.001975,0.001908,-0.005917
248,97657.520868657,0.500231,0.885766,0.540303,-0.003615,-0.012558,0.001295,0.002010,0.001938,-0.006243
249,97657.525812504,0.500246,0.885829,0.540308,-0.003219,-0.012097,0.001190,0.002045,0.001969,-0.006572
250,97657.530756352,0.500260,0.885890,0.540313,-0.003000,-0.011589,0.000928,0.002010,0.001963,-0.006509
251,97657.535700200,0.500272,0.885948,0.540317,-0.003006,-0.010854,0.000499,0.001976,0.001956,-0.006447
252,97657.540644047,0.500285,0.886002,0.540319,-0.002962,-0.010099,0.000223,0.001941,0.001950,-0.006384
253,97657.545587895,0.500297,0.886052,0.540319,-0.002925,-0.009321,-0.000038,0.001906,0.001944,-0.006322
254,97657.550531743,0.500309,0.886099,0.540318,-0.002930,-0.008605,-0.000180,0.001872,0.001937,-0.006259
255,97657.555445073,0.500322,0.886142,0.540316,-0.002882,-0.007973,-0.000249,0.001837,0.001931,-0.006197
256,97657.560388920,0.500334,0.886182,0.540314,-0.002944,-0.007385,-0.000289,0.001803,0.001925,-0.006134
257,97657.565332768,0.500347,0.886219,0.540312,-0.003009,-0.006870,-0.000246,0.001768,0.001918,-0.006072
258,97657.570276616,0.500361,0.886254,0.540310,-0.002960,-0.006535,-0.000341,0.001733,0.001912,-0.006009
259,97657.575220463,0.500374,0.886286,0.540308,-0.002877,-0.006494,-0.000478,0.001699,0.001906,-0.005947
260,97657.580133793,0.500387,0.886319,0.540305,-0.002631,-0.006530,-0.000739,0.001664,0.001900,-0.005884
261,97657.585077641,0.500398,0.886352,0.540301,-0.002475,-0.006618,-0.000907,0.001630,0.001893,-0.005822
262,97657.590021489,0.500409,0.886385,0.540296,-0.002146,-0.006887,-0.000953,0.001595,0.001887,-0.005759
263,97657.594965336,0.500418,0.886419,0.540291,-0.001814,-0.007074,-0.001126,0.001561,0.001881,-0.005697
264,97657.599909184,0.500425,0.886455,0.540284,-0.001480,-0.007120,-0.000991,0.001526,0.001874,-0.005634
265,97657.604822514,0.500431,0.886490,0.540279,-0.000883,-0.007394,-0.000637,0.001492,0.001868,-0.005572
266,97657.609766362,0.500433,0.886526,0.540275,-0.001230,-0.007446,-0.000101,0.001457,0.001862,-0.005509
267,97657.614710209,0.500438,0.886563,0.540274,-0.001601,-0.007085,-0.000035,0.001422,0.001856,-0.005447
268,97657.619654057,0.500444,0.886599,0.540274,-0.001416,-0.006843,-0.000180,0.001388,0.001849,-0.005384
269,97657.624597905,0.500450,0.886633,0.540272,-0.001782,-0.005112,0.000125,0.001353,0.001843,-0.005322
270,97657.629511235,0.500457,0.886658,0.540272,-0.001813,-0.003639,0.001097,0.001319,0.001837,-0.005260
271,97657.634455082,0.500466,0.886677,0.540277,-0.001545,-0.004108,0.001936,0.001284,0.001830,-0.005197
272,97657.639398930,0.500473,0.886697,0.540287,-0.001308,-0.005151,0.001999,0.001250,0.001824,-0.005134
273,97657.644342778,0.500478,0.886723,0.540296,-0.001230,-0.005744,0.001757,0.001215,0.001818,-0.005072
274,97657.649286625,0.500483,0.886752,0.540304,-0.001420,-0.006010,0.001641,0.001180,0.001812,-0.005009
275,97657.654230473,0.500489,0.886782,0.540312,-0.001799,-0.006275,0.001643,0.001146,0.001805,-0.004947
276,97657.659143803,0.500496,0.886813,0.540320,-0.002019,-0.006438,0.001699,0.001111,0.001799,-0.004885
277,97657.664087651,0.500505,0.886846,0.540328,-0.002065,-0.006921,0.001719,0.001077,0.001793,-0.004822
278,97657.669031498,0.500514,0.886881,0.540335,-0.002139,-0.007353,0.001647,0.001088,0.001807,-0.004771
279,97657.673975346,0.500523,0.886917,0.540343,-0.001969,-0.007508,0.001420,0.001099,0.001822,-0.004720
280,97657.678888676,0.500531,0.886955,0.540349,-0.001836,-0.007466,0.001293,0.001109,0.001836,-0.004669
281,97657.683832524,0.500539,0.886992,0.540355,-0.001486,-0.007229,0.001176,0.001120,0.001850,-0.004617
282,97657.688776371,0.500545,0.887028,0.540360,-0.001118,-0.006788,0.001204,0.001131,0.001865,-0.004566
283,97657.693720219,0.500549,0.887062,0.540366,-0.000959,-0.006138,0.000955,0.001142,0.001879,-0.004515
284,97657.698664067,0.500552,0.887093,0.540370,-0.001141,-0.005446,0.000894,0.001153,0.001894,-0.004464
285,97657.703607914,0.500557,0.887120,0.540374,-0.001419,-0.004835,0.000826,0.001164,0.001908,-0.004412
286,97657.708521245,0.500563,0.887144,0.540378,-0.001673,-0.004294,0.000585,0.001175,0.001922,-0.004362
287,97657.713465092,0.500570,0.887166,0.540380,-0.001717,-0.003902,0.000362,0.001186,0.001937,-0.004310
288,97657.718408940,0.500578,0.887185,0.540382,-0.001759,-0.003505,0.000102,0.001197,0.001951,-0.004259
289,97657.723352787,0.500586,0.887203,0.540382,-0.001876,-0.003031,-0.000175,0.001208,0.001966,-0.004208
290,97657.728266118,0.500594,0.887218,0.540381,-0.001918,-0.002536,-0.000262,0.001219,0.001980,-0.004157
291,97657.733209965,0.500603,0.887231,0.540379,-0.002048,-0.002053,-0.000233,0.001230,0.001994,-0.004106
292,97657.738153813,0.500613,0.887242,0.540378,-0.002243,-0.001678,-0.000061,0.001241,0.002009,-0.004054
293,97657.743097661,0.500623,0.887250,0.540377,-0.002541,-0.001369,0.000112,0.001252,0.002023,-0.004003
294,97657.748041508,0.500636,0.887258,0.540377,-0.002923,-0.001243,0.000386,0.001263,0.002038,-0.003952
295,97657.752985356,0.500650,0.887265,0.540379,-0.003193,-0.001281,0.000658,0.001274,0.002052,-0.003901
296,97657.757898686,0.500665,0.887272,0.540382,-0.003511,-0.001302,0.000993,0.001285,0.002067,-0.003850
297,97657.762842534,0.500682,0.887279,0.540387,-0.003816,-0.001432,0.001221,0.001296,0.002081,-0.003798
298,97657.767786381,0.500701,0.887287,0.540392,-0.004085,-0.001635,0.001347,0.001306,0.002095,-0.003747
299,97657.772730229,0.500721,0.887296,0.540398,-0.004336,-0.001756,0.001676,0.001317,0.002110,-0.003696
300,97657.777674077,0.500742,0.887306,0.540406,-0.004534,-0.001735,0.001932,0.001328,0.002123,-0.003645
301,97657.782617924,0.500764,0.887315,0.540415,-0.004585,-0.001791,0.002111,0.001339,0.002136,-0.003594
302,97657.787561772,0.500787,0.887325,0.540425,-0.004651,-0.001766,0.002265,0.001350,0.002149,-0.003543
303,97657.792505620,0.500809,0.887335,0.540436,-0.004746,-0.001754,0.002424,0.001361,0.002161,-0.003492
304,97657.797418950,0.500832,0.887345,0.540448,-0.004685,-0.001968,0.002572,0.001372,0.002174,-0.003442
305,97657.802362797,0.500855,0.887356,0.540460,-0.004544,-0.001956,0.002613,0.001383,0.002187,-0.003391
306,97657.807306645,0.500878,0.887367,0.540472,-0.004231,-0.001860,0.002461,0.001394,0.002200,-0.003340
307,97657.812250493,0.500898,0.887377,0.540484,-0.003787,-0.002388,0.002516,0.001404,0.002213,-0.003289
308,97657.817194340,0.500917,0.887390,0.540496,-0.004547,-0.002336,0.002516,0.001415,0.002226,-0.003238
309,97657.822138188,0.500939,0.887402,0.540508,-0.004303,-0.002237,0.001948,0.001426,0.002239,-0.003187
310,97657.827051518,0.500960,0.887414,0.540517,-0.004173,-0.000553,0.001222,0.001437,0.002252,-0.003136
311,97657.831995366,0.500980,0.887418,0.540523,-0.004094,0.002334,0.001315,0.001448,0.002265,-0.003086
312,97657.836939213,0.501001,0.887407,0.540529,-0.003771,0.002708,0.002397,0.001459,0.002277,-0.003035
313,97657.841883061,0.501020,0.887395,0.540541,-0.003595,0.001978,0.002765,0.001470,0.002290,-0.002984
314,97657.846796391,0.501039,0.887386,0.540554,-0.003347,0.001988,0.002239,0.001481,0.002303,-0.002933
315,97657.851740239,0.501056,0.887377,0.540565,-0.003259,0.002044,0.001796,0.001491,0.002316,-0.002882
316,97657.856684086,0.501072,0.887368,0.540574,-0.003470,0.001980,0.001655,0.001502,0.002329,-0.002831
317,97657.861597416,0.501090,0.887359,0.540582,-0.003666,0.001985,0.001797,0.001513,0.002342,-0.002781
318,97657.866541264,0.501109,0.887350,0.540591,-0.003788,0.001708,0.001888,0.001524,0.002355,-0.002730
319,97657.871485112,0.501128,0.887343,0.540600,-0.003909,0.001439,0.001593,0.001535,0.002368,-0.002679
320,97657.876428959,0.501148,0.887337,0.540608,-0.004119,0.001050,0.001370,0.001546,0.002381,-0.002628
321,97657.881372807,0.501168,0.887332,0.540614,-0.004453,0.000678,0.001284,0.001557,0.002393,-0.002577
322,97657.886316655,0.501190,0.887330,0.540620,-0.004855,0.000451,0.001343,0.001568,0.002406,-0.002526
323,97657.891229985,0.501214,0.887329,0.540626,-0.005141,0.000545,0.001683,0.001578,0.002419,-0.002475
324,97657.896173832,0.501240,0.887328,0.540634,-0.005462,0.000768,0.001976,0.001589,0.002432,-0.002424
325,97657.901117680,0.501267,0.887325,0.540644,-0.005833,0.001015,0.002161,0.001600,0.002445,-0.002374
326,97657.906061528,0.501297,0.887321,0.540654,-0.006075,0.001213,0.002319,0.001611,0.002458,-0.002323
327,97657.911005375,0.501327,0.887317,0.540665,-0.006116,0.001013,0.002424,0.001622,0.002471,-0.002272
328,97657.915918705,0.501357,0.887313,0.540677,-0.006003,0.000737,0.002390,0.001633,0.002484,-0.002221
329,97657.920862553,0.501387,0.887311,0.540688,-0.005845,0.000310,0.002340,0.001644,0.002497,-0.002170
330,97657.925806401,0.501416,0.887311,0.540699,-0.005610,-0.000148,0.002241,0.001655,0.002509,-0.002119
331,97657.930750248,0.501444,0.887313,0.540710,-0.005533,-0.000485,0.002164,0.001666,0.002522,-0.002068
332,97657.935694096,0.501472,0.887317,0.540720,-0.005553,-0.000365,0.002298,0.001676,0.002535,-0.002017
333,97657.940637944,0.501499,0.887320,0.540731,-0.005426,-0.000054,0.002415,0.001687,0.002548,-0.001966
334,97657.945551274,0.501526,0.887322,0.540743,-0.005059,0.000302,0.002457,0.001698,0.002561,-0.001916
335,97657.950495121,0.501551,0.887321,0.540754,-0.004619,0.000698,0.002372,0.001709,0.002574,-0.001865
336,97657.955438969,0.501574,0.887319,0.540766,-0.004297,0.000954,0.002283,0.001720,0.002587,-0.001814
337,97657.960382817,0.501596,0.887315,0.540777,-0.004192,0.001047,0.002033,0.001731,0.002600,-0.001763
338,97657.965326664,0.501617,0.887311,0.540787,-0.004203,0.000930,0.001678,0.001742,0.002613,-0.001712
339,97657.970239995,0.501638,0.887308,0.540795,-0.004188,0.000756,0.001373,0.001752,0.002625,-0.001661
340,97657.975183842,0.501659,0.887305,0.540801,-0.004144,0.000505,0.001192,0.001763,0.002638,-0.001611
341,97657.980127690,0.501680,0.887304,0.540807,-0.004183,0.000012,0.000855,0.001774,0.002651,-0.001560
342,97657.985071537,0.501700,0.887304,0.540811,-0.004296,-0.000439,0.000625,0.001785,0.002664,-0.001509
343,97657.990015385,0.501721,0.887308,0.540813,-0.004466,-0.000738,0.000502,0.001796,0.002677,-0.001458
344,97657.994928715,0.501743,0.887312,0.540815,-0.004750,-0.000878,0.000515,0.001807,0.002690,-0.001407
345,97657.999872563,0.501767,0.887318,0.540818,-0.005140,-0.000948,0.000595,0.001818,0.002703,-0.001356
346,97658.004816411,0.501792,0.887323,0.540820,-0.005540,-0.000923,0.000791,0.001829,0.002716,-0.001305
347,97658.009760258,0.501819,0.887329,0.540824,-0.005964,-0.000784,0.001054,0.001840,0.002729,-0.001254
348,97658.014704106,0.501848,0.887334,0.540828,-0.006454,-0.000519,0.001264,0.001850,0.002742,-0.001203
349,97658.019647953,0.501880,0.887338,0.540834,-0.006918,-0.000563,0.001345,0.001861,0.002754,-0.001153
350,97658.024561284,0.501914,0.887343,0.540840,-0.007323,-0.000575,0.001414,0.001854,0.002761,-0.001081
351,97658.029505131,0.501950,0.887347,0.540847,-0.007689,-0.000537,0.001422,0.001846,0.002768,-0.001009
352,97658.034448979,0.501988,0.887352,0.540853,-0.007934,-0.000637,0.001486,0.001839,0.002775,-0.000937
353,97658.039362309,0.502027,0.887357,0.540860,-0.008152,-0.000793,0.001488,0.001831,0.002782,-0.000866
354,97658.044306157,0.502067,0.887362,0.540866,-0.008473,-0.000942,0.001433,0.001823,0.002789,-0.000794
355,97658.049250004,0.502109,0.887369,0.540873,-0.008714,-0.001023,0.001390,0.001816,0.002796,-0.000722
356,97658.054193852,0.502152,0.887376,0.540879,-0.008783,-0.001100,0.001482,0.001808,0.002803,-0.000650
357,97658.059137700,0.502195,0.887383,0.540885,-0.008869,-0.001071,0.001492,0.001801,0.002810,-0.000579
358,97658.064081547,0.502239,0.887391,0.540892,-0.009023,-0.001011,0.001529,0.001793,0.002817,-0.000507
359,97658.069025395,0.502283,0.887398,0.540899,-0.009135,-0.000974,0.001626,0.001785,0.002824,-0.000435
360,97658.078882573,0.502373,0.887412,0.540914,-0.008808,-0.000742,0.001852,0.001770,0.002837,-0.000292
361,97658.083826420,0.502417,0.887417,0.540922,-0.008570,-0.000716,0.001923,0.001763,0.002844,-0.000220
362,97658.088770268,0.502459,0.887423,0.540931,-0.008110,-0.000693,0.002010,0.001755,0.002851,-0.000148
363,97658.093683598,0.502499,0.887428,0.540940,-0.007612,-0.000746,0.001954,0.001747,0.002858,-0.000077
364,97658.098627446,0.502536,0.887433,0.540949,-0.007253,-0.000633,0.001861,0.001740,0.002865,-0.000005
365,97658.103571293,0.502572,0.887438,0.540958,-0.006981,-0.000802,0.001826,0.001732,0.002872,0.000067
366,97658.108515141,0.502607,0.887444,0.540966,-0.006590,-0.000814,0.001785,0.001725,0.002879,0.000139
367,97658.113458989,0.502639,0.887449,0.540974,-0.006237,-0.000595,0.001715,0.001717,0.002886,0.000211
368,97658.118402836,0.502670,0.887454,0.540982,-0.005896,-0.000342,0.001757,0.001709,0.002893,0.000283
369,97658.123316166,0.502699,0.887457,0.540991,-0.005561,-0.000072,0.001636,0.001702,0.002900,0.000354
370,97658.128260014,0.502726,0.887459,0.540998,-0.005457,0.000095,0.001652,0.001694,0.002907,0.000426
371,97658.133234379,0.502754,0.887459,0.541006,-0.005464,0.000189,0.001819,0.001686,0.002913,0.000498
372,97658.138178227,0.502781,0.887460,0.541015,-0.005473,0.000383,0.002011,0.001679,0.002920,0.000570
373,97658.143122075,0.502808,0.887459,0.541024,-0.005485,0.000480,0.002142,0.001671,0.002927,0.000642
374,97658.148035405,0.502835,0.887458,0.541034,-0.005555,0.000448,0.002197,0.001664,0.002934,0.000713
375,97658.152979252,0.502863,0.887457,0.541045,-0.005765,0.000398,0.002248,0.001656,0.002941,0.000785
376,97658.157923100,0.502892,0.887457,0.541056,-0.006061,0.000284,0.002371,0.001648,0.002948,0.000857
377,97658.162836430,0.502922,0.887457,0.541067,-0.006327,0.000138,0.002485,0.001641,0.002955,0.000928
378,97658.167749760,0.502953,0.887458,0.541079,-0.006577,0.000185,0.002529,0.001633,0.002962,0.001000
379,97658.172663090,0.502985,0.887458,0.541090,-0.006814,0.000174,0.002347,0.001626,0.002969,0.001071
380,97658.177606938,0.503019,0.887459,0.541102,-0.007056,0.000219,0.001961,0.001618,0.002976,0.001143
381,97658.182550786,0.503054,0.887460,0.541111,-0.007233,0.000277,0.001644,0.001611,0.002983,0.001215
382,97658.187494633,0.503090,0.887460,0.541118,-0.007470,0.000383,0.001559,0.001603,0.002989,0.001287
383,97658.192407963,0.503127,0.887460,0.541125,-0.007589,0.000356,0.001420,0.001595,0.002996,0.001358
384,97658.197351811,0.503165,0.887460,0.541132,-0.007766,0.000500,0.001549,0.001588,0.003003,0.001430
385,97658.202295659,0.503203,0.887459,0.541139,-0.007875,0.000690,0.001824,0.001580,0.003010,0.001502
386,97658.207239506,0.503242,0.887457,0.541148,-0.007908,0.000790,0.001976,0.001573,0.003017,0.001574
387,97658.212183354,0.503282,0.887455,0.541157,-0.008042,0.000758,0.002172,0.001565,0.003024,0.001646
388,97658.217127202,0.503322,0.887453,0.541167,-0.008069,0.000693,0.002397,0.001557,0.003031,0.001718
389,97658.222071049,0.503362,0.887452,0.541178,-0.008090,0.000491,0.002582,0.001550,0.003038,0.001789
390,97658.226984379,0.503402,0.887451,0.541190,-0.008110,0.000176,0.002812,0.001542,0.003045,0.001861
391,97658.231958745,0.503442,0.887452,0.541204,-0.008134,-0.000086,0.002713,0.001535,0.003052,0.001933
392,97658.236902592,0.503483,0.887455,0.541217,-0.008001,-0.000346,0.002706,0.001527,0.003059,0.002005
393,97658.241846440,0.503522,0.887458,0.541229,-0.007893,-0.000610,0.002606,0.001519,0.003066,0.002077
394,97658.246790287,0.503562,0.887463,0.541242,-0.007879,-0.000795,0.002535,0.001512,0.003073,0.002149
395,97658.251734135,0.503600,0.887469,0.541253,-0.007796,-0.001005,0.002412,0.001504,0.003079,0.002220
396,97658.256677983,0.503639,0.887476,0.541265,-0.007669,-0.001185,0.002506,0.001496,0.003086,0.002292
397,97658.261621830,0.503677,0.887484,0.541276,-0.007613,-0.001306,0.002605,0.001489,0.003093,0.002364
398,97658.266565678,0.503714,0.887492,0.541289,-0.007488,-0.001389,0.002595,0.001481,0.003100,0.002436
399,97658.271509526,0.503751,0.887501,0.541301,-0.007417,-0.001550,0.002610,0.001474,0.003107,0.002508
400,97658.276422856,0.503787,0.887510,0.541313,-0.007402,-0.001772,0.002643,0.001457,0.003108,0.002593
401,97658.281366703,0.503824,0.887520,0.541325,-0.007433,-0.001836,0.002657,0.001441,0.003108,0.002679
402,97658.286310551,0.503860,0.887531,0.541338,-0.007431,-0.001905,0.002616,0.001425,0.003109,0.002764
403,97658.291254399,0.503897,0.887542,0.541350,-0.007560,-0.002076,0.002505,0.001408,0.003110,0.002850
404,97658.296198246,0.503934,0.887554,0.541362,-0.007635,-0.002272,0.002469,0.001392,0.003111,0.002936
405,97658.301142094,0.503971,0.887567,0.541373,-0.007783,-0.002468,0.002436,0.001376,0.003111,0.003021
406,97658.306055424,0.504009,0.887581,0.541385,-0.008020,-0.002621,0.002500,0.001359,0.003112,0.003107
407,97658.310999272,0.504048,0.887596,0.541396,-0.008089,-0.002723,0.002402,0.001343,0.003113,0.003192
408,97658.315943120,0.504088,0.887612,0.541407,-0.008141,-0.002715,0.002504,0.001327,0.003113,0.003278
409,97658.320886967,0.504127,0.887627,0.541419,-0.008272,-0.002807,0.002725,0.001310,0.003114,0.003364
410,97658.325830815,0.504168,0.887643,0.541432,-0.008337,-0.002902,0.002772,0.001294,0.003115,0.003449
411,97658.330744145,0.504208,0.887659,0.541445,-0.008415,-0.002981,0.002930,0.001278,0.003115,0.003535
412,97658.335687993,0.504249,0.887676,0.541458,-0.008477,-0.003124,0.003124,0.001261,0.003116,0.003620
413,97658.340631840,0.504291,0.887693,0.541473,-0.008658,-0.003295,0.003170,0.001245,0.003117,0.003706
414,97658.345575688,0.504333,0.887712,0.541488,-0.008858,-0.003525,0.003242,0.001229,0.003117,0.003792
415,97658.350519536,0.504376,0.887731,0.541503,-0.008970,-0.003814,0.003325,0.001212,0.003118,0.003877
416,97658.355432866,0.504420,0.887752,0.541518,-0.009110,-0.004099,0.003260,0.001196,0.003119,0.003962
417,97658.360376713,0.504464,0.887774,0.541533,-0.009138,-0.004489,0.003189,0.001232,0.003145,0.004066
418,97658.365320561,0.504509,0.887799,0.541548,-0.008987,-0.004992,0.003032,0.001268,0.003171,0.004170
419,97658.370264409,0.504552,0.887825,0.541562,-0.009069,-0.005523,0.002829,0.001304,0.003198,0.004274
420,97658.375177739,0.504596,0.887855,0.541575,-0.009126,-0.005981,0.002763,0.001339,0.003224,0.004377
421,97658.380121586,0.504640,0.887886,0.541588,-0.009068,-0.006519,0.002639,0.001375,0.003250,0.004481
422,97658.385065434,0.504683,0.887921,0.541600,-0.008876,-0.006922,0.002442,0.001411,0.003276,0.004585
423,97658.390009282,0.504726,0.887957,0.541611,-0.008766,-0.007338,0.002359,0.001447,0.003303,0.004689
424,97658.394953129,0.504767,0.887995,0.541621,-0.008656,-0.007552,0.002480,0.001483,0.003329,0.004792
425,97658.399896977,0.504809,0.888035,0.541632,-0.008561,-0.007696,0.002546,0.001519,0.003355,0.004896
426,97658.404810307,0.504849,0.888074,0.541644,-0.008573,-0.007742,0.002630,0.001555,0.003381,0.004999
427,97658.409754155,0.504890,0.888115,0.541656,-0.008617,-0.007840,0.002784,0.001590,0.003408,0.005103
428,97658.414698002,0.504931,0.888155,0.541668,-0.008679,-0.007804,0.003038,0.001626,0.003434,0.005207
429,97658.419641850,0.504973,0.888196,0.541682,-0.008747,-0.007900,0.003224,0.001662,0.003460,0.005311
430,97658.424585698,0.505014,0.888237,0.541697,-0.008909,-0.008052,0.003371,0.001698,0.003486,0.005415
431,97658.429529545,0.505057,0.888279,0.541713,-0.009251,-0.008238,0.003578,0.001734,0.003513,0.005519
432,97658.434473393,0.505101,0.888322,0.541729,-0.009441,-0.008440,0.003595,0.001770,0.003539,0.005622
433,97658.439386723,0.505146,0.888366,0.541746,-0.009513,-0.008713,0.003657,0.001806,0.003565,0.005726
434,97658.444300053,0.505191,0.888411,0.541762,-0.009669,-0.009081,0.003805,0.001841,0.003591,0.005829
435,97658.449213383,0.505237,0.888458,0.541780,-0.009790,-0.009506,0.003864,0.001877,0.003617,0.005932
436,97658.454126713,0.505283,0.888507,0.541798,-0.009944,-0.009816,0.003812,0.001913,0.003644,0.006035
437,97658.459070561,0.505330,0.888557,0.541815,-0.010122,-0.009994,0.003569,0.001949,0.003670,0.006139
438,97658.464014409,0.505378,0.888609,0.541831,-0.010283,-0.010139,0.003153,0.001985,0.003696,0.006243
439,97658.468958256,0.505427,0.888662,0.541846,-0.010449,-0.010317,0.002751,0.002021,0.003722,0.006347
440,97658.473871586,0.505476,0.888715,0.541858,-0.010750,-0.010328,0.002407,0.002056,0.003749,0.006450
441,97658.478815434,0.505527,0.888768,0.541868,-0.011042,-0.010345,0.002158,0.002092,0.003775,0.006554
442,97658.483759282,0.505580,0.888822,0.541877,-0.011236,-0.010134,0.002153,0.002128,0.003801,0.006658
443,97658.488703129,0.505633,0.888874,0.541887,-0.011444,-0.010157,0.002427,0.002164,0.003827,0.006761
444,97658.493646977,0.505688,0.888927,0.541897,-0.011381,-0.009926,0.002791,0.002200,0.003854,0.006865
445,97658.498590825,0.505742,0.888979,0.541909,-0.011287,-0.009870,0.003031,0.002236,0.003880,0.006969
446,97658.503504155,0.505795,0.889030,0.541923,-0.011101,-0.009920,0.003258,0.002271,0.003906,0.007072
447,97658.508448002,0.505848,0.889082,0.541938,-0.010985,-0.010032,0.003325,0.002307,0.003932,0.007176
448,97658.513391850,0.505900,0.889134,0.541953,-0.010929,-0.010333,0.003298,0.002343,0.003959,0.007280
449,97658.518335698,0.505952,0.889187,0.541968,-0.010760,-0.010721,0.003334,0.002379,0.003985,0.007384
450,97658.523249028,0.506003,0.889242,0.541982,-0.010583,-0.011193,0.003353,0.002424,0.004020,0.007428
451,97658.528192875,0.506053,0.889300,0.541998,-0.010444,-0.011471,0.003341,0.002469,0.004054,0.007472
452,97658.533136723,0.506103,0.889359,0.542013,-0.010161,-0.011583,0.003347,0.002514,0.004089,0.007517
453,97658.538111088,0.506151,0.889419,0.542028,-0.009690,-0.011574,0.003149,0.002560,0.004124,0.007561
454,97658.543024418,0.506196,0.889478,0.542042,-0.009335,-0.011585,0.003172,0.002605,0.004159,0.007606
455,97658.547968266,0.506240,0.889538,0.542056,-0.009021,-0.011408,0.003210,0.002650,0.004194,0.007650
456,97658.552912114,0.506282,0.889596,0.542071,-0.008910,-0.011089,0.003244,0.002695,0.004228,0.007694
457,97658.557825444,0.506324,0.889653,0.542085,-0.008809,-0.010709,0.003328,0.002740,0.004263,0.007739
458,97658.562769291,0.506365,0.889708,0.542100,-0.008779,-0.010346,0.003384,0.002785,0.004298,0.007783
459,97658.567713139,0.506406,0.889761,0.542116,-0.009000,-0.009910,0.003376,0.002830,0.004333,0.007827
460,97658.572656987,0.506449,0.889812,0.542131,-0.009350,-0.009388,0.003390,0.002875,0.004367,0.007872
461,97658.577570317,0.506493,0.889861,0.542147,-0.009918,-0.009058,0.003431,0.002920,0.004402,0.007916
462,97658.582514164,0.506540,0.889908,0.542162,-0.010622,-0.008642,0.003640,0.002965,0.004437,0.007960
463,97658.587458012,0.506591,0.889953,0.542179,-0.011299,-0.008229,0.003666,0.003010,0.004472,0.008005
464,97658.592401860,0.506646,0.889996,0.542196,-0.011989,-0.007886,0.003676,0.003056,0.004506,0.008049
465,97658.597345707,0.506703,0.890038,0.542213,-0.012720,-0.007705,0.003808,0.003101,0.004541,0.008094
466,97658.602259037,0.506764,0.890079,0.542230,-0.013423,-0.007842,0.003762,0.003146,0.004576,0.008138
467,97658.607202885,0.506829,0.890121,0.542247,-0.013940,-0.007971,0.003811,0.003191,0.004611,0.008182
468,97658.612146733,0.506897,0.890163,0.542264,-0.014402,-0.008119,0.003887,0.003236,0.004645,0.008227
469,97658.617090580,0.506966,0.890207,0.542282,-0.014775,-0.008212,0.003954,0.003281,0.004680,0.008271
470,97658.622034428,0.507038,0.890251,0.542300,-0.014918,-0.008577,0.003993,0.003326,0.004715,0.008315
471,97658.626978276,0.507110,0.890296,0.542318,-0.014992,-0.008981,0.004031,0.003371,0.004750,0.008360
472,97658.631922123,0.507182,0.890344,0.542336,-0.014979,-0.009331,0.003917,0.003416,0.004785,0.008404
473,97658.636835453,0.507254,0.890394,0.542354,-0.014936,-0.009744,0.003863,0.003461,0.004819,0.008448
474,97658.641779301,0.507326,0.890445,0.542371,-0.014835,-0.010052,0.003950,0.003506,0.004854,0.008493
475,97658.646692631,0.507397,0.890498,0.542389,-0.014907,-0.010277,0.004068,0.003551,0.004889,0.008537
476,97658.651636479,0.507468,0.890552,0.542408,-0.014876,-0.010343,0.004190,0.003596,0.004923,0.008581
477,97658.656580327,0.507540,0.890607,0.542427,-0.014697,-0.010232,0.004377,0.003642,0.004958,0.008626
478,97658.661524174,0.507611,0.890661,0.542446,-0.014623,-0.010283,0.004528,0.003687,0.004993,0.008670
479,97658.666468022,0.507681,0.890715,0.542467,-0.014562,-0.010110,0.004704,0.003732,0.005028,0.008715
480,97658.671411870,0.507751,0.890768,0.542489,-0.014411,-0.009902,0.004926,0.003777,0.005063,0.008759
481,97658.676325200,0.507820,0.890820,0.542511,-0.014439,-0.009685,0.005087,0.003822,0.005097,0.008803
482,97658.681299565,0.507890,0.890872,0.542535,-0.014353,-0.009335,0.005119,0.003867,0.005132,0.008848
483,97658.686212895,0.507959,0.890921,0.542558,-0.014228,-0.009174,0.005154,0.003912,0.005167,0.008892
484,97658.691156743,0.508027,0.890970,0.542582,-0.014097,-0.009045,0.004977,0.003957,0.005202,0.008936
485,97658.696100590,0.508095,0.891018,0.542605,-0.013856,-0.008963,0.004918,0.004003,0.005236,0.008981
486,97658.701044438,0.508162,0.891066,0.542628,-0.013671,-0.008914,0.004989,0.004048,0.005271,0.009025
487,97658.705988286,0.508228,0.891113,0.542651,-0.013625,-0.008806,0.004903,0.004093,0.005306,0.009070
488,97658.710901616,0.508293,0.891159,0.542674,-0.013651,-0.008717,0.004873,0.004138,0.005341,0.009114
489,97658.715845463,0.508359,0.891206,0.542696,-0.013824,-0.008657,0.004905,0.004183,0.005375,0.009158
490,97658.720789311,0.508426,0.891252,0.542719,-0.013933,-0.008642,0.005065,0.004228,0.005410,0.009203
491,97658.725733159,0.508493,0.891298,0.542742,-0.014000,-0.008517,0.005117,0.004273,0.005445,0.009247
492,97658.730646489,0.508561,0.891343,0.542766,-0.014029,-0.008337,0.005283,0.004318,0.005480,0.009291
493,97658.735590336,0.508628,0.891387,0.542791,-0.013962,-0.008064,0.005403,0.004363,0.005514,0.009336
494,97658.740503666,0.508696,0.891430,0.542816,-0.013882,-0.007706,0.005368,0.004408,0.005549,0.009380
495,97658.745478032,0.508763,0.891472,0.542841,-0.013965,-0.007258,0.005232,0.004453,0.005584,0.009424
496,97658.750421879,0.508831,0.891511,0.542865,-0.013946,-0.007045,0.005297,0.004499,0.005619,0.009469
497,97658.755365727,0.508899,0.891549,0.542890,-0.013849,-0.006824,0.005314,0.004544,0.005654,0.009513
498,97658.760309575,0.508966,0.891586,0.542915,-0.013881,-0.006535,0.005195,0.004589,0.005688,0.009558
499,97658.765253422,0.509034,0.891622,0.542939,-0.013815,-0.006355,0.005227,0.004634,0.005723,0.009602
500,97658.770197270,0.509101,0.891657,0.542963,-0.013892,-0.006179,0.005317,0.004668,0.005766,0.009579
501,97658.775141118,0.509168,0.891690,0.542988,-0.013842,-0.005871,0.005405,0.004701,0.005809,0.009557
502,97658.780054448,0.509236,0.891723,0.543014,-0.013706,-0.005667,0.005238,0.004735,0.005852,0.009534
503,97658.784998295,0.509302,0.891754,0.543038,-0.013585,-0.005372,0.004949,0.004768,0.005895,0.009511
504,97658.789942143,0.509369,0.891784,0.543061,-0.013500,-0.005163,0.004613,0.004802,0.005938,0.009489
505,97658.794885991,0.509434,0.891812,0.543083,-0.013480,-0.005150,0.004515,0.004836,0.005982,0.009466
506,97658.799829838,0.509500,0.891841,0.543104,-0.013421,-0.005061,0.004479,0.004869,0.006025,0.009443
507,97658.804773686,0.509566,0.891869,0.543125,-0.013541,-0.004764,0.004518,0.004903,0.006068,0.009420
508,97658.809687016,0.509632,0.891896,0.543145,-0.013648,-0.004497,0.004750,0.004936,0.006111,0.009398
509,97658.814630864,0.509698,0.891921,0.543168,-0.013836,-0.004320,0.005040,0.004970,0.006154,0.009375
510,97658.819574711,0.509766,0.891946,0.543191,-0.013990,-0.004218,0.005262,0.005004,0.006197,0.009352
511,97658.824518559,0.509835,0.891970,0.543216,-0.014173,-0.003938,0.005478,0.005037,0.006240,0.009330
512,97658.829462407,0.509904,0.891993,0.543242,-0.014264,-0.003933,0.005606,0.005071,0.006283,0.009307
513,97658.834406254,0.509974,0.892016,0.543268,-0.014228,-0.003993,0.005584,0.005104,0.006326,0.009284
514,97658.839319584,0.510043,0.892039,0.543294,-0.014197,-0.004162,0.005558,0.005138,0.006369,0.009261
515,97658.844263432,0.510113,0.892063,0.543320,-0.014078,-0.004446,0.005402,0.005172,0.006412,0.009239
516,97658.849176762,0.510182,0.892088,0.543346,-0.013831,-0.004697,0.005328,0.005205,0.006455,0.009216
517,97658.854120610,0.510249,0.892115,0.543371,-0.013558,-0.004889,0.005337,0.005239,0.006498,0.009193
518,97658.863977787,0.510381,0.892169,0.543421,-0.013166,-0.005144,0.005424,0.005306,0.006584,0.009148
519,97658.868921635,0.510446,0.892198,0.543446,-0.012896,-0.004967,0.005615,0.005339,0.006627,0.009125
520,97658.873865483,0.510509,0.892225,0.543473,-0.012783,-0.004622,0.005784,0.005373,0.006670,0.009103
521,97658.878809330,0.510571,0.892251,0.543500,-0.012560,-0.004401,0.005971,0.005407,0.006714,0.009080
522,97658.883753178,0.510633,0.892276,0.543528,-0.012306,-0.004129,0.006141,0.005440,0.006757,0.009057
523,97658.888666508,0.510693,0.892300,0.543557,-0.012109,-0.003916,0.006384,0.005474,0.006800,0.009035
524,97658.893610356,0.510752,0.892322,0.543588,-0.012021,-0.003645,0.006664,0.005507,0.006843,0.009012
525,97658.898554203,0.510811,0.892343,0.543620,-0.012055,-0.003409,0.006787,0.005541,0.006886,0.008989
526,97658.903498051,0.510870,0.892363,0.543652,-0.012156,-0.003354,0.006901,0.005575,0.006929,0.008966
527,97658.908411381,0.510930,0.892382,0.543685,-0.012313,-0.003337,0.006822,0.005608,0.006972,0.008944
528,97658.913355229,0.510990,0.892402,0.543718,-0.012569,-0.003349,0.006714,0.005642,0.007015,0.008921
529,97658.918299077,0.511052,0.892422,0.543750,-0.012886,-0.003324,0.006555,0.005675,0.007058,0.008898
530,97658.923242924,0.511116,0.892441,0.543781,-0.013209,-0.003483,0.006400,0.005709,0.007101,0.008875
531,97658.928186772,0.511181,0.892462,0.543811,-0.013586,-0.003649,0.006297,0.005742,0.007144,0.008853
532,97658.933130620,0.511247,0.892483,0.543841,-0.013811,-0.003906,0.006182,0.005776,0.007187,0.008830
533,97658.938043950,0.511315,0.892506,0.543870,-0.013998,-0.004167,0.006193,0.005810,0.007230,0.008807
534,97658.942987797,0.511383,0.892530,0.543900,-0.014247,-0.004358,0.006077,0.005843,0.007273,0.008785
535,97658.947931645,0.511453,0.892555,0.543928,-0.014406,-0.004546,0.006025,0.005877,0.007316,0.008762
536,97658.952875493,0.511524,0.892580,0.543957,-0.014708,-0.004576,0.006103,0.005910,0.007360,0.008739
537,97658.957819340,0.511596,0.892607,0.543986,-0.014787,-0.004647,0.006111,0.005944,0.007403,0.008716
538,97658.962732670,0.511668,0.892633,0.544014,-0.014661,-0.004805,0.006105,0.005977,0.007446,0.008694
539,97658.967676518,0.511740,0.892660,0.544043,-0.014591,-0.004768,0.006026,0.006011,0.007489,0.008671
540,97658.972620366,0.511811,0.892687,0.544071,-0.014498,-0.004624,0.006035,0.006045,0.007532,0.008648
541,97658.977564213,0.511882,0.892714,0.544100,-0.014308,-0.004607,0.005895,0.006078,0.007575,0.008626
542,97658.982508061,0.511952,0.892740,0.544128,-0.014095,-0.004376,0.005814,0.006112,0.007618,0.008603
543,97658.987421391,0.512021,0.892765,0.544155,-0.013854,-0.004273,0.005773,0.006145,0.007661,0.008580
544,97658.992365239,0.512089,0.892789,0.544182,-0.013638,-0.004223,0.005793,0.006179,0.007704,0.008558
545,97658.997309086,0.512156,0.892813,0.544210,-0.013565,-0.004146,0.005932,0.006213,0.007747,0.008535
546,97659.002252934,0.512222,0.892837,0.544238,-0.013365,-0.004058,0.006105,0.006246,0.007790,0.008512
547,97659.007196782,0.512288,0.892861,0.544267,-0.013315,-0.003839,0.006399,0.006280,0.007833,0.008489
548,97659.012110112,0.512353,0.892883,0.544297,-0.013200,-0.003717,0.006481,0.006313,0.007876,0.008467
549,97659.017053959,0.512418,0.892904,0.544328,-0.013025,-0.003732,0.006510,0.006347,0.007919,0.008444
550,97659.021997807,0.512482,0.892926,0.544359,-0.012787,-0.003670,0.006497,0.006356,0.007954,0.008402
551,97659.026941655,0.512544,0.892947,0.544390,-0.012542,-0.003537,0.006627,0.006365,0.007988,0.008361
552,97659.031885502,0.512606,0.892968,0.544421,-0.012295,-0.003470,0.006614,0.006374,0.008022,0.008319
553,97659.036798832,0.512666,0.892988,0.544453,-0.012140,-0.003512,0.006653,0.006384,0.008056,0.008278
554,97659.041773198,0.512726,0.893008,0.544485,-0.011896,-0.003633,0.006566,0.006393,0.008091,0.008236
555,97659.046686528,0.512784,0.893029,0.544516,-0.011560,-0.003674,0.006317,0.006402,0.008125,0.008194
556,97659.051630375,0.512841,0.893050,0.544546,-0.011223,-0.003674,0.006024,0.006288,0.008231,0.008076
557,97659.056574223,0.512896,0.893071,0.544575,-0.011029,-0.003663,0.005750,0.006174,0.008338,0.007958
558,97659.061518071,0.512950,0.893092,0.544602,-0.010812,-0.003572,0.005679,0.006060,0.008444,0.007841
559,97659.066431401,0.513003,0.893112,0.544629,-0.010702,-0.003361,0.005784,0.005947,0.008550,0.007723
560,97659.071375248,0.513055,0.893132,0.544656,-0.010729,-0.003260,0.006144,0.005833,0.008656,0.007605
561,97659.076319096,0.513108,0.893150,0.544686,-0.010786,-0.003036,0.006729,0.005719,0.008763,0.007488
562,97659.081262944,0.513161,0.893168,0.544718,-0.010646,-0.002763,0.007257,0.005606,0.008869,0.007370
563,97659.086206791,0.513214,0.893185,0.544753,-0.010555,-0.002519,0.007609,0.005492,0.008976,0.007252
564,97659.091120121,0.513265,0.893200,0.544789,-0.010500,-0.002590,0.007693,0.005379,0.009082,0.007135
565,97659.096063969,0.513317,0.893215,0.544827,-0.010589,-0.002570,0.007633,0.005265,0.009188,0.007017
566,97659.101007817,0.513370,0.893231,0.544863,-0.010780,-0.002705,0.007459,0.005151,0.009295,0.006899
567,97659.105951664,0.513423,0.893247,0.544899,-0.010894,-0.003041,0.007214,0.005037,0.009401,0.006781
568,97659.110895512,0.513476,0.893265,0.544934,-0.010994,-0.003290,0.006991,0.004923,0.009508,0.006663
569,97659.115808842,0.513530,0.893284,0.544967,-0.011254,-0.003518,0.006866,0.004810,0.009614,0.006546
570,97659.120752690,0.513585,0.893304,0.545000,-0.011621,-0.003811,0.006944,0.004696,0.009720,0.006428
571,97659.125696537,0.513642,0.893326,0.545033,-0.011892,-0.004081,0.007199,0.004582,0.009827,0.006310
572,97659.130609868,0.513700,0.893349,0.545068,-0.012206,-0.004246,0.007525,0.004469,0.009932,0.006193
573,97659.135584233,0.513761,0.893373,0.545104,-0.012379,-0.004302,0.007928,0.004355,0.010040,0.006074
574,97659.140528080,0.513822,0.893397,0.545142,-0.012594,-0.004271,0.008311,0.004241,0.010146,0.005956
575,97659.145441411,0.513883,0.893422,0.545182,-0.012765,-0.004384,0.008575,0.004128,0.010252,0.005839
576,97659.150385258,0.513946,0.893446,0.545223,-0.012708,-0.004704,0.008729,0.004014,0.010358,0.005721
577,97659.155329106,0.514008,0.893473,0.545265,-0.012523,-0.005043,0.008677,0.003900,0.010465,0.005603
578,97659.160272953,0.514069,0.893501,0.545306,-0.012419,-0.005497,0.008668,0.003786,0.010571,0.005485
579,97659.165186284,0.514130,0.893531,0.545348,-0.012253,-0.005953,0.008735,0.003673,0.010677,0.005368
580,97659.170130131,0.514190,0.893564,0.545390,-0.012066,-0.006366,0.008574,0.003559,0.010784,0.005250
581,97659.175073979,0.514248,0.893599,0.545431,-0.011879,-0.006664,0.008462,0.003445,0.010890,0.005132
582,97659.180017827,0.514306,0.893635,0.545471,-0.011695,-0.006939,0.008353,0.003332,0.010997,0.005014
583,97659.184961674,0.514363,0.893672,0.545511,-0.011678,-0.007116,0.008304,0.003218,0.011103,0.004897
584,97659.189905522,0.514420,0.893710,0.545551,-0.011681,-0.007159,0.008220,0.003104,0.011210,0.004779
585,97659.194818852,0.514476,0.893748,0.545590,-0.011703,-0.007369,0.008045,0.002991,0.011315,0.004661
586,97659.199762700,0.514533,0.893788,0.545628,-0.011826,-0.007432,0.007934,0.002877,0.011422,0.004544
587,97659.204706547,0.514590,0.893827,0.545666,-0.011941,-0.007496,0.007842,0.002763,0.011528,0.004426
588,97659.209650395,0.514648,0.893868,0.545704,-0.012102,-0.007684,0.007875,0.002649,0.011635,0.004308
589,97659.214594243,0.514707,0.893909,0.545741,-0.012414,-0.007925,0.007981,0.002535,0.011741,0.004190
590,97659.219507573,0.514767,0.893951,0.545779,-0.012615,-0.008139,0.008105,0.002422,0.011847,0.004073
591,97659.224451420,0.514828,0.893994,0.545818,-0.012771,-0.008381,0.008176,0.002308,0.011954,0.003955
592,97659.229364750,0.514889,0.894039,0.545857,-0.012762,-0.008778,0.008107,0.002195,0.012060,0.003838
593,97659.234308598,0.514951,0.894085,0.545895,-0.012615,-0.009154,0.007984,0.002081,0.012166,0.003720
594,97659.239282963,0.515012,0.894134,0.545933,-0.012515,-0.009456,0.007764,0.001967,0.012273,0.003601
595,97659.244226811,0.515073,0.894184,0.545970,-0.012361,-0.009730,0.007443,0.001853,0.012380,0.003483
596,97659.249170659,0.515132,0.894235,0.546006,-0.012181,-0.010058,0.007121,0.001739,0.012486,0.003365
597,97659.254083989,0.515190,0.894287,0.546039,-0.012157,-0.010180,0.006878,0.001626,0.012592,0.003248
598,97659.259027836,0.515248,0.894341,0.546071,-0.012221,-0.010236,0.006797,0.001512,0.012698,0.003130
599,97659.263971684,0.515307,0.894394,0.546104,-0.012352,-0.010297,0.006926,0.001398,0.012805,0.003012
600,97659.268915532,0.515366,0.894448,0.546136,-0.012405,-0.010247,0.007153,0.001235,0.012918,0.002883
601,97659.273859379,0.515426,0.894502,0.546170,-0.012523,-0.010067,0.007444,0.000963,0.013545,0.001994
602,97659.278772709,0.515486,0.894555,0.546205,-0.012610,-0.010027,0.007741,0.000694,0.014169,0.001110
603,97659.283716557,0.515546,0.894607,0.546242,-0.012615,-0.010029,0.007973,0.000422,0.014797,0.000220
604,97659.288660405,0.515607,0.894660,0.546280,-0.012602,-0.010070,0.008136,0.000151,0.015424,-0.000670
605,97659.293604252,0.515668,0.894713,0.546318,-0.012646,-0.010300,0.008235,-0.000121,0.016052,-0.001559
606,97659.298517582,0.515728,0.894767,0.546357,-0.012606,-0.010664,0.008397,-0.000391,0.016675,-0.002443
607,97659.303461430,0.515789,0.894823,0.546397,-0.012442,-0.011198,0.008361,-0.000662,0.017303,-0.003333
608,97659.308405278,0.515848,0.894881,0.546437,-0.012117,-0.011766,0.008304,-0.000933,0.017930,-0.004223
609,97659.313349125,0.515906,0.894943,0.546476,-0.011847,-0.012515,0.008313,-0.001205,0.018558,-0.005112
610,97659.318292973,0.515962,0.895008,0.546516,-0.011587,-0.013131,0.008567,-0.001476,0.019185,-0.006002
611,97659.323206303,0.516017,0.895075,0.546556,-0.011261,-0.013762,0.008928,-0.001746,0.019809,-0.006886
612,97659.328150151,0.516070,0.895146,0.546599,-0.010876,-0.014248,0.009314,-0.002018,0.020437,-0.007776
613,97659.333124516,0.516122,0.895220,0.546643,-0.010540,-0.014674,0.009905,-0.002291,0.021068,-0.008671
614,97659.338037846,0.516171,0.895295,0.546690,-0.010206,-0.015018,0.010407,-0.002560,0.021692,-0.009555
615,97659.343012211,0.516219,0.895372,0.546741,-0.009967,-0.015329,0.010705,-0.002834,0.022323,-0.010450
616,97659.347956059,0.516266,0.895451,0.546792,-0.009720,-0.015555,0.010809,-0.003105,0.022951,-0.011340
617,97659.352869389,0.516311,0.895530,0.546843,-0.009537,-0.015653,0.010893,-0.003375,0.023574,-0.012224
618,97659.357813237,0.516356,0.895610,0.546895,-0.009431,-0.015517,0.010992,-0.003646,0.024202,-0.013113
619,97659.362757084,0.516400,0.895689,0.546948,-0.009235,-0.014993,0.011090,-0.003918,0.024829,-0.014003
620,97659.367700932,0.516443,0.895766,0.547001,-0.009187,-0.014588,0.011191,-0.004189,0.025457,-0.014893
621,97659.372614262,0.516486,0.895840,0.547055,-0.009033,-0.013981,0.011343,-0.004459,0.026080,-0.015777
622,97659.377558110,0.516528,0.895912,0.547109,-0.008853,-0.013283,0.011635,-0.004730,0.026708,-0.016666
623,97659.382501957,0.516570,0.895980,0.547165,-0.008777,-0.012712,0.011888,-0.005002,0.027335,-0.017556
624,97659.387445805,0.516611,0.896046,0.547223,-0.008653,-0.012247,0.012095,-0.005273,0.027963,-0.018446
625,97659.392389653,0.516652,0.896109,0.547281,-0.008509,-0.011900,0.012148,-0.005545,0.028590,-0.019335
626,97659.397333500,0.516692,0.896170,0.547340,-0.008441,-0.011728,0.012201,-0.005816,0.029218,-0.020225
627,97659.402246830,0.516732,0.896230,0.547399,-0.008436,-0.011826,0.012230,-0.006086,0.029842,-0.021109
628,97659.407190678,0.516772,0.896291,0.547458,-0.008375,-0.012198,0.012349,-0.006357,0.030469,-0.021999
629,97659.412134526,0.516812,0.896354,0.547517,-0.008089,-0.012696,0.012562,-0.006629,0.031097,-0.022888
630,97659.417108891,0.516850,0.896420,0.547578,-0.007891,-0.013152,0.012753,-0.006902,0.031728,-0.023783
631,97659.422022221,0.516887,0.896487,0.547640,-0.007635,-0.013623,0.013079,-0.007172,0.032352,-0.024668
632,97659.426935551,0.516922,0.896556,0.547703,-0.007409,-0.014294,0.013329,-0.007441,0.032975,-0.025552
633,97659.431848881,0.516956,0.896629,0.547767,-0.007183,-0.014916,0.013456,-0.007711,0.033599,-0.026436
634,97659.436762211,0.516989,0.896704,0.547831,-0.006934,-0.015625,0.013545,-0.007981,0.034223,-0.027320
635,97659.441706059,0.517021,0.896784,0.547897,-0.006720,-0.016251,0.013627,-0.008252,0.034850,-0.028210
636,97659.446680424,0.517052,0.896867,0.547963,-0.006601,-0.016899,0.013859,-0.008526,0.035482,-0.029105
637,97659.451624272,0.517082,0.896953,0.548030,-0.006498,-0.017542,0.014328,-0.008797,0.036109,-0.029994
638,97659.456568120,0.517111,0.897042,0.548099,-0.006205,-0.018199,0.015235,-0.009068,0.036737,-0.030884
639,97659.461511967,0.517139,0.897134,0.548173,-0.005752,-0.018771,0.016280,-0.009340,0.037364,-0.031774
640,97659.466455815,0.517165,0.897229,0.548252,-0.005307,-0.019336,0.017322,-0.009611,0.037992,-0.032663
641,97659.471399662,0.517188,0.897327,0.548336,-0.004609,-0.020046,0.018470,-0.009883,0.038619,-0.033553
642,97659.476312993,0.517207,0.897427,0.548425,-0.003780,-0.020885,0.019363,-0.010153,0.039243,-0.034437
643,97659.481256840,0.517223,0.897532,0.548520,-0.002804,-0.021871,0.020014,-0.010424,0.039870,-0.035327
644,97659.486200688,0.517233,0.897642,0.548617,-0.001635,-0.023060,0.020308,-0.010695,0.040498,-0.036216
645,97659.491144536,0.517238,0.897758,0.548716,-0.000508,-0.024707,0.020284,-0.010967,0.041125,-0.037106
646,97659.496118901,0.517237,0.897882,0.548815,0.000570,-0.026556,0.020182,-0.011240,0.041757,-0.038001
647,97659.501001713,0.517230,0.898013,0.548912,0.001458,-0.028649,0.020103,-0.011508,0.042377,-0.038880
648,97659.505915043,0.517218,0.898154,0.549009,0.001895,-0.030985,0.020219,-0.011778,0.043000,-0.039764
649,97659.510858891,0.517203,0.898308,0.549108,0.002308,-0.033215,0.020403,-0.012049,0.043628,-0.040653
650,97659.515802739,0.517186,0.898473,0.549207,0.002469,-0.035273,0.020573,-0.012280,0.043737,-0.040807
651,97659.520746586,0.517167,0.898648,0.549306,0.002558,-0.036929,0.020489,-0.012511,0.043846,-0.040961
652,97659.525690434,0.517148,0.898831,0.549406,0.002650,-0.038084,0.020213,-0.012741,0.043955,-0.041114
653,97659.530634282,0.517128,0.899020,0.549503,0.002561,-0.038807,0.019529,-0.012972,0.044064,-0.041268
654,97659.535578129,0.517109,0.899212,0.549598,0.002399,-0.039032,0.018755,-0.013203,0.044173,-0.041422
655,97659.540521977,0.517090,0.899405,0.549688,0.002155,-0.038945,0.018075,-0.013433,0.044282,-0.041576
656,97659.545435307,0.517072,0.899597,0.549775,0.001881,-0.038459,0.017705,-0.013663,0.044390,-0.041728
657,97659.550379155,0.517056,0.899788,0.549860,0.001619,-0.037721,0.017469,-0.013893,0.044499,-0.041882
658,97659.555323002,0.517041,0.899975,0.549945,0.001508,-0.036685,0.017490,-0.014124,0.044608,-0.042036
659,97659.560236332,0.517027,0.900156,0.550028,0.001607,-0.035533,0.017637,-0.014353,0.044716,-0.042189
660,97659.565180180,0.517012,0.900332,0.550114,0.001933,-0.034302,0.017926,-0.014584,0.044825,-0.042342
661,97659.570124028,0.516996,0.900502,0.550200,0.002533,-0.033264,0.018352,-0.014815,0.044934,-0.042496
662,97659.575067875,0.516978,0.900667,0.550289,0.003141,-0.032662,0.018942,-0.015045,0.045043,-0.042650
663,97659.579981205,0.516957,0.900828,0.550381,0.004006,-0.032215,0.019310,-0.015275,0.045152,-0.042803
664,97659.584925053,0.516931,0.900987,0.550474,0.005271,-0.032421,0.019300,-0.015505,0.045261,-0.042956
665,97659.589868901,0.516900,0.901148,0.550568,0.006835,-0.033223,0.019098,-0.015736,0.045370,-0.043110
666,97659.594812748,0.516860,0.901311,0.550661,0.008446,-0.034316,0.018641,-0.015967,0.045479,-0.043264
667,97659.599756596,0.516812,0.901480,0.550752,0.010116,-0.035835,0.018021,-0.016197,0.045588,-0.043417
668,97659.604669926,0.516756,0.901655,0.550839,0.011894,-0.037607,0.017453,-0.016427,0.045696,-0.043570
669,97659.609613774,0.516691,0.901839,0.550924,0.013790,-0.039664,0.016844,-0.016657,0.045805,-0.043724
670,97659.614557621,0.516615,0.902033,0.551006,0.015520,-0.041722,0.016190,-0.016888,0.045914,-0.043878
671,97659.619501469,0.516530,0.902237,0.551085,0.017358,-0.043968,0.015597,-0.017119,0.046023,-0.044031
672,97659.624445317,0.516436,0.902451,0.551160,0.019169,-0.046035,0.014967,-0.017349,0.046132,-0.044185
673,97659.629389164,0.516333,0.902675,0.551233,0.020780,-0.047899,0.014444,-0.017580,0.046241,-0.044339
674,97659.634333012,0.516221,0.902908,0.551303,0.022073,-0.049578,0.014229,-0.017811,0.046350,-0.044493
675,97659.639276860,0.516102,0.903149,0.551372,0.023254,-0.051317,0.014082,-0.018041,0.046459,-0.044646
676,97659.644190190,0.515978,0.903397,0.551440,0.024352,-0.052783,0.013995,-0.018271,0.046567,-0.044799
677,97659.649134037,0.515847,0.903653,0.551508,0.025323,-0.053996,0.013763,-0.018501,0.046676,-0.044953
678,97659.654077885,0.515711,0.903915,0.551574,0.026002,-0.055161,0.013560,-0.018732,0.046785,-0.045106
679,97659.658991215,0.515573,0.904181,0.551640,0.026482,-0.056294,0.013341,-0.018961,0.046894,-0.045259
680,97659.663935063,0.515431,0.904455,0.551704,0.026838,-0.057358,0.013242,-0.019192,0.047003,-0.045413
681,97659.668878911,0.515287,0.904733,0.551768,0.027092,-0.058625,0.013368,-0.019423,0.047112,-0.045567
682,97659.673822758,0.515141,0.905017,0.551833,0.027352,-0.060106,0.013661,-0.019653,0.047221,-0.045720
683,97659.678736088,0.514995,0.905307,0.551898,0.027694,-0.061652,0.013889,-0.019883,0.047329,-0.045873
684,97659.683679936,0.514846,0.905607,0.551965,0.028025,-0.063415,0.014224,-0.020113,0.047438,-0.046027
685,97659.688623784,0.514694,0.905915,0.552034,0.028374,-0.065346,0.014620,-0.020344,0.047547,-0.046181
686,97659.693567631,0.514541,0.906232,0.552104,0.028780,-0.067567,0.015014,-0.020575,0.047656,-0.046334
687,97659.698511479,0.514385,0.906561,0.552177,0.029313,-0.070113,0.015494,-0.020805,0.047765,-0.046488
688,97659.703424809,0.514227,0.906900,0.552251,0.029914,-0.072870,0.015988,-0.021035,0.047873,-0.046641
689,97659.708399174,0.514064,0.907256,0.552328,0.030590,-0.075977,0.016617,-0.021267,0.047983,-0.046795
690,97659.713312504,0.513899,0.907623,0.552408,0.031130,-0.079134,0.017713,-0.021496,0.048091,-0.046948
691,97659.718256352,0.513729,0.908009,0.552493,0.031815,-0.082186,0.018587,-0.021727,0.048200,-0.047102
692,97659.723200200,0.513555,0.908409,0.552582,0.032666,-0.085247,0.019315,-0.021957,0.048309,-0.047256
693,97659.728144047,0.513377,0.908824,0.552675,0.033633,-0.088118,0.019479,-0.022188,0.048418,-0.047409
694,97659.733087895,0.513193,0.909253,0.552768,0.034886,-0.090773,0.019229,-0.022419,0.048527,-0.047563
695,97659.738031743,0.513002,0.909695,0.552861,0.036103,-0.093307,0.018634,-0.022727,0.048380,-0.047838
696,97659.742975590,0.512805,0.910149,0.552950,0.037341,-0.095303,0.017679,-0.023036,0.048232,-0.048112
697,97659.747919438,0.512601,0.910613,0.553034,0.038743,-0.096993,0.016491,-0.023344,0.048085,-0.048387
698,97659.752832768,0.512391,0.911082,0.553112,0.039724,-0.098113,0.015286,-0.023651,0.047938,-0.048660
699,97659.757776616,0.512175,0.911559,0.553185,0.040460,-0.098565,0.014007,-0.023959,0.047791,-0.048934
700,97659.762689946,0.511956,0.912035,0.553251,0.041205,-0.098600,0.012912,-0.024432,0.047636,-0.049299
701,97659.767633793,0.511732,0.912513,0.553312,0.041778,-0.098359,0.011978,-0.024908,0.047480,-0.049666
702,97659.772577641,0.511505,0.912991,0.553368,0.042239,-0.097635,0.010962,-0.025383,0.047324,-0.050033
703,97659.777521489,0.511276,0.913465,0.553420,0.042563,-0.096732,0.010054,-0.025859,0.047168,-0.050400
704,97659.782434819,0.511047,0.913931,0.553467,0.042748,-0.095815,0.009375,-0.026332,0.047013,-0.050765
705,97659.787378666,0.510816,0.914396,0.553510,0.042827,-0.095093,0.008596,-0.026807,0.046857,-0.051133
706,97659.792353032,0.510583,0.914859,0.553551,0.043051,-0.094744,0.007811,-0.027286,0.046701,-0.051502
707,97659.797296879,0.510350,0.915318,0.553587,0.043200,-0.094677,0.007115,-0.027761,0.046545,-0.051869
708,97659.802240727,0.510117,0.915777,0.553619,0.043250,-0.095154,0.006494,-0.028237,0.046389,-0.052236
709,97659.807154057,0.509884,0.916235,0.553649,0.043197,-0.096195,0.005881,-0.028710,0.046234,-0.052601
710,97659.812097905,0.509651,0.916701,0.553675,0.043298,-0.097790,0.005215,-0.029185,0.046078,-0.052968
711,97659.817041752,0.509416,0.917175,0.553698,0.043346,-0.099819,0.004625,-0.029661,0.045922,-0.053336
712,97659.821985600,0.509180,0.917659,0.553719,0.043333,-0.102345,0.003983,-0.030137,0.045766,-0.053703
713,97659.826929448,0.508945,0.918155,0.553735,0.043275,-0.105259,0.003038,-0.030612,0.045611,-0.054070
714,97659.831873295,0.508708,0.918666,0.553747,0.043161,-0.108340,0.002063,-0.031088,0.045455,-0.054437
715,97659.836786625,0.508473,0.919189,0.553754,0.043011,-0.111599,0.001255,-0.031560,0.045300,-0.054802
716,97659.841730473,0.508236,0.919731,0.553757,0.042828,-0.115109,0.000645,-0.032036,0.045144,-0.055169
717,97659.846643803,0.508001,0.920286,0.553756,0.042761,-0.118651,0.000082,-0.032509,0.044989,-0.055534
718,97659.851587651,0.507765,0.920863,0.553753,0.042780,-0.122126,-0.000286,-0.032984,0.044833,-0.055901
719,97659.856531498,0.507527,0.921457,0.553747,0.042893,-0.125590,-0.000554,-0.033460,0.044677,-0.056268
720,97659.861444828,0.507289,0.922064,0.553740,0.042982,-0.128976,-0.000650,-0.033933,0.044522,-0.056633
721,97659.866388676,0.507049,0.922692,0.553733,0.043094,-0.132469,-0.000654,-0.034408,0.044367,-0.057000
722,97659.871332524,0.506807,0.923337,0.553725,0.043330,-0.136211,-0.000354,-0.034884,0.044211,-0.057368
723,97659.876245854,0.506565,0.923996,0.553718,0.043476,-0.139982,0.000453,-0.035357,0.044056,-0.057732
724,97659.881189702,0.506320,0.924678,0.553715,0.043498,-0.143876,0.001702,-0.035832,0.043900,-0.058100
725,97659.886133549,0.506074,0.925379,0.553718,0.043377,-0.147829,0.002948,-0.036308,0.043744,-0.058467
726,97659.891077397,0.505828,0.926100,0.553727,0.043131,-0.151953,0.004068,-0.036783,0.043588,-0.058834
727,97659.896051762,0.505580,0.926846,0.553741,0.042732,-0.156368,0.004773,-0.037262,0.043431,-0.059203
728,97659.900965092,0.505337,0.927605,0.553759,0.042202,-0.160960,0.005281,-0.037735,0.043277,-0.059568
729,97659.905908940,0.505094,0.928391,0.553778,0.041923,-0.165553,0.005454,-0.038210,0.043121,-0.059935
730,97659.910852787,0.504852,0.929200,0.553798,0.041682,-0.169892,0.005255,-0.038686,0.042965,-0.060303
731,97659.915766118,0.504611,0.930025,0.553817,0.041623,-0.174051,0.004640,-0.039159,0.042810,-0.060667
732,97659.920709965,0.504368,0.930876,0.553833,0.041467,-0.178165,0.003457,-0.039634,0.042654,-0.061035
733,97659.925623295,0.504126,0.931741,0.553842,0.041020,-0.182128,0.001902,-0.040107,0.042499,-0.061400
734,97659.930567143,0.503884,0.932632,0.553844,0.040159,-0.186013,0.000213,-0.040582,0.042343,-0.061767
735,97659.935510991,0.503645,0.933542,0.553837,0.039146,-0.189557,-0.001549,-0.041058,0.042187,-0.062134
736,97659.940454838,0.503411,0.934470,0.553821,0.038102,-0.192860,-0.003112,-0.041534,0.042032,-0.062501
737,97659.945398686,0.503180,0.935414,0.553797,0.036885,-0.195547,-0.004378,-0.042009,0.041876,-0.062868
738,97659.950342534,0.502955,0.936371,0.553766,0.035453,-0.198029,-0.005016,-0.042485,0.041720,-0.063235
739,97659.955286381,0.502737,0.937341,0.553732,0.034143,-0.200350,-0.005049,-0.042961,0.041564,-0.063603
740,97659.960230229,0.502524,0.938323,0.553698,0.033029,-0.202525,-0.004341,-0.043436,0.041408,-0.063970
741,97659.965143559,0.502318,0.939310,0.553667,0.032131,-0.204693,-0.002895,-0.043909,0.041253,-0.064335
742,97659.970087407,0.502115,0.940313,0.553642,0.031628,-0.206838,-0.001095,-0.044384,0.041097,-0.064702
743,97659.975031254,0.501913,0.941328,0.553627,0.031433,-0.208933,0.000789,-0.044860,0.040942,-0.065069
744,97659.979975102,0.501713,0.942353,0.553621,0.031353,-0.211361,0.003015,-0.045336,0.040786,-0.065436
745,97659.984918950,0.501512,0.943390,0.553625,0.031568,-0.214137,0.005240,-0.045811,0.040630,-0.065803
746,97659.989832280,0.501312,0.944435,0.553641,0.032048,-0.217224,0.007534,-0.046284,0.040475,-0.066168
747,97659.994776127,0.501107,0.945501,0.553667,0.032572,-0.220717,0.009639,-0.046760,0.040319,-0.066535
748,97659.999719975,0.500898,0.946585,0.553704,0.033306,-0.224167,0.011370,-0.047235,0.040163,-0.066902
749,97660.004663823,0.500686,0.947686,0.553749,0.034672,-0.227218,0.012358,-0.047711,0.040007,-0.067270
750,97660.009607670,0.500466,0.948801,0.553799,0.036540,-0.229808,0.012339,-0.048078,0.039678,-0.067934
751,97660.014521000,0.500238,0.949922,0.553849,0.038992,-0.231934,0.010644,-0.048444,0.039351,-0.068594
752,97660.019464848,0.499996,0.951060,0.553891,0.041792,-0.233874,0.007234,-0.048812,0.039022,-0.069259
753,97660.024408696,0.499739,0.952206,0.553916,0.044427,-0.235471,0.002773,-0.049179,0.038693,-0.069923
754,97660.029352543,0.499469,0.953359,0.553919,0.046667,-0.236666,-0.002137,-0.049547,0.038364,-0.070587
755,97660.034296391,0.499187,0.954518,0.553897,0.048396,-0.237797,-0.007158,-0.049915,0.038035,-0.071252
756,97660.039209721,0.498897,0.955674,0.553852,0.049618,-0.238218,-0.011652,-0.050280,0.037708,-0.071912
757,97660.044153569,0.498600,0.956839,0.553783,0.050740,-0.237880,-0.015186,-0.050648,0.037379,-0.072576
758,97660.049097416,0.498296,0.958002,0.553698,0.051623,-0.236577,-0.017451,-0.051016,0.037050,-0.073241
759,97660.054041264,0.497989,0.959158,0.553601,0.052094,-0.234334,-0.018196,-0.051383,0.036721,-0.073905
760,97660.058985112,0.497679,0.960303,0.553501,0.051809,-0.231357,-0.017420,-0.051751,0.036392,-0.074569
761,97660.063898442,0.497374,0.961427,0.553406,0.050655,-0.228098,-0.015191,-0.052116,0.036065,-0.075229
762,97660.068842289,0.497073,0.962541,0.553321,0.048277,-0.224768,-0.011891,-0.052484,0.035736,-0.075894
763,97660.073786137,0.496785,0.963640,0.553252,0.044983,-0.221675,-0.008264,-0.052852,0.035407,-0.076558
764,97660.078729985,0.496514,0.964725,0.553201,0.040904,-0.218922,-0.004968,-0.053219,0.035078,-0.077223
765,97660.083673832,0.496264,0.965797,0.553167,0.036401,-0.216704,-0.002540,-0.053587,0.034749,-0.077887
766,97660.088587162,0.496038,0.966852,0.553144,0.031507,-0.214885,-0.001141,-0.053953,0.034422,-0.078547
767,97660.093531010,0.495836,0.967907,0.553128,0.026549,-0.213296,-0.000716,-0.054320,0.034093,-0.079211
768,97660.098474858,0.495659,0.968954,0.553114,0.021901,-0.211779,-0.001467,-0.054688,0.033764,-0.079876
769,97660.103418705,0.495504,0.969995,0.553095,0.017513,-0.210301,-0.003575,-0.055056,0.033434,-0.080540
770,97660.108362553,0.495372,0.971030,0.553066,0.013366,-0.208725,-0.006865,-0.055423,0.033105,-0.081205
771,97660.113306401,0.495260,0.972057,0.553021,0.009562,-0.207287,-0.010839,-0.055791,0.032776,-0.081869
772,97660.118250248,0.495167,0.973078,0.552956,0.005711,-0.206008,-0.014981,-0.056159,0.032447,-0.082533
773,97660.123163578,0.495093,0.974087,0.552870,0.001990,-0.204911,-0.018873,-0.056524,0.032120,-0.083193
774,97660.128107426,0.495038,0.975098,0.552765,-0.001697,-0.203917,-0.022447,-0.056892,0.031791,-0.083858
775,97660.133051274,0.495000,0.976104,0.552641,-0.005528,-0.203281,-0.025443,-0.057260,0.031462,-0.084522
776,97660.137964604,0.494981,0.977101,0.552504,-0.009426,-0.202956,-0.027739,-0.057625,0.031135,-0.085182
777,97660.142908452,0.494982,0.978104,0.552354,-0.013037,-0.202999,-0.029465,-0.057993,0.030806,-0.085847
778,97660.147852299,0.495000,0.979107,0.552195,-0.016274,-0.203693,-0.030448,-0.058360,0.030477,-0.086511
779,97660.152796147,0.495034,0.980115,0.552031,-0.019137,-0.205082,-0.030586,-0.058728,0.030148,-0.087175
780,97660.157739995,0.495082,0.981130,0.551866,-0.021473,-0.206848,-0.030082,-0.059096,0.029819,-0.087840
781,97660.162683842,0.495141,0.982154,0.551704,-0.022895,-0.209014,-0.028969,-0.059463,0.029490,-0.088504
782,97660.167597172,0.495206,0.983183,0.551547,-0.023408,-0.211445,-0.027783,-0.059829,0.029163,-0.089164
783,97660.172541020,0.495273,0.984231,0.551396,-0.023108,-0.214332,-0.026708,-0.060197,0.028834,-0.089829
784,97660.177484868,0.495339,0.985293,0.551249,-0.022287,-0.217671,-0.025743,-0.060564,0.028505,-0.090493
785,97660.182428715,0.495400,0.986371,0.551107,-0.021021,-0.221460,-0.024788,-0.060932,0.028176,-0.091157
786,97660.187372563,0.495454,0.987468,0.550970,-0.019510,-0.225606,-0.024359,-0.061300,0.027847,-0.091822
787,97660.192316411,0.495499,0.988584,0.550834,-0.017875,-0.229862,-0.024569,-0.061667,0.027518,-0.092486
788,97660.197229741,0.495536,0.989715,0.550699,-0.016208,-0.234492,-0.025472,-0.062033,0.027191,-0.093146
789,97660.202173588,0.495563,0.990875,0.550558,-0.014743,-0.239373,-0.026854,-0.062401,0.026862,-0.093811
790,97660.207117436,0.495582,0.992059,0.550409,-0.013501,-0.244851,-0.028414,-0.062768,0.026533,-0.094475
791,97660.212061284,0.495593,0.993269,0.550253,-0.012697,-0.250778,-0.029743,-0.063136,0.026203,-0.095139
792,97660.217005131,0.495599,0.994508,0.550090,-0.012300,-0.256691,-0.030722,-0.063504,0.025874,-0.095804
793,97660.221918461,0.495602,0.995769,0.549923,-0.012540,-0.262669,-0.031348,-0.063869,0.025547,-0.096464
794,97660.226831791,0.495605,0.997059,0.549753,-0.013185,-0.268418,-0.031681,-0.064234,0.025220,-0.097124
795,97660.231806157,0.495609,0.998394,0.549578,-0.014184,-0.274018,-0.032122,-0.064604,0.024889,-0.097793
796,97660.236719487,0.495617,0.999740,0.549403,-0.015911,-0.279289,-0.032341,-0.064970,0.024562,-0.098453
797,97660.241693852,0.495633,1.001129,0.549224,-0.018341,-0.284375,-0.032382,-0.065340,0.024231,-0.099121
798,97660.246637700,0.495660,1.002535,0.549046,-0.021398,-0.289340,-0.032271,-0.065708,0.023902,-0.099786
799,97660.251581547,0.495700,1.003967,0.548867,-0.024996,-0.294167,-0.032424,-0.066075,0.023573,-0.100450
800,97660.256525395,0.495757,1.005423,0.548687,-0.028864,-0.298584,-0.032958,-0.065759,0.022757,-0.100951
801,97660.261469243,0.495833,1.006902,0.548505,-0.032933,-0.302651,-0.033647,-0.065443,0.021941,-0.101453
802,97660.266413090,0.495927,1.008401,0.548318,-0.037328,-0.306514,-0.034148,-0.065127,0.021124,-0.101954
803,97660.271326420,0.496042,1.009912,0.548129,-0.041726,-0.310218,-0.034298,-0.064813,0.020313,-0.102453
804,97660.276270268,0.496178,1.011451,0.547938,-0.046072,-0.313521,-0.034506,-0.064497,0.019497,-0.102954
805,97660.281214116,0.496335,1.013007,0.547745,-0.050258,-0.316324,-0.035023,-0.064181,0.018681,-0.103456
806,97660.286157963,0.496512,1.014578,0.547549,-0.054363,-0.318926,-0.035950,-0.063865,0.017864,-0.103957
807,97660.291101811,0.496708,1.016162,0.547348,-0.058049,-0.321706,-0.037234,-0.063549,0.017048,-0.104458
808,97660.296045659,0.496922,1.017761,0.547141,-0.061445,-0.324860,-0.038941,-0.063233,0.016232,-0.104960
809,97660.300958989,0.497151,1.019367,0.546926,-0.064576,-0.328427,-0.041099,-0.062919,0.015421,-0.105458
810,97660.305902836,0.497395,1.021000,0.546698,-0.067552,-0.332052,-0.043505,-0.062603,0.014605,-0.105960
811,97660.310846684,0.497654,1.022652,0.546458,-0.070415,-0.335900,-0.045924,-0.062286,0.013788,-0.106461
812,97660.315790532,0.497925,1.024323,0.546206,-0.072928,-0.339763,-0.048484,-0.061970,0.012972,-0.106962
813,97660.320734379,0.498208,1.026014,0.545940,-0.075178,-0.343647,-0.050966,-0.061654,0.012156,-0.107464
814,97660.325647709,0.498499,1.027714,0.545664,-0.076940,-0.347555,-0.053562,-0.061340,0.011345,-0.107962
815,97660.330561039,0.498798,1.029433,0.545374,-0.078174,-0.351483,-0.056339,-0.061026,0.010533,-0.108460
816,97660.335504887,0.499104,1.031182,0.545069,-0.078883,-0.355455,-0.058651,-0.060710,0.009717,-0.108962
817,97660.340418217,0.499410,1.032940,0.544754,-0.079119,-0.359178,-0.060530,-0.060396,0.008906,-0.109460
818,97660.345392582,0.499720,1.034738,0.544425,-0.078780,-0.362809,-0.062108,-0.060078,0.008085,-0.109965
819,97660.350336430,0.500026,1.036543,0.544091,-0.077769,-0.366336,-0.063841,-0.059762,0.007268,-0.110466
820,97660.355249760,0.500324,1.038354,0.543750,-0.076558,-0.370067,-0.066022,-0.059448,0.006457,-0.110964
821,97660.360193608,0.500617,1.040194,0.543396,-0.075080,-0.374316,-0.068543,-0.059132,0.005641,-0.111466
822,97660.365137455,0.500901,1.042054,0.543029,-0.073811,-0.378787,-0.071524,-0.058816,0.004825,-0.111967
823,97660.370050786,0.501177,1.043925,0.542649,-0.072757,-0.383744,-0.074856,-0.058502,0.004014,-0.112466
824,97660.374994633,0.501447,1.045831,0.542251,-0.072272,-0.389147,-0.078461,-0.058186,0.003197,-0.112967
825,97660.379938481,0.501714,1.047764,0.541835,-0.072483,-0.394874,-0.081909,-0.057870,0.002381,-0.113469
826,97660.384882328,0.501980,1.049724,0.541401,-0.073635,-0.400751,-0.084945,-0.057553,0.001565,-0.113970
827,97660.389826176,0.502251,1.051714,0.540951,-0.075753,-0.406692,-0.087202,-0.057237,0.000749,-0.114471
828,97660.394770024,0.502530,1.053734,0.540490,-0.078451,-0.412343,-0.089291,-0.056921,-0.000068,-0.114973
829,97660.399683354,0.502820,1.055769,0.540021,-0.081485,-0.417301,-0.091301,-0.056607,-0.000879,-0.115471
830,97660.404627202,0.503125,1.057842,0.539539,-0.084750,-0.421736,-0.093178,-0.056291,-0.001695,-0.115973
831,97660.409571049,0.503445,1.059937,0.539047,-0.088221,-0.425941,-0.095012,-0.055975,-0.002511,-0.116474
832,97660.414514897,0.503781,1.062054,0.538545,-0.091718,-0.430403,-0.096772,-0.055659,-0.003328,-0.116975
833,97660.419458745,0.504134,1.064193,0.538034,-0.095056,-0.434852,-0.098678,-0.055343,-0.004144,-0.117477
834,97660.424402592,0.504502,1.066355,0.537513,-0.098014,-0.439296,-0.100494,-0.054965,-0.004999,-0.117164
835,97660.429315922,0.504881,1.068526,0.536986,-0.100429,-0.443956,-0.101700,-0.054589,-0.005849,-0.116854
836,97660.434259770,0.505273,1.070734,0.536450,-0.102418,-0.449253,-0.101939,-0.054210,-0.006705,-0.116541
837,97660.439203618,0.505674,1.072968,0.535911,-0.104040,-0.454965,-0.101348,-0.053832,-0.007560,-0.116229
838,97660.444147465,0.506082,1.075231,0.535375,-0.105442,-0.461222,-0.100237,-0.053454,-0.008415,-0.115916
839,97660.449091313,0.506495,1.077526,0.534845,-0.107305,-0.468499,-0.098508,-0.053075,-0.009271,-0.115604
840,97660.454004643,0.506913,1.079842,0.534325,-0.109857,-0.477031,-0.096374,-0.052700,-0.010121,-0.115293
841,97660.458948491,0.507345,1.082216,0.533812,-0.113131,-0.487077,-0.094188,-0.052321,-0.010976,-0.114980
842,97660.463892338,0.507791,1.084640,0.533309,-0.117171,-0.498131,-0.092044,-0.051943,-0.011831,-0.114668
843,97660.468836186,0.508255,1.087119,0.532815,-0.121888,-0.509978,-0.090359,-0.051565,-0.012687,-0.114355
844,97660.473780034,0.508740,1.089659,0.532329,-0.127258,-0.522378,-0.088486,-0.051186,-0.013542,-0.114043
845,97660.478693364,0.509245,1.092244,0.531854,-0.133121,-0.534798,-0.086641,-0.050810,-0.014392,-0.113732
846,97660.483667729,0.509784,1.094925,0.531381,-0.139225,-0.547277,-0.085100,-0.050430,-0.015253,-0.113418
847,97660.488581059,0.510343,1.097636,0.530920,-0.145309,-0.559282,-0.083740,-0.050054,-0.016103,-0.113107
848,97660.493524907,0.510933,1.100425,0.530462,-0.151502,-0.571410,-0.082003,-0.049675,-0.016958,-0.112795
849,97660.498468754,0.511551,1.103274,0.530011,-0.157717,-0.584076,-0.079145,-0.049297,-0.017813,-0.112482
850,97660.503382084,0.512193,1.106170,0.529576,-0.163919,-0.596752,-0.075364,-0.047906,-0.017395,-0.110734
851,97660.508325932,0.512868,1.109148,0.529155,-0.169772,-0.609481,-0.071121,-0.046507,-0.016975,-0.108975
852,97660.513269780,0.513568,1.112190,0.528755,-0.175409,-0.622280,-0.066552,-0.045107,-0.016554,-0.107216
853,97660.518213627,0.514295,1.115297,0.528375,-0.180948,-0.635859,-0.061754,-0.043708,-0.016134,-0.105457
854,97660.523187993,0.515050,1.118492,0.528016,-0.186466,-0.650528,-0.056196,-0.042300,-0.015711,-0.103687
855,97660.528101323,0.515821,1.121722,0.527688,-0.192136,-0.666179,-0.049966,-0.040909,-0.015293,-0.101939
856,97660.533075688,0.516626,1.125071,0.527385,-0.197645,-0.682999,-0.042947,-0.039501,-0.014870,-0.100169
857,97660.537989018,0.517446,1.128463,0.527119,-0.202843,-0.700223,-0.035773,-0.038110,-0.014452,-0.098420
858,97660.542902348,0.518288,1.131941,0.526886,-0.207825,-0.718301,-0.028398,-0.036719,-0.014034,-0.096672
859,97660.547846196,0.519156,1.135532,0.526687,-0.212902,-0.737314,-0.021261,-0.035319,-0.013613,-0.094913
860,97660.552790043,0.520046,1.139218,0.526522,-0.218395,-0.756591,-0.014253,-0.033920,-0.013193,-0.093154
861,97660.557703373,0.520953,1.142978,0.526391,-0.224162,-0.775915,-0.007583,-0.032529,-0.012775,-0.091406
862,97660.562647221,0.521891,1.146858,0.526291,-0.230827,-0.795585,-0.000870,-0.031130,-0.012354,-0.089647
863,97660.567591069,0.522858,1.150837,0.526222,-0.238421,-0.815585,0.006203,-0.029730,-0.011934,-0.087888
864,97660.572534916,0.523859,1.154917,0.526186,-0.246923,-0.835641,0.013794,-0.028331,-0.011513,-0.086129
865,97660.577478764,0.524897,1.159098,0.526186,-0.256472,-0.855805,0.021852,-0.026931,-0.011093,-0.084370
866,97660.582392094,0.525973,1.163355,0.526223,-0.266892,-0.876296,0.030979,-0.025540,-0.010675,-0.082622
867,97660.587335942,0.527103,1.167742,0.526304,-0.278776,-0.897321,0.041977,-0.024141,-0.010254,-0.080862
868,97660.592279789,0.528287,1.172237,0.526437,-0.291807,-0.918069,0.054495,-0.022741,-0.009834,-0.079103
869,97660.597223637,0.529533,1.176838,0.526630,-0.305802,-0.937834,0.067798,-0.021342,-0.009413,-0.077344
870,97660.602136967,0.530836,1.181511,0.526884,-0.320044,-0.956489,0.081617,-0.019951,-0.008995,-0.075596
871,97660.607080815,0.532215,1.186309,0.527207,-0.333680,-0.974320,0.095996,-0.018551,-0.008575,-0.073837
872,97660.612024662,0.533658,1.191199,0.527598,-0.346650,-0.991506,0.110781,-0.017152,-0.008154,-0.072078
873,97660.616968510,0.535162,1.196178,0.528061,-0.357893,-1.008741,0.126404,-0.015752,-0.007734,-0.070319
874,97660.621881840,0.536710,1.201214,0.528595,-0.366804,-1.026258,0.142641,-0.014361,-0.007316,-0.068571
875,97660.626856205,0.538318,1.206403,0.529215,-0.373957,-1.043830,0.157502,-0.012953,-0.006893,-0.066801
876,97660.631800053,0.539950,1.211649,0.529903,-0.379502,-1.061313,0.170513,-0.011554,-0.006472,-0.065042
877,97660.636743901,0.541605,1.216983,0.530655,-0.383391,-1.079675,0.182511,-0.010154,-0.006051,-0.063283
878,97660.641687748,0.543277,1.222410,0.531464,-0.385910,-1.098505,0.193663,-0.008755,-0.005631,-0.061524
879,97660.646601078,0.544948,1.227897,0.532321,-0.387746,-1.116899,0.203272,-0.007364,-0.005213,-0.059776
880,97660.651544926,0.546634,1.233509,0.533230,-0.388866,-1.134049,0.211303,-0.005965,-0.004792,-0.058016
881,97660.656458256,0.548313,1.239172,0.534172,-0.389354,-1.149557,0.217581,-0.004574,-0.004375,-0.056268
882,97660.661402104,0.550002,1.244948,0.535150,-0.389501,-1.163705,0.222801,-0.003174,-0.003954,-0.054509
883,97660.666345952,0.551688,1.250793,0.536152,-0.389393,-1.176348,0.228581,-0.001775,-0.003533,-0.052750
884,97660.671289799,0.553372,1.256701,0.537183,-0.388726,-1.186880,0.236106,-0.000375,-0.003113,-0.050991
885,97660.676233647,0.555051,1.262662,0.538250,-0.387499,-1.193089,0.245881,0.001024,-0.002692,-0.049232
886,97660.681146977,0.556712,1.268617,0.539358,-0.384844,-1.193970,0.258582,0.002415,-0.002274,-0.047484
887,97660.686090825,0.558372,1.274613,0.540536,-0.380715,-1.193054,0.273439,0.003815,-0.001854,-0.045725
888,97660.691034672,0.560013,1.280605,0.541788,-0.375935,-1.192732,0.288855,0.005214,-0.001433,-0.043966
889,97660.695978520,0.561631,1.286595,0.543117,-0.370547,-1.192836,0.303518,0.006614,-0.001013,-0.042207
890,97660.700922368,0.563223,1.292585,0.544518,-0.364800,-1.193058,0.316595,0.008013,-0.000592,-0.040448
891,97660.705835698,0.564778,1.298540,0.545975,-0.358562,-1.193171,0.328004,0.009404,-0.000174,-0.038699
892,97660.710779545,0.566313,1.304531,0.547499,-0.352160,-1.193300,0.338656,0.010803,0.000246,-0.036940
893,97660.715723393,0.567817,1.310521,0.549075,-0.347002,-1.192770,0.349202,0.012203,0.000667,-0.035181
894,97660.720667241,0.569297,1.316509,0.550704,-0.343164,-1.189755,0.359104,0.013602,0.001087,-0.033422
895,97660.725580571,0.570750,1.322445,0.552372,-0.340122,-1.183090,0.367964,0.014993,0.001505,-0.031674
896,97660.730554936,0.572208,1.328422,0.554105,-0.337622,-1.173791,0.377814,0.016401,0.001928,-0.029904
897,97660.735529301,0.573656,1.334352,0.555888,-0.336027,-1.162528,0.388718,0.017810,0.002351,-0.028134
898,97660.740442631,0.575082,1.340154,0.557704,-0.334566,-1.149129,0.399618,0.019200,0.002769,-0.026386
899,97660.745386479,0.576513,1.345927,0.559586,-0.332046,-1.133726,0.409616,0.020600,0.003190,-0.024627
900,97660.750299809,0.577927,1.351589,0.561506,-0.328535,-1.117026,0.417892,0.021575,0.004398,-0.022104
901,97660.755243657,0.579337,1.357203,0.563480,-0.323956,-1.099571,0.424433,0.022556,0.005614,-0.019565
902,97660.760156987,0.580719,1.362696,0.565476,-0.318530,-1.082265,0.429252,0.023531,0.006822,-0.017041
903,97660.765100834,0.582088,1.368137,0.567509,-0.312653,-1.065779,0.433199,0.024512,0.008038,-0.014502
904,97660.770044682,0.583431,1.373496,0.569563,-0.307088,-1.050423,0.437301,0.025493,0.009254,-0.011963
905,97660.774988530,0.584751,1.378778,0.571639,-0.302062,-1.035774,0.441982,0.026473,0.010470,-0.009424
906,97660.779932377,0.586049,1.383986,0.573739,-0.297805,-1.021736,0.447128,0.027454,0.011686,-0.006885
907,97660.784845707,0.587322,1.389093,0.575853,-0.294256,-1.008466,0.452689,0.028429,0.012894,-0.004362
908,97660.789789555,0.588589,1.394166,0.578008,-0.291536,-0.995694,0.458459,0.029410,0.014110,-0.001823
909,97660.794733403,0.589845,1.399175,0.580193,-0.290442,-0.983539,0.463654,0.030391,0.015326,0.000716
910,97660.799677250,0.591099,1.404125,0.582405,-0.291247,-0.972575,0.467864,0.031372,0.016541,0.003255
911,97660.804621098,0.592359,1.409021,0.584637,-0.293725,-0.963455,0.471052,0.032353,0.017757,0.005794
912,97660.809564946,0.593634,1.413872,0.586886,-0.297480,-0.956520,0.472988,0.033334,0.018973,0.008333
913,97660.814478276,0.594921,1.418661,0.589131,-0.301584,-0.952081,0.473671,0.034309,0.020181,0.010857
914,97660.819422123,0.596238,1.423458,0.591393,-0.305244,-0.949869,0.473906,0.035290,0.021397,0.013396
915,97660.824335453,0.597564,1.428215,0.593642,-0.308856,-0.949742,0.472863,0.036265,0.022606,0.015919
916,97660.829309819,0.598925,1.433032,0.595913,-0.313275,-0.951051,0.471222,0.037252,0.023829,0.018474
917,97660.834284184,0.600308,1.437856,0.598176,-0.317924,-0.953186,0.469106,0.038239,0.025052,0.021029
918,97660.839228032,0.601705,1.442662,0.600414,-0.322238,-0.955164,0.466194,0.039220,0.026268,0.023568
919,97660.844141362,0.603113,1.447449,0.602624,-0.326101,-0.956149,0.462668,0.040195,0.027476,0.026091
920,97660.849085209,0.604549,1.452270,0.604829,-0.329991,-0.955169,0.458422,0.041175,0.028692,0.028630
921,97660.854029057,0.606004,1.457088,0.607014,-0.334366,-0.952051,0.453387,0.042156,0.029908,0.031169
922,97660.858972905,0.607481,1.461891,0.609173,-0.339692,-0.947125,0.447730,0.043137,0.031124,0.033708
923,97660.863886235,0.608975,1.466641,0.611291,-0.345580,-0.940595,0.441262,0.044112,0.032332,0.036232
924,97660.868830082,0.610509,1.471389,0.613390,-0.351237,-0.932631,0.434313,0.045093,0.033548,0.038771
925,97660.873773930,0.612072,1.476098,0.615455,-0.356910,-0.923298,0.426884,0.046074,0.034764,0.041310
926,97660.878717778,0.613665,1.480762,0.617483,-0.363283,-0.912810,0.419124,0.047055,0.035980,0.043849
927,97660.883631108,0.615280,1.485347,0.619461,-0.369807,-0.901738,0.411140,0.048030,0.037188,0.046372
928,97660.888574955,0.616940,1.489906,0.621412,-0.375675,-0.890211,0.402482,0.049011,0.038404,0.048911
929,97660.893518803,0.618631,1.494409,0.623320,-0.380701,-0.878264,0.392347,0.049992,0.039619,0.051450
930,97660.898462651,0.620348,1.498854,0.625178,-0.384978,-0.865881,0.380853,0.050973,0.040835,0.053989
931,97660.903406498,0.622089,1.503238,0.626980,-0.388464,-0.853327,0.367929,0.051954,0.042051,0.056528
932,97660.908350346,0.623848,1.507559,0.628719,-0.391577,-0.840670,0.353727,0.052935,0.043267,0.059067
933,97660.913263676,0.625613,1.511792,0.630378,-0.394027,-0.828107,0.338593,0.053910,0.044475,0.061591
934,97660.918207524,0.627404,1.515988,0.631973,-0.396156,-0.815635,0.322408,0.054891,0.045691,0.064130
935,97660.923151371,0.629206,1.520122,0.633488,-0.397494,-0.803453,0.305870,0.055871,0.046907,0.066669
936,97660.928095219,0.631016,1.524196,0.634922,-0.398330,-0.791515,0.288973,0.056852,0.048123,0.069208
937,97660.933039067,0.632832,1.528209,0.636274,-0.399068,-0.779633,0.271473,0.057833,0.049339,0.071747
938,97660.937982914,0.634653,1.532163,0.637539,-0.399331,-0.767936,0.253427,0.058814,0.050554,0.074286
939,97660.942926762,0.636476,1.536058,0.638716,-0.398752,-0.756987,0.234867,0.059795,0.051770,0.076825
940,97660.947840092,0.638287,1.539874,0.639795,-0.397224,-0.747212,0.216279,0.060770,0.052979,0.079348
941,97660.952783940,0.640101,1.543664,0.640790,-0.395082,-0.738853,0.197488,0.061751,0.054194,0.081887
942,97660.957727787,0.641906,1.547411,0.641693,-0.392273,-0.731964,0.178482,0.062732,0.055410,0.084426
943,97660.962641118,0.643686,1.551099,0.642497,-0.388863,-0.726529,0.159407,0.063707,0.056618,0.086950
944,97660.967584965,0.645460,1.554781,0.643213,-0.384977,-0.722316,0.139930,0.064688,0.057834,0.089489
945,97660.972528813,0.647214,1.558441,0.643832,-0.380690,-0.719464,0.120027,0.065669,0.059050,0.092028
946,97660.977472661,0.648947,1.562084,0.644354,-0.375908,-0.717900,0.099675,0.066650,0.060266,0.094567
947,97660.982416508,0.650654,1.565717,0.644776,-0.370960,-0.717382,0.079000,0.067631,0.061482,0.097106
948,97660.987329838,0.652326,1.569323,0.645094,-0.365747,-0.717545,0.057988,0.068606,0.062690,0.099629
949,97660.992273686,0.653980,1.572950,0.645311,-0.360115,-0.718735,0.036883,0.069586,0.063906,0.102168
950,97660.997217534,0.655605,1.576579,0.645423,-0.354244,-0.720856,0.015685,0.068699,0.062923,0.102235
951,97661.002161381,0.657199,1.580217,0.645431,-0.348074,-0.723564,-0.005576,0.067812,0.061939,0.102301
952,97661.007105229,0.658760,1.583866,0.645334,-0.342058,-0.726694,-0.026936,0.066925,0.060956,0.102367
953,97661.012049077,0.660290,1.587527,0.645132,-0.336151,-0.730260,-0.048106,0.066038,0.059973,0.102434
954,97661.016962407,0.661778,1.591180,0.644828,-0.330162,-0.734056,-0.068542,0.065156,0.058996,0.102500
955,97661.021906254,0.663244,1.594873,0.644421,-0.324273,-0.738108,-0.088534,0.064269,0.058013,0.102566
956,97661.026850102,0.664679,1.598583,0.643915,-0.318544,-0.742568,-0.107626,0.063382,0.057029,0.102632
957,97661.031793950,0.666083,1.602312,0.643314,-0.312995,-0.747324,-0.125864,0.062495,0.056046,0.102699
958,97661.036707280,0.667449,1.606040,0.642629,-0.307975,-0.751919,-0.143112,0.061613,0.055069,0.102764
959,97661.041620610,0.668788,1.609788,0.641858,-0.303865,-0.756258,-0.159028,0.060732,0.054092,0.102830
960,97661.046564457,0.670113,1.613578,0.641004,-0.300462,-0.760615,-0.173261,0.059845,0.053109,0.102897
961,97661.051508305,0.671419,1.617389,0.640080,-0.297458,-0.765066,-0.185114,0.058957,0.052125,0.102963
962,97661.056452153,0.672708,1.621220,0.639097,-0.294255,-0.770152,-0.194716,0.058070,0.051142,0.103029
963,97661.061396000,0.673980,1.625075,0.638067,-0.290311,-0.776122,-0.202527,0.057183,0.050159,0.103096
964,97661.066309330,0.675223,1.628934,0.637004,-0.285425,-0.783049,-0.209693,0.056302,0.049182,0.103162
965,97661.071253178,0.676447,1.632850,0.635899,-0.280075,-0.791502,-0.216745,0.055414,0.048198,0.103228
966,97661.076197026,0.677643,1.636806,0.634760,-0.274434,-0.801174,-0.222716,0.054527,0.047215,0.103294
967,97661.081140873,0.678808,1.640808,0.633591,-0.268332,-0.811892,-0.227585,0.053640,0.046232,0.103360
968,97661.086084721,0.679941,1.644861,0.632397,-0.262417,-0.824012,-0.231305,0.052753,0.045249,0.103427
969,97661.091028569,0.681041,1.648973,0.631185,-0.257658,-0.837391,-0.234038,0.051866,0.044265,0.103493
970,97661.095941899,0.682108,1.653124,0.629967,-0.253712,-0.851009,-0.236397,0.050984,0.043288,0.103559
971,97661.100885746,0.683159,1.657367,0.628728,-0.250717,-0.864631,-0.237871,0.050097,0.042305,0.103625
972,97661.105829594,0.684192,1.661676,0.627482,-0.249021,-0.878158,-0.236600,0.049210,0.041322,0.103692
973,97661.110773442,0.685214,1.666052,0.626242,-0.249008,-0.891958,-0.231951,0.048517,0.040373,0.102058
974,97661.115717289,0.686234,1.670497,0.625023,-0.251198,-0.906862,-0.222690,0.047825,0.039424,0.100424
975,97661.120661137,0.687261,1.675016,0.623849,-0.254979,-0.923387,-0.208592,0.047132,0.038475,0.098789
976,97661.125574467,0.688298,1.679590,0.622751,-0.259702,-0.941815,-0.189740,0.046444,0.037532,0.097166
977,97661.130487797,0.689356,1.684256,0.621744,-0.265377,-0.962368,-0.165668,0.045755,0.036589,0.095542
978,97661.135431645,0.690446,1.689056,0.620848,-0.271847,-0.985455,-0.136203,0.045062,0.035640,0.093907
979,97661.140375493,0.691564,1.693973,0.620095,-0.279080,-1.012451,-0.101884,0.044370,0.034691,0.092273
980,97661.145319340,0.692715,1.699027,0.619510,-0.286853,-1.043621,-0.064013,0.043677,0.033743,0.090639
981,97661.150263188,0.693900,1.704239,0.619110,-0.294479,-1.077712,-0.025216,0.042984,0.032794,0.089005
982,97661.155207036,0.695119,1.709624,0.618899,-0.300812,-1.113137,0.010490,0.042292,0.031845,0.087371
983,97661.160150883,0.696363,1.715187,0.618862,-0.304786,-1.148194,0.038652,0.041599,0.030896,0.085737
984,97661.165094731,0.697621,1.720926,0.618961,-0.305336,-1.181744,0.057253,0.040906,0.029947,0.084103
985,97661.170008061,0.698869,1.726796,0.619150,-0.302709,-1.213707,0.065878,0.040218,0.029004,0.082479
986,97661.174951909,0.700105,1.732860,0.619380,-0.297499,-1.244911,0.065052,0.039525,0.028055,0.080845
987,97661.179895756,0.701308,1.739076,0.619605,-0.290322,-1.275200,0.055702,0.038832,0.027106,0.079211
988,97661.184839604,0.702469,1.745441,0.619783,-0.282388,-1.303935,0.039891,0.038140,0.026157,0.077577
989,97661.189783452,0.703583,1.751944,0.619881,-0.275305,-1.330249,0.020492,0.037447,0.025209,0.075943
990,97661.194727299,0.704655,1.758575,0.619882,-0.269662,-1.352738,-0.000030,0.036754,0.024260,0.074309
991,97661.199640629,0.705686,1.765272,0.619782,-0.264711,-1.370183,-0.020367,0.036066,0.023317,0.072685
992,97661.204584477,0.706694,1.772095,0.619579,-0.258488,-1.381637,-0.040593,0.035373,0.022368,0.071051
993,97661.209528325,0.707667,1.778972,0.619277,-0.249035,-1.385900,-0.060680,0.034680,0.021419,0.069417
994,97661.214472172,0.708592,1.785867,0.618875,-0.235018,-1.383166,-0.080964,0.033988,0.020470,0.067783
995,97661.219385502,0.709441,1.792701,0.618378,-0.216314,-1.374346,-0.100533,0.033299,0.019527,0.066159
996,97661.224329350,0.710203,1.799529,0.617783,-0.192844,-1.360439,-0.117907,0.032607,0.018578,0.064525
997,97661.229273198,0.710851,1.806282,0.617104,-0.165759,-1.342863,-0.130044,0.031914,0.017629,0.062891
998,97661.234217045,0.711369,1.812942,0.616369,-0.137134,-1.322746,-0.134264,0.031221,0.016680,0.061256
999,97661.239130375,0.711747,1.819455,0.615620,-0.109082,-1.300858,-0.127970,0.030533,0.015737,0.059633
1000,97661.244074223,0.711993,1.825895,0.614902,-0.083501,-1.277569,-0.108677,0.028601,0.014176,0.057659
1001,97661.249018071,0.712120,1.832216,0.614282,-0.061557,-1.253315,-0.075532,0.027300,0.013947,0.054736
1002,97661.253961918,0.712147,1.838414,0.613829,-0.042459,-1.228674,-0.030425,0.025999,0.013719,0.051813
1003,97661.258905766,0.712087,1.844490,0.613602,-0.024631,-1.206731,0.016531,0.024698,0.013490,0.048891
1004,97661.263849614,0.711948,1.850456,0.613609,-0.008326,-1.186686,0.063753,0.023397,0.013262,0.045968
1005,97661.268793461,0.711735,1.856322,0.613853,0.004994,-1.167317,0.111269,0.022096,0.013033,0.043046
1006,97661.273706791,0.711467,1.862057,0.614331,0.014247,-1.148013,0.158573,0.020802,0.012806,0.040141
1007,97661.278650639,0.711158,1.867734,0.615047,0.020328,-1.128891,0.200241,0.019501,0.012578,0.037219
1008,97661.283594487,0.710827,1.873318,0.615970,0.023463,-1.110850,0.229766,0.018200,0.012349,0.034296
1009,97661.288538334,0.710486,1.878813,0.617041,0.024112,-1.094490,0.249123,0.016899,0.012121,0.031374
1010,97661.293482182,0.710147,1.884229,0.618209,0.023913,-1.080136,0.260083,0.015598,0.011892,0.028451
1011,97661.298426030,0.709813,1.889575,0.619432,0.024156,-1.067031,0.262475,0.014296,0.011664,0.025528
1012,97661.303339360,0.709482,1.894823,0.620659,0.025050,-1.052709,0.253867,0.013003,0.011437,0.022624
1013,97661.308283207,0.709148,1.900033,0.621853,0.026697,-1.034818,0.233283,0.011702,0.011208,0.019701
1014,97661.313227055,0.708808,1.905152,0.622946,0.030711,-1.012866,0.201844,0.010401,0.010980,0.016779
1015,97661.318170903,0.708451,1.910161,0.623886,0.038371,-0.986852,0.160660,0.009100,0.010751,0.013856
1016,97661.323084233,0.708061,1.915006,0.624619,0.048152,-0.957589,0.112462,0.007807,0.010524,0.010952
1017,97661.328028080,0.707623,1.919732,0.625121,0.056890,-0.924276,0.062302,0.006505,0.010296,0.008029
1018,97661.332971928,0.707145,1.924288,0.625378,0.061103,-0.886481,0.018784,0.005204,0.010067,0.005107
1019,97661.337885258,0.706655,1.928628,0.625422,0.058493,-0.843825,-0.011652,0.003911,0.009840,0.002202
1020,97661.342829106,0.706182,1.932782,0.625318,0.049312,-0.795749,-0.028139,0.002610,0.009612,-0.000721
1021,97661.347772953,0.705764,1.936699,0.625135,0.034726,-0.743083,-0.032943,0.001309,0.009383,-0.003643
1022,97661.352716801,0.705428,1.940359,0.624931,0.014715,-0.688021,-0.029351,0.000007,0.009155,-0.006566
1023,97661.357660649,0.705204,1.943752,0.624745,-0.011314,-0.634382,-0.019735,-0.001294,0.008926,-0.009488
1024,97661.362604496,0.705121,1.946886,0.624609,-0.043724,-0.586099,-0.006716,-0.002595,0.008698,-0.012411
1025,97661.367517827,0.705208,1.949772,0.624538,-0.081007,-0.545876,0.006714,-0.003888,0.008470,-0.015315
1026,97661.372492192,0.705492,1.952503,0.624533,-0.120323,-0.514341,0.018227,-0.005197,0.008241,-0.018256
1027,97661.377436039,0.705976,1.955070,0.624583,-0.156560,-0.492567,0.025955,-0.006499,0.008012,-0.021178
1028,97661.382379887,0.706644,1.957538,0.624670,-0.186361,-0.480234,0.029248,-0.007800,0.007784,-0.024101
1029,97661.387323735,0.707462,1.959952,0.624772,-0.207932,-0.475485,0.028610,-0.009101,0.007555,-0.027024
1030,97661.392267582,0.708387,1.962347,0.624870,-0.221808,-0.476140,0.025017,-0.010402,0.007327,-0.029946
1031,97661.397211430,0.709381,1.964748,0.624948,-0.228472,-0.480526,0.019491,-0.011703,0.007098,-0.032869
1032,97661.402124760,0.710400,1.967157,0.624998,-0.228088,-0.487091,0.012742,-0.012997,0.006871,-0.035773
1033,97661.407068608,0.711422,1.969613,0.625015,-0.220491,-0.494426,0.005793,-0.014298,0.006642,-0.038696
1034,97661.412012455,0.712403,1.972103,0.624998,-0.207275,-0.501494,-0.001418,-0.015599,0.006414,-0.041618
1035,97661.416956303,0.713318,1.974624,0.624946,-0.190223,-0.506789,-0.008906,-0.016900,0.006185,-0.044541
1036,97661.421900151,0.714147,1.977168,0.624857,-0.171447,-0.509483,-0.015932,-0.018201,0.005957,-0.047464
1037,97661.426843998,0.714881,1.979720,0.624735,-0.152011,-0.509597,-0.022506,-0.019502,0.005728,-0.050386
1038,97661.431787846,0.715520,1.982269,0.624582,-0.132962,-0.507764,-0.028430,-0.020804,0.005500,-0.053309
1039,97661.436731694,0.716064,1.984803,0.624401,-0.115125,-0.504277,-0.034059,-0.022105,0.005271,-0.056231
1040,97661.441614506,0.716515,1.987285,0.624197,-0.098965,-0.499757,-0.039427,-0.023390,0.005046,-0.059118
1041,97661.446588871,0.716895,1.989788,0.623963,-0.083902,-0.494555,-0.044720,-0.024699,0.004816,-0.062058
1042,97661.451532719,0.717198,1.992246,0.623706,-0.070187,-0.488668,-0.049813,-0.026000,0.004587,-0.064981
1043,97661.456446049,0.717434,1.994656,0.623427,-0.058738,-0.482720,-0.054815,-0.027294,0.004360,-0.067885
1044,97661.461420414,0.717616,1.997064,0.623121,-0.049240,-0.476337,-0.060051,-0.028603,0.004130,-0.070826
1045,97661.466333745,0.717750,1.999409,0.622794,-0.041901,-0.469518,-0.065150,-0.029896,0.003903,-0.073731
1046,97661.471277592,0.717851,2.001733,0.622441,-0.036539,-0.462255,-0.070114,-0.031197,0.003675,-0.076653
1047,97661.476221440,0.717926,2.004019,0.622064,-0.032975,-0.454915,-0.075365,-0.032498,0.003446,-0.079576
1048,97661.481134770,0.717984,2.006254,0.621664,-0.031065,-0.448035,-0.080584,-0.033792,0.003219,-0.082480
1049,97661.486078618,0.718034,2.008469,0.621237,-0.030725,-0.442360,-0.085813,-0.035093,0.002991,-0.085403
1050,97661.491022465,0.718084,2.010655,0.620784,-0.031819,-0.438244,-0.091297,-0.035379,0.001996,-0.085788
1051,97661.495966313,0.718139,2.012820,0.620304,-0.034020,-0.435789,-0.096912,-0.035666,0.001001,-0.086172
1052,97661.500910161,0.718205,2.014974,0.619796,-0.036358,-0.434916,-0.102281,-0.035953,0.000006,-0.086557
1053,97661.505823491,0.718283,2.017110,0.619265,-0.038310,-0.435602,-0.107415,-0.036238,-0.000983,-0.086940
1054,97661.510767338,0.718369,2.019262,0.618706,-0.039952,-0.437365,-0.112229,-0.036524,-0.001978,-0.087325
1055,97661.515711186,0.718464,2.021424,0.618122,-0.041496,-0.439621,-0.116240,-0.036811,-0.002973,-0.087709
1056,97661.520624516,0.718564,2.023583,0.617521,-0.042855,-0.442148,-0.119362,-0.037096,-0.003962,-0.088092
1057,97661.525568364,0.718671,2.025769,0.616902,-0.044577,-0.444829,-0.121853,-0.037383,-0.004957,-0.088477
1058,97661.530512211,0.718786,2.027968,0.616270,-0.047035,-0.447610,-0.123828,-0.037669,-0.005952,-0.088862
1059,97661.535456059,0.718912,2.030181,0.615627,-0.050538,-0.450733,-0.125635,-0.037956,-0.006947,-0.089246
1060,97661.540399907,0.719055,2.032410,0.614975,-0.055119,-0.453986,-0.128021,-0.038243,-0.007942,-0.089631
1061,97661.545343754,0.719219,2.034656,0.614311,-0.060852,-0.457695,-0.130692,-0.038529,-0.008937,-0.090016
1062,97661.550287602,0.719411,2.036921,0.613634,-0.067646,-0.461496,-0.133322,-0.038816,-0.009932,-0.090401
1063,97661.555200932,0.719633,2.039192,0.612946,-0.075231,-0.465194,-0.135875,-0.039101,-0.010921,-0.090783
1064,97661.560144780,0.719894,2.041498,0.612241,-0.083570,-0.468709,-0.138579,-0.039388,-0.011916,-0.091168
1065,97661.565088627,0.720195,2.043822,0.611522,-0.091836,-0.472021,-0.141397,-0.039674,-0.012911,-0.091553
1066,97661.570032475,0.720536,2.046164,0.610788,-0.099911,-0.475571,-0.144116,-0.039961,-0.013906,-0.091938
1067,97661.574976323,0.720916,2.048525,0.610040,-0.107342,-0.479295,-0.146830,-0.040248,-0.014901,-0.092323
1068,97661.579889653,0.721328,2.050891,0.609282,-0.114204,-0.483438,-0.149320,-0.040533,-0.015890,-0.092705
1069,97661.584833500,0.721777,2.053294,0.608506,-0.120535,-0.488195,-0.151812,-0.040819,-0.016885,-0.093090
1070,97661.589777348,0.722255,2.055722,0.607718,-0.126167,-0.493515,-0.154375,-0.041106,-0.017880,-0.093475
1071,97661.594721196,0.722760,2.058177,0.606916,-0.131219,-0.499645,-0.156798,-0.041393,-0.018875,-0.093860
1072,97661.599665043,0.723288,2.060663,0.606101,-0.135731,-0.506690,-0.158581,-0.041679,-0.019870,-0.094245
1073,97661.604578373,0.723833,2.063169,0.605282,-0.139704,-0.514449,-0.159510,-0.041964,-0.020859,-0.094627
1074,97661.609522221,0.724400,2.065730,0.604452,-0.143410,-0.522749,-0.159427,-0.042251,-0.021854,-0.095012
1075,97661.614466069,0.724983,2.068333,0.603622,-0.146690,-0.531661,-0.158170,-0.042538,-0.022849,-0.095397
1076,97661.619409916,0.725581,2.070980,0.602798,-0.149311,-0.541028,-0.155868,-0.042824,-0.023844,-0.095782
1077,97661.624353764,0.726189,2.073675,0.601984,-0.151171,-0.550824,-0.152789,-0.043111,-0.024839,-0.096166
1078,97661.629267094,0.726802,2.076401,0.601189,-0.151949,-0.561237,-0.149606,-0.043396,-0.025828,-0.096549
1079,97661.634210942,0.727419,2.079196,0.600405,-0.151678,-0.572627,-0.146925,-0.043683,-0.026823,-0.096934
1080,97661.639154789,0.728033,2.082048,0.599633,-0.150750,-0.585239,-0.145501,-0.043969,-0.027818,-0.097319
1081,97661.644098637,0.728640,2.084962,0.598868,-0.149454,-0.599270,-0.144993,-0.044256,-0.028813,-0.097703
1082,97661.649042485,0.729238,2.087945,0.598104,-0.147874,-0.614411,-0.145047,-0.044543,-0.029808,-0.098088
1083,97661.653955815,0.729820,2.090983,0.597344,-0.146157,-0.630306,-0.144823,-0.044828,-0.030797,-0.098471
1084,97661.658869145,0.730391,2.094099,0.596584,-0.144435,-0.646373,-0.143388,-0.045113,-0.031786,-0.098853
1085,97661.663812993,0.730954,2.097313,0.595826,-0.142917,-0.662256,-0.140527,-0.045399,-0.032781,-0.099238
1086,97661.668756840,0.731506,2.100606,0.595081,-0.141949,-0.677447,-0.136560,-0.045686,-0.033776,-0.099623
1087,97661.673700688,0.732050,2.103974,0.594355,-0.142025,-0.692261,-0.132257,-0.045973,-0.034771,-0.100008
1088,97661.678644536,0.732591,2.107415,0.593649,-0.143629,-0.706781,-0.127503,-0.046259,-0.035766,-0.100393
1089,97661.683557866,0.733134,2.110907,0.592970,-0.146994,-0.721121,-0.122009,-0.046544,-0.036755,-0.100775
1090,97661.688501713,0.733695,2.114493,0.592313,-0.152258,-0.735543,-0.115876,-0.046831,-0.037750,-0.101160
1091,97661.693445561,0.734279,2.118151,0.591685,-0.159431,-0.749972,-0.109349,-0.047118,-0.038745,-0.101545
1092,97661.698389409,0.734895,2.121883,0.591088,-0.168597,-0.764369,-0.102859,-0.047404,-0.039740,-0.101930
1093,97661.703333256,0.735554,2.125688,0.590521,-0.180073,-0.778940,-0.095951,-0.047691,-0.040735,-0.102314
1094,97661.708246586,0.736263,2.129543,0.589990,-0.193834,-0.794487,-0.087859,-0.047976,-0.041724,-0.102697
1095,97661.713190434,0.737041,2.133504,0.589494,-0.209638,-0.811467,-0.078502,-0.048263,-0.042719,-0.103082
1096,97661.718134282,0.737895,2.137552,0.589042,-0.226211,-0.829858,-0.068490,-0.048549,-0.043714,-0.103467
1097,97661.723078129,0.738827,2.141695,0.588637,-0.242416,-0.849836,-0.058553,-0.048836,-0.044709,-0.103851
1098,97661.727991459,0.739829,2.145914,0.588281,-0.257616,-0.871057,-0.049617,-0.049121,-0.045698,-0.104234
1099,97661.732935307,0.740908,2.150269,0.587964,-0.271979,-0.893968,-0.042146,-0.049408,-0.046693,-0.104619
1100,97661.737879155,0.742054,2.154740,0.587682,-0.285676,-0.918455,-0.036486,-0.047663,-0.046154,-0.106875
1101,97661.742823002,0.743262,2.159336,0.587426,-0.298960,-0.944431,-0.031826,-0.045917,-0.045615,-0.109131
1102,97661.747766850,0.744531,2.164063,0.587190,-0.311914,-0.971462,-0.027379,-0.044172,-0.045076,-0.111388
1103,97661.752710698,0.745859,2.168926,0.586973,-0.324765,-0.998302,-0.022416,-0.042427,-0.044536,-0.113644
1104,97661.757654545,0.747244,2.173925,0.586778,-0.337509,-1.024489,-0.016278,-0.040682,-0.043997,-0.115900
1105,97661.762567875,0.748678,2.179025,0.586612,-0.349953,-1.049991,-0.008289,-0.038948,-0.043461,-0.118143
1106,97661.767511723,0.750178,2.184286,0.586483,-0.362109,-1.074862,0.001374,-0.037203,-0.042922,-0.120399
1107,97661.772455571,0.751732,2.189673,0.586398,-0.373783,-1.099253,0.011921,-0.035458,-0.042383,-0.122655
1108,97661.777399418,0.753340,2.195184,0.586363,-0.384791,-1.123766,0.022488,-0.033713,-0.041843,-0.124911
1109,97661.782343266,0.754998,2.200818,0.586379,-0.395193,-1.148878,0.033035,-0.031968,-0.041304,-0.127168
1110,97661.787256596,0.756692,2.206544,0.586443,-0.405061,-1.174924,0.043298,-0.030234,-0.040768,-0.129410
1111,97661.792200444,0.758440,2.212437,0.586557,-0.414767,-1.202250,0.053745,-0.028489,-0.040229,-0.131666
1112,97661.797144291,0.760231,2.218468,0.586720,-0.424259,-1.230454,0.064594,-0.026800,-0.039026,-0.133072
1113,97661.802088139,0.762063,2.224641,0.586934,-0.433573,-1.258350,0.074920,-0.025112,-0.037824,-0.134478
1114,97661.807031987,0.763936,2.230954,0.587197,-0.442538,-1.284294,0.084442,-0.023423,-0.036621,-0.135884
1115,97661.811945317,0.765837,2.237358,0.587503,-0.451017,-1.307424,0.093450,-0.021745,-0.035426,-0.137281
1116,97661.816889164,0.767787,2.243918,0.587853,-0.459777,-1.327816,0.102522,-0.020057,-0.034223,-0.138687
1117,97661.821833012,0.769776,2.250582,0.588246,-0.468823,-1.344922,0.112067,-0.018368,-0.033021,-0.140093
1118,97661.826776860,0.771807,2.257333,0.588684,-0.477601,-1.358014,0.123298,-0.016680,-0.031818,-0.141499
1119,97661.831720707,0.773880,2.264151,0.589177,-0.485693,-1.366079,0.137621,-0.014991,-0.030615,-0.142905
1120,97661.836664555,0.775991,2.271011,0.589739,-0.493301,-1.368120,0.154374,-0.013303,-0.029413,-0.144310
1121,97661.841577885,0.778128,2.277842,0.590380,-0.499702,-1.367349,0.171902,-0.011625,-0.028218,-0.145708
1122,97661.856409428,0.784677,2.298458,0.592572,-0.511738,-1.363660,0.221780,-0.006559,-0.024610,-0.149925
1123,97661.861322758,0.786910,2.305275,0.593543,-0.504626,-1.364506,0.237452,-0.004881,-0.023415,-0.151322
1124,97661.871210453,0.791335,2.319001,0.595652,-0.487278,-1.365068,0.273393,-0.001504,-0.021009,-0.154134
1125,97661.876154301,0.793464,2.325865,0.596885,-0.477995,-1.359263,0.295244,0.000184,-0.019807,-0.155540
1126,97661.881098149,0.795551,2.332700,0.598228,-0.470147,-1.348408,0.317691,0.001873,-0.018604,-0.156946
1127,97661.886041996,0.797602,2.339482,0.599682,-0.463599,-1.332222,0.340390,0.003561,-0.017402,-0.158352
1128,97661.890955327,0.799614,2.346141,0.601241,-0.457263,-1.311960,0.362882,0.005239,-0.016206,-0.159749
1129,97661.895899174,0.801613,2.352743,0.602922,-0.450713,-1.288209,0.384837,0.006928,-0.015004,-0.161155
1130,97661.900843022,0.803587,2.359227,0.604714,-0.444091,-1.262541,0.405269,0.008616,-0.013801,-0.162561
1131,97661.905786870,0.805534,2.365584,0.606608,-0.437787,-1.236525,0.424049,0.010305,-0.012599,-0.163967
1132,97661.910730717,0.807458,2.371812,0.608598,-0.431982,-1.211394,0.441934,0.011993,-0.011396,-0.165372
1133,97661.915644047,0.809348,2.377878,0.610665,-0.427585,-1.187580,0.459397,0.013671,-0.010201,-0.166770
1134,97661.920587895,0.811235,2.383865,0.612833,-0.423911,-1.164413,0.476042,0.015359,-0.008998,-0.168175
1135,97661.925501225,0.813098,2.389701,0.615071,-0.420766,-1.140824,0.492227,0.017038,-0.007803,-0.169573
1136,97661.930475590,0.814974,2.395493,0.617419,-0.418384,-1.116483,0.507037,0.018736,-0.006593,-0.170987
1137,97661.935449955,0.816846,2.401164,0.619842,-0.416675,-1.092659,0.519236,0.020435,-0.005383,-0.172402
1138,97661.940393803,0.818703,2.406683,0.622312,-0.415677,-1.070546,0.528280,0.022124,-0.004180,-0.173808
1139,97661.945337651,0.820561,2.412094,0.624828,-0.415405,-1.051467,0.534119,0.023812,-0.002978,-0.175214
1140,97661.950250981,0.822411,2.417378,0.627359,-0.415422,-1.036840,0.537049,0.025490,-0.001783,-0.176611
1141,97661.955194828,0.824276,2.422622,0.629920,-0.415702,-1.027265,0.537768,0.027179,-0.000580,-0.178017
1142,97661.960138676,0.826144,2.427819,0.632486,-0.416358,-1.023215,0.536846,0.028867,0.000623,-0.179422
1143,97661.965082524,0.828016,2.432996,0.635048,-0.417180,-1.024237,0.534553,0.030556,0.001825,-0.180828
1144,97661.969995854,0.829881,2.438147,0.637582,-0.417666,-1.029007,0.531120,0.032234,0.003020,-0.182226
1145,97661.974909184,0.831746,2.443321,0.640099,-0.418033,-1.036537,0.526693,0.033912,0.004216,-0.183623
1146,97661.979853032,0.833623,2.448563,0.642609,-0.418483,-1.044913,0.521130,0.035600,0.005418,-0.185029
1147,97661.984796879,0.835500,2.453847,0.645091,-0.419357,-1.052717,0.514492,0.037289,0.006621,-0.186434
1148,97661.989740727,0.837379,2.459170,0.647540,-0.420227,-1.058467,0.506164,0.038977,0.007823,-0.187840
1149,97661.994654057,0.839249,2.464487,0.649933,-0.421331,-1.061324,0.496464,0.040655,0.009019,-0.189237
1150,97661.999597905,0.841135,2.469851,0.652292,-0.422864,-1.060802,0.485611,0.040184,0.009794,-0.190428
1151,97662.004541752,0.843027,2.475212,0.654597,-0.424740,-1.056234,0.473584,0.039712,0.010568,-0.191619
1152,97662.009485600,0.844929,2.480550,0.656843,-0.427225,-1.048028,0.460618,0.039241,0.011343,-0.192810
1153,97662.014429448,0.846844,2.485848,0.659026,-0.430392,-1.036480,0.447590,0.038770,0.012118,-0.194000
1154,97662.019342778,0.848765,2.491056,0.661131,-0.434537,-1.022172,0.435289,0.038301,0.012888,-0.195184
1155,97662.024286625,0.850720,2.496225,0.663189,-0.439633,-1.005573,0.422317,0.037830,0.013663,-0.196375
1156,97662.029230473,0.852703,2.501313,0.665184,-0.445103,-0.986963,0.408373,0.037358,0.014438,-0.197565
1157,97662.034174321,0.854716,2.506310,0.667110,-0.449995,-0.966591,0.393754,0.036887,0.015213,-0.198756
1158,97662.039118168,0.856756,2.511206,0.668965,-0.454441,-0.945601,0.378668,0.036415,0.015988,-0.199947
1159,97662.044062016,0.858822,2.515998,0.670747,-0.458720,-0.924389,0.362674,0.035944,0.016763,-0.201138
1160,97662.049005864,0.860913,2.520685,0.672450,-0.462457,-0.903536,0.345439,0.035472,0.017538,-0.202328
1161,97662.058863041,0.865124,2.529825,0.675678,-0.468787,-0.863066,0.307956,0.034532,0.019083,-0.204702
1162,97662.063806889,0.867274,2.534209,0.677114,-0.470105,-0.845034,0.285772,0.034061,0.019858,-0.205893
1163,97662.068720219,0.869419,2.538475,0.678432,-0.470751,-0.827794,0.262022,0.033593,0.020628,-0.207077
1164,97662.073664067,0.871582,2.542682,0.679643,-0.470821,-0.811066,0.236647,0.033121,0.021403,-0.208267
1165,97662.078607914,0.873748,2.546804,0.680729,-0.470222,-0.795296,0.210140,0.032650,0.022177,-0.209458
1166,97662.083551762,0.875913,2.550847,0.681685,-0.468954,-0.780458,0.182927,0.032178,0.022952,-0.210649
1167,97662.088495610,0.878072,2.554815,0.682508,-0.467055,-0.766518,0.155166,0.031707,0.023727,-0.211840
1168,97662.093439457,0.880223,2.558711,0.683194,-0.464282,-0.753164,0.127108,0.031235,0.024502,-0.213030
1169,97662.098352787,0.882348,2.562516,0.683740,-0.460781,-0.740525,0.099037,0.030767,0.025272,-0.214214
1170,97662.103296635,0.884470,2.566279,0.684151,-0.456566,-0.728018,0.070742,0.030295,0.026047,-0.215404
1171,97662.108240483,0.886572,2.569978,0.684423,-0.452073,-0.715694,0.041914,0.029824,0.026822,-0.216595
1172,97662.113184330,0.888652,2.573613,0.684553,-0.446855,-0.704145,0.013224,0.029353,0.027597,-0.217786
1173,97662.118097661,0.890694,2.577166,0.684544,-0.440826,-0.693220,-0.015063,0.028884,0.028367,-0.218969
1174,97662.123041508,0.892719,2.580684,0.684395,-0.434271,-0.682239,-0.043615,0.028413,0.029142,-0.220160
1175,97662.127985356,0.894712,2.584144,0.684106,-0.427065,-0.671423,-0.072342,0.027941,0.029917,-0.221351
1176,97662.132959721,0.896682,2.587569,0.683674,-0.418250,-0.661091,-0.100845,0.027467,0.030696,-0.222549
1177,97662.137903569,0.898597,2.590918,0.683105,-0.408028,-0.651569,-0.128208,0.026995,0.031471,-0.223740
1178,97662.142816899,0.900450,2.594196,0.682406,-0.396959,-0.642835,-0.154267,0.026527,0.032241,-0.224923
1179,97662.147760746,0.902260,2.597447,0.681576,-0.385443,-0.634853,-0.179196,0.026055,0.033016,-0.226114
1180,97662.152674077,0.904001,2.600635,0.680629,-0.373989,-0.627957,-0.202176,0.025587,0.033786,-0.227297
1181,97662.157617924,0.905697,2.603804,0.679564,-0.363134,-0.622073,-0.222919,0.025116,0.034561,-0.228488
1182,97662.162561772,0.907340,2.606941,0.678398,-0.353417,-0.617203,-0.240463,0.024644,0.035336,-0.229679
1183,97662.167505620,0.908934,2.610050,0.677146,-0.344655,-0.613377,-0.253805,0.024173,0.036111,-0.230869
1184,97662.172418950,0.910475,2.613119,0.675838,-0.336772,-0.610914,-0.262173,0.023704,0.036881,-0.232053
1185,97662.177362797,0.911986,2.616193,0.674480,-0.329943,-0.609863,-0.264913,0.023233,0.037656,-0.233244
1186,97662.182306645,0.913464,2.619259,0.673110,-0.323910,-0.611084,-0.261880,0.022761,0.038431,-0.234434
1187,97662.187250493,0.914912,2.622331,0.671755,-0.317695,-0.615288,-0.253907,0.022290,0.039206,-0.235625
1188,97662.192194340,0.916329,2.625422,0.670439,-0.309759,-0.623439,-0.243200,0.021818,0.039981,-0.236816
1189,97662.197138188,0.917706,2.628553,0.669177,-0.298872,-0.636000,-0.232684,0.021347,0.040756,-0.238007
1190,97662.202051518,0.919019,2.631724,0.667974,-0.284599,-0.651992,-0.224311,0.020878,0.041526,-0.239190
1191,97662.206995366,0.920267,2.634992,0.666805,-0.267018,-0.670125,-0.219422,0.020407,0.042301,-0.240381
1192,97662.211939213,0.921424,2.638345,0.665660,-0.247345,-0.689279,-0.219225,0.019936,0.043075,-0.241571
1193,97662.216883061,0.922480,2.641789,0.664517,-0.227201,-0.708384,-0.222454,0.019464,0.043850,-0.242762
1194,97662.221826909,0.923432,2.645323,0.663358,-0.206893,-0.727395,-0.228020,0.018993,0.044625,-0.243953
1195,97662.226770756,0.924280,2.648946,0.662172,-0.186830,-0.746515,-0.235732,0.018521,0.045400,-0.245144
1196,97662.231714604,0.925023,2.652658,0.660948,-0.167401,-0.765475,-0.244793,0.018050,0.046175,-0.246334
1197,97662.236658452,0.925666,2.656459,0.659680,-0.149457,-0.784200,-0.253489,0.017578,0.046950,-0.247525
1198,97662.241602299,0.926216,2.660349,0.658369,-0.133322,-0.802645,-0.260557,0.017107,0.047725,-0.248716
1199,97662.246546147,0.926681,2.664325,0.657023,-0.119414,-0.820960,-0.263909,0.016636,0.048500,-0.249907
1200,97662.251459477,0.927071,2.668364,0.655669,-0.109021,-0.839244,-0.261574,0.015613,0.048362,-0.248351
1201,97662.256372807,0.927406,2.672490,0.654326,-0.103284,-0.857565,-0.252148,0.014590,0.048224,-0.246795
1202,97662.261316655,0.927712,2.676732,0.653021,-0.103189,-0.876378,-0.234843,0.013561,0.048085,-0.245230
1203,97662.266260502,0.928014,2.681067,0.651800,-0.108770,-0.895725,-0.209043,0.012531,0.047946,-0.243665
1204,97662.271204350,0.928341,2.685501,0.650705,-0.119460,-0.915532,-0.175071,0.011502,0.047807,-0.242100
1205,97662.276117680,0.928718,2.690010,0.649782,-0.134120,-0.937570,-0.134385,0.010479,0.047669,-0.240544
1206,97662.281061528,0.929167,2.694661,0.649051,-0.151632,-0.963911,-0.089349,0.009450,0.047531,-0.238979
1207,97662.286005375,0.929699,2.699448,0.648541,-0.170566,-0.994480,-0.044467,0.008421,0.047392,-0.237413
1208,97662.290949223,0.930323,2.704394,0.648249,-0.188896,-1.028524,-0.004749,0.007391,0.047253,-0.235848
1209,97662.295893071,0.931032,2.709514,0.648150,-0.203533,-1.062822,0.025279,0.006362,0.047114,-0.234283
1210,97662.300806401,0.931803,2.714776,0.648196,-0.212738,-1.095277,0.043987,0.005339,0.046976,-0.232727
1211,97662.305750248,0.932618,2.720234,0.648332,-0.217873,-1.126312,0.053120,0.004310,0.046837,-0.231162
1212,97662.310694096,0.933453,2.725847,0.648511,-0.219985,-1.156413,0.053617,0.003281,0.046698,-0.229597
1213,97662.315637944,0.934292,2.731609,0.648690,-0.219097,-1.185236,0.047819,0.002251,0.046560,-0.228031
1214,97662.320581791,0.935120,2.737513,0.648839,-0.215812,-1.212203,0.037676,0.001222,0.046421,-0.226466
1215,97662.325495121,0.935920,2.743512,0.648936,-0.211679,-1.236955,0.024313,0.000199,0.046283,-0.224910
1216,97662.330438969,0.936699,2.749668,0.648967,-0.207077,-1.258743,0.008957,-0.000830,0.046144,-0.223345
1217,97662.335382817,0.937448,2.755930,0.648920,-0.201699,-1.276511,-0.006833,-0.001859,0.046005,-0.221780
1218,97662.340326664,0.938167,2.762278,0.648795,-0.194769,-1.288811,-0.022221,-0.002889,0.045866,-0.220215
1219,97662.345270512,0.938847,2.768683,0.648594,-0.185234,-1.294537,-0.036479,-0.003918,0.045728,-0.218649
1220,97662.350214360,0.939478,2.775114,0.648322,-0.172857,-1.293066,-0.047726,-0.004947,0.045589,-0.217084
1221,97662.355127690,0.940043,2.781495,0.647998,-0.157777,-1.284476,-0.053282,-0.005970,0.045451,-0.215528
1222,97662.360071537,0.940539,2.787870,0.647646,-0.139816,-1.269572,-0.049974,-0.006999,0.045312,-0.213963
1223,97662.365015385,0.940950,2.794167,0.647313,-0.119256,-1.250036,-0.035386,-0.008029,0.045173,-0.212398
1224,97662.369959233,0.941265,2.800364,0.647054,-0.095585,-1.224504,-0.007575,-0.009058,0.045034,-0.210833
1225,97662.374872563,0.941469,2.806394,0.646937,-0.068108,-1.191985,0.033903,-0.010081,0.044896,-0.209277
1226,97662.379816411,0.941549,2.812298,0.647028,-0.036503,-1.155201,0.077866,-0.011110,0.044758,-0.207712
1227,97662.384760258,0.941484,2.818016,0.647341,-0.001998,-1.116476,0.121708,-0.012139,0.044619,-0.206146
1228,97662.389704106,0.941260,2.823538,0.647876,0.030211,-1.077419,0.165991,-0.013168,0.044480,-0.204581
1229,97662.394647953,0.940888,2.828863,0.648634,0.053733,-1.039767,0.211156,-0.014198,0.044341,-0.203016
1230,97662.399591801,0.940412,2.834000,0.649619,0.065833,-1.007140,0.254628,-0.015227,0.044202,-0.201451
1231,97662.404505131,0.939890,2.838945,0.650815,0.067767,-0.983710,0.279850,-0.016250,0.044064,-0.199895
1232,97662.409448979,0.939361,2.843806,0.652145,0.062825,-0.968813,0.282502,-0.017279,0.043925,-0.198330
1233,97662.414392827,0.938861,2.848595,0.653488,0.054132,-0.958946,0.265783,-0.018308,0.043787,-0.196764
1234,97662.419336674,0.938404,2.853336,0.654748,0.043031,-0.950552,0.232590,-0.019338,0.043648,-0.195199
1235,97662.424280522,0.938002,2.858036,0.655844,0.030990,-0.940322,0.186472,-0.020367,0.043509,-0.193634
1236,97662.429193852,0.937660,2.862656,0.656706,0.020241,-0.925031,0.132501,-0.021390,0.043371,-0.192078
1237,97662.434137700,0.937368,2.867229,0.657308,0.013270,-0.903143,0.075894,-0.022419,0.043232,-0.190513
1238,97662.439081547,0.937112,2.871691,0.657630,0.013820,-0.873964,0.022615,-0.023448,0.043093,-0.188948
1239,97662.444025395,0.936855,2.876006,0.657690,0.021532,-0.837261,-0.022503,-0.024478,0.042955,-0.187382
1240,97662.448969243,0.936565,2.880134,0.657530,0.030431,-0.792405,-0.054610,-0.025507,0.042816,-0.185817
1241,97662.453913090,0.936239,2.884038,0.657215,0.033924,-0.739983,-0.071331,-0.026536,0.042677,-0.184252
1242,97662.458826420,0.935907,2.887658,0.656823,0.029960,-0.683026,-0.075009,-0.027559,0.042539,-0.182696
1243,97662.463770268,0.935606,2.891020,0.656414,0.017197,-0.624652,-0.070084,-0.028588,0.042400,-0.181131
1244,97662.468714116,0.935380,2.894097,0.656031,-0.005010,-0.569406,-0.060544,-0.029618,0.042261,-0.179566
1245,97662.473657963,0.935277,2.896906,0.655698,-0.036813,-0.521191,-0.049441,-0.030647,0.042122,-0.178000
1246,97662.478601811,0.935342,2.899485,0.655419,-0.077299,-0.483171,-0.038387,-0.031676,0.041984,-0.176435
1247,97662.483545659,0.935616,2.901886,0.655195,-0.123186,-0.457257,-0.028142,-0.032705,0.041845,-0.174870
1248,97662.488458989,0.936119,2.904155,0.655021,-0.169870,-0.442493,-0.020124,-0.033728,0.041707,-0.173314
1249,97662.493402836,0.936861,2.906376,0.654882,-0.213166,-0.435546,-0.015060,-0.034758,0.041568,-0.171749
1250,97662.498346684,0.937818,2.908572,0.654766,-0.248665,-0.434408,-0.012813,-0.035242,0.041066,-0.170067
1251,97662.503260014,0.938943,2.910757,0.654658,-0.274621,-0.436433,-0.013173,-0.035638,0.040119,-0.168247
1252,97662.508234379,0.940212,2.912984,0.654546,-0.291311,-0.439693,-0.015364,-0.036039,0.039160,-0.166405
1253,97662.513147709,0.941545,2.915204,0.654423,-0.297269,-0.444501,-0.018329,-0.036436,0.038212,-0.164586
1254,97662.518091557,0.942916,2.917463,0.654284,-0.292935,-0.451257,-0.021275,-0.036835,0.037259,-0.162755
1255,97662.523035405,0.944263,2.919753,0.654130,-0.280173,-0.459660,-0.023424,-0.037234,0.036306,-0.160924
1256,97662.527979252,0.945545,2.922083,0.653966,-0.260644,-0.469326,-0.025885,-0.037633,0.035353,-0.159094
1257,97662.532923100,0.946728,2.924455,0.653790,-0.237190,-0.479145,-0.029269,-0.038032,0.034399,-0.157263
1258,97662.537836430,0.947787,2.926856,0.653600,-0.212429,-0.488497,-0.033011,-0.038428,0.033452,-0.155443
1259,97662.542780278,0.948727,2.929313,0.653392,-0.188144,-0.497016,-0.037060,-0.038827,0.032499,-0.153613
1260,97662.547724125,0.949546,2.931806,0.653165,-0.165784,-0.504029,-0.041257,-0.039226,0.031545,-0.151782
1261,97662.552667973,0.950252,2.934328,0.652919,-0.145990,-0.508972,-0.045595,-0.039625,0.030592,-0.149951
1262,97662.557581303,0.950855,2.936855,0.652654,-0.129289,-0.511989,-0.049576,-0.040021,0.029645,-0.148132
1263,97662.562525151,0.951379,2.939408,0.652368,-0.115188,-0.513718,-0.052643,-0.040420,0.028691,-0.146301
1264,97662.567468998,0.951832,2.941967,0.652069,-0.103402,-0.514215,-0.054941,-0.040819,0.027738,-0.144470
1265,97662.572412846,0.952227,2.944526,0.651759,-0.093658,-0.513883,-0.056887,-0.041218,0.026785,-0.142639
1266,97662.577356694,0.952574,2.947080,0.651440,-0.085604,-0.513186,-0.058798,-0.041617,0.025831,-0.140809
1267,97662.582270024,0.952879,2.949614,0.651114,-0.078984,-0.512371,-0.061662,-0.042013,0.024884,-0.138989
1268,97662.587213871,0.953153,2.952157,0.650773,-0.074005,-0.511714,-0.065384,-0.042412,0.023931,-0.137158
1269,97662.592157719,0.953403,2.954696,0.650414,-0.070949,-0.512118,-0.069753,-0.042811,0.022977,-0.135328
1270,97662.597101567,0.953637,2.957237,0.650033,-0.069301,-0.514267,-0.074957,-0.043210,0.022024,-0.133497
1271,97662.602045414,0.953862,2.959787,0.649627,-0.068173,-0.517614,-0.080556,-0.043609,0.021071,-0.131666
1272,97662.606958745,0.954079,2.962337,0.649195,-0.066670,-0.521494,-0.086271,-0.044005,0.020123,-0.129847
1273,97662.611902592,0.954289,2.964921,0.648732,-0.064778,-0.525333,-0.092290,-0.044404,0.019170,-0.128016
1274,97662.616846440,0.954488,2.967524,0.648240,-0.062317,-0.528287,-0.097914,-0.044803,0.018217,-0.126185
1275,97662.621790287,0.954674,2.970140,0.647720,-0.059236,-0.529897,-0.102790,-0.045202,0.017263,-0.124354
1276,97662.626703618,0.954843,2.972748,0.647179,-0.056197,-0.530035,-0.106959,-0.045599,0.016316,-0.122535
1277,97662.631677983,0.954999,2.975387,0.646611,-0.053891,-0.529109,-0.110719,-0.046000,0.015357,-0.120693
1278,97662.636591313,0.955141,2.977988,0.646031,-0.052830,-0.527389,-0.113819,-0.046396,0.014409,-0.118874
1279,97662.641535161,0.955279,2.980597,0.645433,-0.053091,-0.525439,-0.116731,-0.046795,0.013456,-0.117043
1280,97662.646479008,0.955419,2.983196,0.644821,-0.054719,-0.523055,-0.119805,-0.047194,0.012503,-0.115212
1281,97662.651422856,0.955567,2.985784,0.644193,-0.058098,-0.520742,-0.123004,-0.047593,0.011550,-0.113381
1282,97662.656366703,0.955732,2.988361,0.643550,-0.063414,-0.518642,-0.126801,-0.047992,0.010596,-0.111550
1283,97662.661280034,0.955922,2.990912,0.642891,-0.070443,-0.517198,-0.130961,-0.048389,0.009649,-0.109731
1284,97662.666223881,0.956148,2.993473,0.642208,-0.079122,-0.516268,-0.135105,-0.048787,0.008696,-0.107900
1285,97662.671167729,0.956417,2.996031,0.641503,-0.088678,-0.515727,-0.139630,-0.049186,0.007742,-0.106070
1286,97662.676111577,0.956733,2.998589,0.640776,-0.098239,-0.516089,-0.144634,-0.049585,0.006789,-0.104239
1287,97662.681055424,0.957095,3.001150,0.640023,-0.107281,-0.517332,-0.149524,-0.049984,0.005836,-0.102408
1288,97662.685968754,0.957500,3.003703,0.639249,-0.115642,-0.519433,-0.154380,-0.050381,0.004888,-0.100589
1289,97662.690912602,0.957947,3.006283,0.638447,-0.122885,-0.522376,-0.159230,-0.050780,0.003935,-0.098758
1290,97662.695856450,0.958429,3.008880,0.637619,-0.128289,-0.525906,-0.164034,-0.051179,0.002982,-0.096927
1291,97662.700800297,0.958936,3.011494,0.636767,-0.131514,-0.529965,-0.168926,-0.051577,0.002028,-0.095096
1292,97662.705744145,0.959458,3.014130,0.635891,-0.132773,-0.534529,-0.173152,-0.051976,0.001075,-0.093266
1293,97662.710657475,0.959982,3.016771,0.634999,-0.132417,-0.539585,-0.176117,-0.052373,0.000128,-0.091446
1294,97662.715601323,0.960506,3.019453,0.634086,-0.130364,-0.545059,-0.177917,-0.052772,-0.000826,-0.089615
1295,97662.720545170,0.961019,3.022162,0.633164,-0.127112,-0.550832,-0.178852,-0.053171,-0.001779,-0.087785
1296,97662.725458500,0.961511,3.024882,0.632244,-0.123161,-0.556877,-0.179277,-0.053567,-0.002726,-0.085965
1297,97662.730402348,0.961985,3.027648,0.631315,-0.119006,-0.563208,-0.179473,-0.053966,-0.003680,-0.084134
1298,97662.735376713,0.962441,3.030461,0.630379,-0.114978,-0.570142,-0.179175,-0.054367,-0.004639,-0.082292
1299,97662.740320561,0.962872,3.033290,0.629451,-0.111369,-0.578067,-0.178439,-0.054766,-0.005592,-0.080462
1300,97662.745264409,0.963283,3.036158,0.628526,-0.108492,-0.587036,-0.177268,-0.053758,-0.005045,-0.081565
1301,97662.750208256,0.963679,3.039069,0.627607,-0.106903,-0.597409,-0.175844,-0.052750,-0.004497,-0.082669
1302,97662.755152104,0.964064,3.042032,0.626694,-0.106772,-0.609185,-0.174378,-0.051742,-0.003950,-0.083773
1303,97662.760095952,0.964447,3.045053,0.625788,-0.108258,-0.622329,-0.173565,-0.050733,-0.003403,-0.084876
1304,97662.765009282,0.964831,3.048119,0.624890,-0.111688,-0.636692,-0.173262,-0.049731,-0.002859,-0.085973
1305,97662.769953129,0.965232,3.051277,0.623987,-0.117134,-0.652297,-0.172786,-0.048723,-0.002311,-0.087077
1306,97662.774896977,0.965656,3.054513,0.623085,-0.124542,-0.669022,-0.171495,-0.047715,-0.001764,-0.088180
1307,97662.779840825,0.966114,3.057833,0.622188,-0.134308,-0.686823,-0.168550,-0.046707,-0.001217,-0.089284
1308,97662.784784672,0.966616,3.061244,0.621304,-0.146630,-0.705797,-0.163829,-0.045698,-0.000669,-0.090388
1309,97662.789698002,0.967171,3.064729,0.620447,-0.161211,-0.725400,-0.158005,-0.044696,-0.000126,-0.091485
1310,97662.794641850,0.967798,3.068337,0.619610,-0.177394,-0.746396,-0.151355,-0.043688,0.000422,-0.092588
1311,97662.799585698,0.968501,3.072052,0.618804,-0.194101,-0.768431,-0.144223,-0.042680,0.000969,-0.093692
1312,97662.804529545,0.969283,3.075880,0.618031,-0.210394,-0.790646,-0.136830,-0.041672,0.001516,-0.094796
1313,97662.809473393,0.970140,3.079821,0.617292,-0.225441,-0.812835,-0.129409,-0.040664,0.002064,-0.095899
1314,97662.814386723,0.971062,3.083851,0.616591,-0.238682,-0.834692,-0.121797,-0.039662,0.002608,-0.096996
1315,97662.819330571,0.972050,3.088018,0.615921,-0.250149,-0.856451,-0.113217,-0.038653,0.003155,-0.098100
1316,97662.824274418,0.973092,3.092294,0.615292,-0.260053,-0.878218,-0.104207,-0.037645,0.003702,-0.099203
1317,97662.829218266,0.974178,3.096681,0.614705,-0.268239,-0.900418,-0.095319,-0.036637,0.004250,-0.100307
1318,97662.834162114,0.975300,3.101180,0.614160,-0.274490,-0.923011,-0.086811,-0.035629,0.004797,-0.101411
1319,97662.839105961,0.976448,3.105793,0.613655,-0.278915,-0.945933,-0.078853,-0.034620,0.005344,-0.102514
1320,97662.844049809,0.977615,3.110520,0.613188,-0.281881,-0.969245,-0.071254,-0.033612,0.005892,-0.103618
1321,97662.848993657,0.978791,3.115363,0.612757,-0.284095,-0.992930,-0.063376,-0.032604,0.006439,-0.104722
1322,97662.853906987,0.979966,3.120294,0.612365,-0.285700,-1.016294,-0.055534,-0.031602,0.006983,-0.105819
1323,97662.858850834,0.981152,3.125371,0.612009,-0.287256,-1.039020,-0.047836,-0.030594,0.007530,-0.106922
1324,97662.863794682,0.982342,3.130562,0.611689,-0.288811,-1.061443,-0.039519,-0.029586,0.008078,-0.108026
1325,97662.868708012,0.983527,3.135831,0.611410,-0.290858,-1.084647,-0.029080,-0.028584,0.008622,-0.109123
1326,97662.873651860,0.984726,3.141249,0.611180,-0.294106,-1.109314,-0.015959,-0.027575,0.009169,-0.110226
1327,97662.878595707,0.985936,3.146790,0.611013,-0.298412,-1.134685,-0.001309,-0.026567,0.009716,-0.111330
1328,97662.883539555,0.987163,3.152459,0.610916,-0.303845,-1.161363,0.014565,-0.025559,0.010264,-0.112434
1329,97662.888483403,0.988412,3.158261,0.610896,-0.310394,-1.189365,0.031233,-0.024551,0.010811,-0.113537
1330,97662.893396733,0.989681,3.164167,0.610956,-0.317980,-1.218589,0.047278,-0.023549,0.011355,-0.114634
1331,97662.898340580,0.990990,3.170258,0.611093,-0.326909,-1.248473,0.061434,-0.022540,0.011902,-0.115738
1332,97662.903284428,0.992338,3.176498,0.611298,-0.337335,-1.276892,0.072210,-0.021532,0.012449,-0.116842
1333,97662.908228276,0.993731,3.182882,0.611553,-0.349198,-1.303006,0.080141,-0.020524,0.012997,-0.117945
1334,97662.913172123,0.995178,3.189398,0.611845,-0.362614,-1.327644,0.088447,-0.019516,0.013544,-0.119049
1335,97662.918085453,0.996678,3.195997,0.612174,-0.378038,-1.350380,0.099030,-0.018514,0.014088,-0.120146
1336,97662.923029301,0.998258,3.202755,0.612554,-0.394687,-1.368980,0.113683,-0.017506,0.014635,-0.121249
1337,97662.927942631,0.999908,3.209566,0.613002,-0.411295,-1.380990,0.132747,-0.016504,0.015179,-0.122346
1338,97662.932916996,1.001659,3.216526,0.613549,-0.428211,-1.386739,0.154181,-0.015489,0.015730,-0.123457
1339,97662.937860844,1.003483,3.223477,0.614196,-0.444535,-1.387928,0.174714,-0.014481,0.016277,-0.124560
1340,97662.942804692,1.005390,3.230439,0.614943,-0.460203,-1.386653,0.193504,-0.013473,0.016825,-0.125664
1341,97662.947748539,1.007375,3.237399,0.615783,-0.474271,-1.385720,0.211606,-0.012464,0.017372,-0.126768
1342,97662.952661870,1.009418,3.244316,0.616705,-0.482671,-1.388727,0.230436,-0.011462,0.017916,-0.127865
1343,97662.957605717,1.011517,3.251293,0.617725,-0.486069,-1.394063,0.248926,-0.010454,0.018463,-0.128968
1344,97662.962549565,1.013632,3.258299,0.618836,-0.485966,-1.397769,0.267584,-0.009446,0.019011,-0.130072
1345,97662.967493412,1.015748,3.265324,0.620038,-0.483691,-1.397600,0.287488,-0.008438,0.019558,-0.131176
1346,97662.972437260,1.017853,3.272350,0.621340,-0.479290,-1.392163,0.309185,-0.007430,0.020105,-0.132279
1347,97662.977381108,1.019940,3.279348,0.622749,-0.473039,-1.380294,0.332529,-0.006421,0.020653,-0.133383
1348,97662.982324955,1.022000,3.286288,0.624275,-0.464703,-1.362304,0.357014,-0.005413,0.021200,-0.134487
1349,97662.987268803,1.024024,3.293140,0.625924,-0.454174,-1.339511,0.381756,-0.004405,0.021747,-0.135590
1350,97662.992212651,1.026003,3.299877,0.627697,-0.442038,-1.313626,0.404639,-0.003010,0.022018,-0.136330
1351,97662.997156498,1.027930,3.306486,0.629585,-0.429352,-1.286740,0.424263,-0.001614,0.022288,-0.137069
1352,97663.002069828,1.029789,3.312921,0.631561,-0.416790,-1.260778,0.440598,-0.000227,0.022556,-0.137804
1353,97663.007013676,1.031605,3.319265,0.633633,-0.405469,-1.236445,0.455051,0.001168,0.022827,-0.138543
1354,97663.011957524,1.033372,3.325488,0.635778,-0.395972,-1.214429,0.469086,0.002563,0.023097,-0.139283
1355,97663.016901371,1.035097,3.331601,0.637994,-0.389095,-1.193824,0.483181,0.003959,0.023367,-0.140022
1356,97663.021845219,1.036794,3.337612,0.640282,-0.385061,-1.173650,0.497379,0.005354,0.023638,-0.140761
1357,97663.026789067,1.038476,3.343523,0.642642,-0.383915,-1.153399,0.511027,0.006749,0.023908,-0.141501
1358,97663.031702397,1.040147,3.349299,0.645055,-0.385730,-1.133017,0.523661,0.008136,0.024176,-0.142235
1359,97663.036646245,1.041844,3.355011,0.647547,-0.390057,-1.112852,0.534543,0.009531,0.024447,-0.142975
1360,97663.041559575,1.043556,3.360590,0.650078,-0.396221,-1.094261,0.542668,0.010918,0.024715,-0.143710
1361,97663.046503422,1.045314,3.366114,0.652666,-0.404193,-1.078270,0.548708,0.012314,0.024986,-0.144449
1362,97663.051447270,1.047115,3.371562,0.655283,-0.413061,-1.066180,0.552942,0.013709,0.025256,-0.145188
1363,97663.056391118,1.048962,3.376952,0.657922,-0.422359,-1.057974,0.556254,0.015104,0.025526,-0.145928
1364,97663.061334965,1.050858,3.382303,0.660577,-0.431745,-1.053729,0.558296,0.016500,0.025796,-0.146667
1365,97663.066278813,1.052801,3.387636,0.663241,-0.440414,-1.052363,0.558869,0.017895,0.026067,-0.147407
1366,97663.071222661,1.054788,3.392964,0.665908,-0.448575,-1.052834,0.558006,0.019290,0.026337,-0.148146
1367,97663.076135991,1.056802,3.398263,0.668553,-0.455941,-1.054114,0.555747,0.020677,0.026606,-0.148881
1368,97663.081079838,1.058864,3.403602,0.671203,-0.463045,-1.055432,0.552150,0.022072,0.026876,-0.149620
1369,97663.086023686,1.060961,3.408950,0.673835,-0.469625,-1.055162,0.547051,0.023468,0.027146,-0.150360
1370,97663.090967534,1.063090,3.414297,0.676441,-0.475724,-1.052268,0.540010,0.024863,0.027417,-0.151099
1371,97663.095911381,1.065250,3.419631,0.679012,-0.481818,-1.046360,0.530494,0.026258,0.027687,-0.151838
1372,97663.100855229,1.067440,3.424936,0.681536,-0.488244,-1.037298,0.519366,0.027654,0.027957,-0.152578
1373,97663.105768559,1.069649,3.430165,0.683989,-0.495590,-1.025155,0.507679,0.029041,0.028226,-0.153312
1374,97663.110712407,1.071910,3.435367,0.686400,-0.504081,-1.010032,0.495287,0.030436,0.028496,-0.154052
1375,97663.115656254,1.074215,3.440496,0.688751,-0.513518,-0.992218,0.481502,0.031831,0.028766,-0.154791
1376,97663.120569584,1.076556,3.445507,0.691019,-0.523174,-0.972434,0.466307,0.033218,0.029035,-0.155526
1377,97663.125513432,1.078962,3.450452,0.693227,-0.532616,-0.950937,0.449557,0.034613,0.029305,-0.156265
1378,97663.130457280,1.081417,3.455292,0.695352,-0.540991,-0.929076,0.431744,0.036009,0.029575,-0.157005
1379,97663.135401127,1.083918,3.460025,0.697391,-0.548151,-0.907912,0.412358,0.037404,0.029846,-0.157744
1380,97663.140344975,1.086458,3.464653,0.699334,-0.555268,-0.886308,0.391109,0.038799,0.030116,-0.158484
1381,97663.145288823,1.089035,3.469175,0.701173,-0.562267,-0.864512,0.367996,0.040195,0.030386,-0.159223
1382,97663.150232670,1.091650,3.473590,0.702898,-0.568757,-0.843514,0.343025,0.041590,0.030657,-0.159962
1383,97663.155176518,1.094300,3.477900,0.704501,-0.574298,-0.823753,0.316309,0.042986,0.030927,-0.160702
1384,97663.160089848,1.096964,3.482087,0.705963,-0.578619,-0.805716,0.288271,0.044372,0.031195,-0.161437
1385,97663.165033696,1.099667,3.486209,0.707297,-0.581681,-0.789254,0.258965,0.045768,0.031466,-0.162176
1386,97663.169977543,1.102387,3.490249,0.708487,-0.583240,-0.774208,0.229088,0.047163,0.031736,-0.162915
1387,97663.174921391,1.105115,3.494214,0.709529,-0.583066,-0.760525,0.198828,0.048558,0.032006,-0.163655
1388,97663.179834721,1.107827,3.498084,0.710418,-0.581555,-0.748020,0.167800,0.049945,0.032275,-0.164389
1389,97663.184748051,1.110531,3.501891,0.711154,-0.579462,-0.736331,0.135365,0.051332,0.032544,-0.165124
1390,97663.189661381,1.113226,3.505639,0.711733,-0.576155,-0.725596,0.102660,0.052813,0.032498,-0.165022
1391,97663.194605229,1.115921,3.509353,0.712154,-0.571517,-0.715868,0.069845,0.054304,0.032452,-0.164919
1392,97663.199518559,1.118576,3.512994,0.712412,-0.565941,-0.707130,0.037334,0.055786,0.032407,-0.164817
1393,97663.204462407,1.121220,3.516611,0.712512,-0.559445,-0.698634,0.005037,0.057277,0.032361,-0.164714
1394,97663.209406254,1.123832,3.520183,0.712454,-0.551614,-0.690587,-0.026952,0.058768,0.032315,-0.164611
1395,97663.214350102,1.126404,3.523711,0.712238,-0.542487,-0.682474,-0.059056,0.060258,0.032269,-0.164508
1396,97663.219293950,1.128930,3.527196,0.711865,-0.532318,-0.674217,-0.091172,0.061749,0.032223,-0.164405
1397,97663.224237797,1.131406,3.530635,0.711335,-0.521248,-0.665456,-0.123404,0.063240,0.032177,-0.164302
1398,97663.229151127,1.133812,3.534005,0.710650,-0.509211,-0.656148,-0.155580,0.064722,0.032132,-0.164200
1399,97663.234094975,1.136173,3.537346,0.709804,-0.495880,-0.646686,-0.187755,0.066212,0.032086,-0.164097
1400,97663.239038823,1.138468,3.540636,0.708801,-0.481649,-0.637393,-0.219393,0.064816,0.032317,-0.162566
1401,97663.243982670,1.140692,3.543874,0.707642,-0.466995,-0.628486,-0.250232,0.062923,0.032384,-0.161076
1402,97663.248926518,1.142844,3.547063,0.706333,-0.452492,-0.619684,-0.279896,0.061030,0.032450,-0.159585
1403,97663.253870366,1.144924,3.550204,0.704879,-0.438744,-0.610958,-0.307443,0.059137,0.032517,-0.158095
1404,97663.258783696,1.146924,3.553278,0.703300,-0.426118,-0.602267,-0.331880,0.057256,0.032583,-0.156613
1405,97663.263727543,1.148873,3.556323,0.701592,-0.414157,-0.592699,-0.352567,0.055363,0.032650,-0.155123
1406,97663.268671391,1.150765,3.559318,0.699783,-0.402406,-0.582221,-0.367762,0.053470,0.032717,-0.153632
1407,97663.273615239,1.152599,3.562257,0.697900,-0.391175,-0.571649,-0.375940,0.051577,0.032783,-0.152141
1408,97663.278528569,1.154369,3.565124,0.695990,-0.380230,-0.562013,-0.375461,0.049695,0.032850,-0.150660
1409,97663.283472416,1.156097,3.567958,0.694073,-0.369381,-0.555001,-0.365839,0.047802,0.032916,-0.149169
1410,97663.288416264,1.157775,3.570756,0.692204,-0.358492,-0.553272,-0.348067,0.045909,0.032983,-0.147679
1411,97663.293360112,1.159400,3.573544,0.690423,-0.346504,-0.558789,-0.325353,0.044016,0.033050,-0.146188
1412,97663.298303959,1.160967,3.576358,0.688756,-0.332984,-0.572024,-0.301493,0.042124,0.033116,-0.144697
1413,97663.303217289,1.162456,3.579218,0.687216,-0.317667,-0.591256,-0.280626,0.040242,0.033182,-0.143216
1414,97663.308161137,1.163876,3.582189,0.685770,-0.300657,-0.614854,-0.264041,0.038349,0.033249,-0.141725
1415,97663.313104985,1.165208,3.585274,0.684406,-0.283357,-0.640662,-0.252874,0.036456,0.033316,-0.140235
1416,97663.318048832,1.166450,3.588484,0.683096,-0.266171,-0.666731,-0.246839,0.034563,0.033382,-0.138744
1417,97663.322992680,1.167602,3.591819,0.681817,-0.249025,-0.692669,-0.244949,0.032670,0.033449,-0.137254
1418,97663.327906010,1.168657,3.595257,0.680554,-0.231853,-0.718850,-0.245509,0.030789,0.033515,-0.135772
1419,97663.332819340,1.169623,3.598819,0.679288,-0.214719,-0.745411,-0.246374,0.028908,0.033582,-0.134291
1420,97663.337793705,1.170509,3.602555,0.678002,-0.197754,-0.772784,-0.246584,0.027003,0.033649,-0.132791
1421,97663.342768071,1.171305,3.606422,0.676714,-0.183060,-0.800085,-0.244284,0.025099,0.033716,-0.131291
1422,97663.347711918,1.172017,3.610398,0.675445,-0.173429,-0.826582,-0.236352,0.023206,0.033782,-0.129801
1423,97663.352655766,1.172677,3.614503,0.674214,-0.171852,-0.852889,-0.219978,0.021313,0.033849,-0.128310
1424,97663.357599614,1.173325,3.618738,0.673063,-0.180224,-0.879812,-0.193316,0.019420,0.033916,-0.126819
1425,97663.362512944,1.174006,3.623083,0.672048,-0.198681,-0.908368,-0.156488,0.017538,0.033982,-0.125338
1426,97663.367456791,1.174778,3.627602,0.671205,-0.225780,-0.939844,-0.111595,0.015645,0.034049,-0.123847
1427,97663.372400639,1.175681,3.632286,0.670581,-0.257183,-0.974285,-0.063845,0.013752,0.034115,-0.122357
1428,97663.377313969,1.176728,3.637119,0.670190,-0.287805,-1.009161,-0.019196,0.011871,0.034182,-0.120875
1429,97663.382257817,1.177929,3.642164,0.670013,-0.312986,-1.042248,0.017610,0.009978,0.034248,-0.119385
1430,97663.387201664,1.179249,3.647380,0.670015,-0.331073,-1.072648,0.044353,0.008085,0.034315,-0.117894
1431,97663.392145512,1.180654,3.652752,0.670145,-0.343938,-1.099793,0.060714,0.006192,0.034382,-0.116403
1432,97663.397089360,1.182118,3.658262,0.670354,-0.352256,-1.123008,0.067459,0.004299,0.034448,-0.114913
1433,97663.402002690,1.183609,3.663854,0.670592,-0.357443,-1.142494,0.066420,0.002418,0.034515,-0.113431
1434,97663.406946537,1.185131,3.669578,0.670826,-0.360897,-1.158645,0.059959,0.000525,0.034581,-0.111941
1435,97663.411890385,1.186666,3.675382,0.671026,-0.362586,-1.171301,0.052380,-0.001368,0.034648,-0.110450
1436,97663.416834233,1.188206,3.681249,0.671188,-0.363315,-1.180391,0.046602,-0.003261,0.034715,-0.108960
1437,97663.421778080,1.189747,3.687160,0.671321,-0.362695,-1.185309,0.045228,-0.005154,0.034781,-0.107469
1438,97663.426721928,1.191284,3.693095,0.671446,-0.359897,-1.185986,0.049975,-0.007047,0.034848,-0.105978
1439,97663.431665776,1.192807,3.699033,0.671595,-0.354899,-1.182076,0.062675,-0.008940,0.034915,-0.104488
1440,97663.436609623,1.194307,3.704952,0.671808,-0.347170,-1.173304,0.085864,-0.010833,0.034981,-0.102997
1441,97663.441553471,1.195773,3.710827,0.672137,-0.335012,-1.161536,0.120950,-0.012726,0.035048,-0.101506
1442,97663.446466801,1.197175,3.716608,0.672637,-0.316098,-1.144066,0.165716,-0.014607,0.035114,-0.100025
1443,97663.451410649,1.198499,3.722337,0.673364,-0.289701,-1.120311,0.210950,-0.016500,0.035181,-0.098534
1444,97663.456323979,1.199694,3.727911,0.674312,-0.254791,-1.092010,0.254739,-0.018381,0.035247,-0.097053
1445,97663.461237309,1.200727,3.733342,0.675480,-0.212339,-1.060832,0.298069,-0.020262,0.035313,-0.095572
1446,97663.466181157,1.201566,3.738646,0.676874,-0.166198,-1.028528,0.341047,-0.022155,0.035380,-0.094081
1447,97663.471125004,1.202188,3.743783,0.678486,-0.123323,-0.996213,0.369929,-0.024048,0.035447,-0.092590
1448,97663.476068852,1.202607,3.748753,0.680245,-0.088256,-0.964824,0.372569,-0.025941,0.035513,-0.091100
1449,97663.480982182,1.202858,3.753531,0.682012,-0.059891,-0.934283,0.350321,-0.027823,0.035580,-0.089618
1450,97663.485926030,1.202976,3.758180,0.683683,-0.034925,-0.902474,0.307499,-0.029903,0.036118,-0.088014
1451,97663.490869877,1.202975,3.762664,0.685146,-0.012201,-0.870308,0.250887,-0.031983,0.036656,-0.086409
1452,97663.495813725,1.202864,3.766980,0.686333,0.007648,-0.839464,0.188014,-0.034063,0.037194,-0.084805
1453,97663.500757573,1.202657,3.771137,0.687213,0.023173,-0.810493,0.125132,-0.036143,0.037732,-0.083200
1454,97663.505701420,1.202375,3.775142,0.687785,0.033858,-0.782603,0.066486,-0.038223,0.038270,-0.081596
1455,97663.510614750,1.202045,3.778980,0.688067,0.038838,-0.756298,0.016362,-0.040290,0.038805,-0.080001
1456,97663.515558598,1.201690,3.782708,0.688106,0.039792,-0.730531,-0.023869,-0.042370,0.039343,-0.078397
1457,97663.520502446,1.201333,3.786306,0.687947,0.038338,-0.703277,-0.054943,-0.044450,0.039881,-0.076792
1458,97663.525446293,1.200987,3.789767,0.687636,0.033371,-0.672870,-0.078866,-0.046530,0.040419,-0.075187
1459,97663.530390141,1.200670,3.793078,0.687209,0.021260,-0.637826,-0.095344,-0.048611,0.040957,-0.073583
1460,97663.535303471,1.200421,3.796198,0.686704,-0.000590,-0.596325,-0.102090,-0.050678,0.041492,-0.071988
1461,97663.540277836,1.200286,3.799155,0.686160,-0.033274,-0.547603,-0.097929,-0.052771,0.042034,-0.070374
1462,97663.545221684,1.200325,3.801861,0.685641,-0.075066,-0.494063,-0.083890,-0.054851,0.042572,-0.068769
1463,97663.550165532,1.200582,3.804312,0.685191,-0.122971,-0.438551,-0.062721,-0.056931,0.043110,-0.067165
1464,97663.555109379,1.201089,3.806500,0.684846,-0.172733,-0.386203,-0.038517,-0.059011,0.043648,-0.065560
1465,97663.560053227,1.201856,3.808442,0.684619,-0.219914,-0.344091,-0.016518,-0.061091,0.044186,-0.063956
1466,97663.564966557,1.202860,3.810178,0.684502,-0.259655,-0.316517,0.000405,-0.063158,0.044721,-0.062361
1467,97663.569910405,1.204073,3.811797,0.684465,-0.290466,-0.304310,0.011545,-0.065238,0.045259,-0.060757
1468,97663.574854252,1.205442,3.813363,0.684483,-0.311750,-0.306482,0.016821,-0.067319,0.045797,-0.059152
1469,97663.579798100,1.206916,3.814946,0.684524,-0.323799,-0.319132,0.017213,-0.069399,0.046335,-0.057548
1470,97663.584741948,1.208447,3.816593,0.684566,-0.326913,-0.338236,0.014340,-0.071479,0.046873,-0.055943
1471,97663.589685795,1.209989,3.818335,0.684593,-0.321088,-0.359916,0.009813,-0.073559,0.047411,-0.054338
1472,97663.594629643,1.211498,3.820183,0.684596,-0.307617,-0.381313,0.004793,-0.075639,0.047950,-0.052734
1473,97663.599542973,1.212925,3.822121,0.684574,-0.288595,-0.400557,0.000083,-0.077706,0.048484,-0.051139
1474,97663.604456303,1.214255,3.824149,0.684529,-0.267462,-0.416545,-0.003302,-0.079773,0.049019,-0.049545
1475,97663.609400151,1.215485,3.826264,0.684468,-0.246781,-0.428969,-0.005984,-0.081853,0.049557,-0.047940
1476,97663.614343998,1.216611,3.828435,0.684394,-0.228384,-0.438286,-0.008363,-0.083934,0.050095,-0.046336
1477,97663.619287846,1.217643,3.830649,0.684310,-0.213193,-0.444553,-0.010572,-0.086014,0.050633,-0.044731
1478,97663.624231694,1.218598,3.832890,0.684215,-0.201023,-0.448270,-0.012916,-0.088094,0.051172,-0.043127
1479,97663.629175541,1.219493,3.835146,0.684109,-0.191665,-0.450261,-0.015301,-0.090174,0.051710,-0.041522
1480,97663.634114616,1.220339,3.837408,0.683993,-0.184794,-0.451414,-0.017826,-0.092252,0.052247,-0.039919
1481,97663.639058464,1.221153,3.839677,0.683864,-0.179730,-0.452475,-0.020321,-0.094332,0.052785,-0.038314
1482,97663.644002311,1.221940,3.841949,0.683723,-0.176004,-0.453548,-0.022954,-0.096412,0.053324,-0.036710
1483,97663.648915641,1.222705,3.844211,0.683570,-0.173141,-0.454681,-0.026148,-0.098479,0.053858,-0.035115
1484,97663.653859489,1.223459,3.846493,0.683401,-0.170954,-0.456525,-0.030191,-0.100559,0.054396,-0.033511
1485,97663.658803337,1.224202,3.848782,0.683212,-0.168755,-0.459049,-0.035107,-0.102640,0.054935,-0.031906
1486,97663.663716667,1.224928,3.851070,0.682999,-0.166619,-0.462449,-0.040928,-0.104707,0.055469,-0.030312
1487,97663.668660514,1.225648,3.853387,0.682757,-0.164242,-0.466783,-0.047481,-0.106787,0.056007,-0.028707
1488,97663.673604362,1.226354,3.855725,0.682482,-0.161156,-0.471838,-0.053972,-0.108867,0.056546,-0.027103
1489,97663.678548210,1.227044,3.858087,0.682175,-0.157286,-0.477119,-0.060127,-0.110947,0.057084,-0.025498
1490,97663.683492057,1.227712,3.860473,0.681838,-0.152803,-0.482168,-0.065995,-0.113027,0.057622,-0.023893
1491,97663.688435905,1.228357,3.862883,0.681471,-0.147952,-0.486821,-0.071481,-0.115107,0.058160,-0.022289
1492,97663.693379753,1.228977,3.865315,0.681078,-0.142767,-0.490082,-0.076191,-0.117187,0.058698,-0.020684
1493,97663.698293083,1.229567,3.867747,0.680664,-0.137910,-0.491472,-0.079926,-0.119255,0.059233,-0.019090
1494,97663.703236930,1.230135,3.870199,0.680229,-0.133585,-0.490807,-0.083025,-0.121335,0.059771,-0.017485
1495,97663.708180778,1.230682,3.872646,0.679779,-0.130187,-0.487879,-0.086105,-0.123415,0.060309,-0.015881
1496,97663.713124626,1.231213,3.875078,0.679315,-0.128203,-0.482866,-0.089277,-0.125495,0.060847,-0.014276
1497,97663.718037956,1.231732,3.877470,0.678838,-0.128283,-0.476613,-0.092308,-0.127562,0.061382,-0.012682
1498,97663.722981804,1.232255,3.879846,0.678344,-0.130279,-0.469490,-0.095039,-0.129642,0.061920,-0.011077
1499,97663.727925651,1.232789,3.882187,0.677836,-0.133883,-0.461738,-0.097438,-0.131722,0.062458,-0.009473
1500,97663.732869499,1.233343,3.884490,0.677317,-0.138312,-0.453962,-0.099401,-0.130296,0.061705,-0.008818
1501,97663.737813347,1.233921,3.886756,0.676788,-0.143113,-0.446186,-0.101943,-0.128870,0.060951,-0.008163
1502,97663.742757194,1.234523,3.888984,0.676247,-0.147400,-0.439071,-0.105381,-0.127443,0.060197,-0.007508
1503,97663.747701042,1.235148,3.891178,0.675689,-0.150744,-0.432941,-0.109796,-0.126017,0.059444,-0.006853
1504,97663.752614372,1.235787,3.893328,0.675113,-0.153131,-0.428349,-0.115111,-0.124600,0.058695,-0.006203
1505,97663.757527702,1.236437,3.895456,0.674510,-0.155241,-0.425665,-0.121159,-0.123182,0.057946,-0.005552
1506,97663.762471550,1.237103,3.897585,0.673874,-0.157961,-0.425405,-0.127847,-0.121756,0.057192,-0.004897
1507,97663.767384880,1.237777,3.899699,0.673209,-0.161349,-0.427893,-0.134722,-0.120339,0.056443,-0.004247
1508,97663.772328727,1.238471,3.901838,0.672506,-0.165246,-0.432925,-0.141458,-0.118912,0.055689,-0.003592
1509,97663.777272575,1.239183,3.904003,0.671769,-0.169167,-0.439587,-0.147872,-0.117486,0.054936,-0.002937
1510,97663.782216423,1.239913,3.906202,0.670999,-0.173169,-0.447109,-0.153743,-0.116060,0.054182,-0.002282
1511,97663.787160270,1.240660,3.908437,0.670199,-0.177540,-0.454788,-0.158776,-0.114634,0.053428,-0.001628
1512,97663.792073600,1.241421,3.910698,0.669379,-0.182456,-0.462609,-0.162286,-0.113216,0.052679,-0.000977
1513,97663.797047966,1.242215,3.913026,0.668530,-0.188041,-0.470910,-0.164014,-0.111781,0.051921,-0.000318
1514,97663.801991813,1.243030,3.915382,0.667678,-0.193985,-0.479232,-0.163109,-0.110355,0.051168,0.000337
1515,97663.806935661,1.243872,3.917781,0.666828,-0.200202,-0.487690,-0.159258,-0.108929,0.050414,0.000991
1516,97663.811879509,1.244743,3.920222,0.665997,-0.206601,-0.496391,-0.152720,-0.107502,0.049660,0.001646
1517,97663.816823356,1.245645,3.922709,0.665197,-0.213118,-0.506141,-0.144082,-0.106076,0.048907,0.002301
1518,97663.821736686,1.246571,3.925230,0.664443,-0.219037,-0.517100,-0.134667,-0.104659,0.048158,0.002952
1519,97663.826650016,1.247525,3.927807,0.663735,-0.224353,-0.529519,-0.126113,-0.103241,0.047409,0.003602
1520,97663.831563347,1.248503,3.930446,0.663067,-0.229497,-0.543576,-0.119806,-0.101824,0.046660,0.004253
1521,97663.836507194,1.249509,3.933173,0.662425,-0.235098,-0.559823,-0.115219,-0.100397,0.045906,0.004908
1522,97663.841451042,1.250540,3.935981,0.661805,-0.241697,-0.577608,-0.111450,-0.098971,0.045152,0.005563
1523,97663.846394889,1.251601,3.938879,0.661202,-0.249518,-0.596606,-0.108213,-0.097545,0.044399,0.006217
1524,97663.851338737,1.252695,3.941873,0.660612,-0.258685,-0.616633,-0.104938,-0.096119,0.043645,0.006872
1525,97663.856282585,1.253831,3.944968,0.660038,-0.269629,-0.637595,-0.100594,-0.094692,0.042891,0.007527
1526,97663.861226432,1.255017,3.948168,0.659482,-0.282410,-0.659906,-0.095544,-0.093266,0.042138,0.008182
1527,97663.866170280,1.256262,3.951483,0.658949,-0.296548,-0.683683,-0.090813,-0.091840,0.041384,0.008836
1528,97663.871083610,1.257563,3.954896,0.658441,-0.311460,-0.708353,-0.087248,-0.090422,0.040635,0.009487
1529,97663.876027458,1.258941,3.958457,0.657944,-0.327183,-0.733427,-0.084492,-0.089090,0.040523,0.008172
1530,97663.880971305,1.260391,3.962144,0.657458,-0.343302,-0.757921,-0.081416,-0.087758,0.040411,0.006858
1531,97663.885915153,1.261916,3.965957,0.656985,-0.360127,-0.780774,-0.077237,-0.086425,0.040299,0.005543
1532,97663.890859001,1.263519,3.969886,0.656529,-0.377669,-0.801868,-0.071721,-0.085093,0.040187,0.004228
1533,97663.895772331,1.265195,3.973898,0.656102,-0.395770,-0.821202,-0.065288,-0.083769,0.040076,0.002922
1534,97663.900716179,1.266966,3.978035,0.655700,-0.414090,-0.839837,-0.058219,-0.082437,0.039964,0.001607
1535,97663.905660026,1.268825,3.982269,0.655331,-0.432169,-0.858182,-0.050950,-0.081104,0.039852,0.000292
1536,97663.910603874,1.270769,3.986598,0.654996,-0.449395,-0.876603,-0.043954,-0.079772,0.039740,-0.001023
1537,97663.915547722,1.272794,3.991021,0.654693,-0.465090,-0.895501,-0.037021,-0.078440,0.039628,-0.002337
1538,97663.920491569,1.274894,3.995542,0.654422,-0.479288,-0.915624,-0.028965,-0.077107,0.039516,-0.003652
1539,97663.925404899,1.277046,4.000138,0.654190,-0.492371,-0.936572,-0.019433,-0.075783,0.039405,-0.004959
1540,97663.930348747,1.279273,4.004869,0.654001,-0.504076,-0.957995,-0.009010,-0.074451,0.039293,-0.006273
1541,97663.935262077,1.281540,4.009678,0.653862,-0.514271,-0.979950,0.003038,-0.073127,0.039182,-0.007580
1542,97663.940236442,1.283881,4.014660,0.653780,-0.523387,-1.003547,0.018577,-0.071786,0.039069,-0.008903
1543,97663.945180290,1.286249,4.019731,0.653773,-0.531984,-1.028380,0.037607,-0.070454,0.038957,-0.010218
1544,97663.950124138,1.288655,4.024927,0.653858,-0.540639,-1.053896,0.059128,-0.069122,0.038845,-0.011532
1545,97663.955067985,1.291101,4.030253,0.654047,-0.549487,-1.078642,0.080831,-0.067789,0.038733,-0.012847
1546,97663.960011833,1.293586,4.035704,0.654341,-0.558113,-1.101362,0.099654,-0.066457,0.038621,-0.014162
1547,97663.964955680,1.296110,4.041270,0.654726,-0.566353,-1.121492,0.114170,-0.065125,0.038509,-0.015476
1548,97663.969869011,1.298655,4.046904,0.655178,-0.574240,-1.139963,0.126863,-0.063800,0.038398,-0.016783
1549,97663.974812858,1.301253,4.052666,0.655694,-0.582553,-1.158567,0.141611,-0.062468,0.038286,-0.018098
1550,97663.979756706,1.303888,4.058523,0.656282,-0.591329,-1.176483,0.159566,-0.059436,0.040017,-0.020394
1551,97663.984700554,1.306564,4.064471,0.656956,-0.600205,-1.191539,0.180134,-0.056404,0.041748,-0.022690
1552,97663.989644401,1.309282,4.070497,0.657731,-0.608151,-1.201158,0.201186,-0.053371,0.043479,-0.024987
1553,97663.994557731,1.312022,4.076536,0.658603,-0.614318,-1.205440,0.219390,-0.050358,0.045199,-0.027269
1554,97663.999501579,1.314809,4.082636,0.659569,-0.619523,-1.207842,0.233633,-0.047325,0.046930,-0.029565
1555,97664.004445427,1.317623,4.088750,0.660606,-0.622007,-1.213033,0.247533,-0.044293,0.048661,-0.031861
1556,97664.009389274,1.320449,4.094891,0.661710,-0.620671,-1.222553,0.260539,-0.041261,0.050392,-0.034157
1557,97664.014333122,1.323267,4.101080,0.662879,-0.615977,-1.233103,0.274700,-0.038228,0.052123,-0.036454
1558,97664.019276970,1.326061,4.107320,0.664117,-0.608061,-1.241098,0.290867,-0.035196,0.053854,-0.038750
1559,97664.024220817,1.328815,4.113600,0.665435,-0.598431,-1.245372,0.309279,-0.032164,0.055585,-0.041046
1560,97664.029164665,1.331522,4.119899,0.666845,-0.588149,-1.244265,0.330364,-0.029131,0.057316,-0.043343
1561,97664.034108513,1.334180,4.126192,0.668360,-0.577413,-1.236011,0.352465,-0.026099,0.059048,-0.045639
1562,97664.039021843,1.336772,4.132405,0.669975,-0.566240,-1.220994,0.375716,-0.023086,0.060768,-0.047921
1563,97664.043935173,1.339314,4.138544,0.671706,-0.554208,-1.199980,0.400456,-0.020072,0.062488,-0.050203
1564,97664.048879020,1.341819,4.144615,0.673573,-0.541004,-1.173658,0.426135,-0.017040,0.064219,-0.052499
1565,97664.053822868,1.344266,4.150555,0.675569,-0.526951,-1.143842,0.451579,-0.014007,0.065950,-0.054796
1566,97664.058766716,1.346652,4.156347,0.677693,-0.512760,-1.113125,0.475669,-0.010975,0.067681,-0.057092
1567,97664.063710563,1.348977,4.161985,0.679940,-0.499520,-1.083208,0.498466,-0.007943,0.069412,-0.059388
1568,97664.068654411,1.351244,4.167475,0.682301,-0.487872,-1.055644,0.520475,-0.004910,0.071143,-0.061684
1569,97664.073567741,1.353447,4.172794,0.684759,-0.478617,-1.030829,0.541481,-0.001897,0.072864,-0.063967
1570,97664.078511589,1.355626,4.178022,0.687339,-0.471610,-1.007508,0.560814,0.001135,0.074595,-0.066263
1571,97664.083485954,1.357789,4.183167,0.690032,-0.466396,-0.985503,0.577663,0.004186,0.076336,-0.068573
1572,97664.088399284,1.359907,4.188141,0.692776,-0.463028,-0.965417,0.591377,0.007200,0.078057,-0.070855
1573,97664.093343132,1.362026,4.193046,0.695607,-0.461677,-0.947477,0.602246,0.010232,0.079788,-0.073152
1574,97664.098256462,1.364130,4.197833,0.698475,-0.462267,-0.932828,0.610158,0.013246,0.081508,-0.075434
1575,97664.103169792,1.366241,4.202550,0.701383,-0.464373,-0.921929,0.615721,0.016260,0.083229,-0.077716
1576,97664.108113639,1.368378,4.207242,0.704337,-0.467801,-0.914760,0.619205,0.019292,0.084960,-0.080012
1577,97664.113057487,1.370534,4.211900,0.707308,-0.472706,-0.911209,0.620694,0.022324,0.086691,-0.082308
1578,97664.118001335,1.372715,4.216542,0.710286,-0.478715,-0.910810,0.620298,0.025356,0.088422,-0.084605
1579,97664.122945182,1.374926,4.221183,0.713262,-0.484717,-0.912748,0.618609,0.028389,0.090153,-0.086901
1580,97664.127858513,1.377151,4.225806,0.716211,-0.490096,-0.916038,0.615810,0.031402,0.091873,-0.089183
1581,97664.132802360,1.379417,4.230475,0.719164,-0.494124,-0.919897,0.611696,0.034435,0.093604,-0.091479
1582,97664.137746208,1.381701,4.235163,0.722096,-0.496487,-0.923061,0.606741,0.037467,0.095335,-0.093776
1583,97664.142690055,1.383996,4.239868,0.725003,-0.498171,-0.924581,0.600756,0.040499,0.097066,-0.096072
1584,97664.147603386,1.386284,4.244550,0.727862,-0.499963,-0.923900,0.593100,0.043513,0.098786,-0.098354
1585,97664.152547233,1.388595,4.249259,0.730701,-0.501595,-0.920435,0.583978,0.046545,0.100518,-0.100650
1586,97664.157491081,1.390914,4.253950,0.733495,-0.503132,-0.913614,0.573656,0.049577,0.102249,-0.102947
1587,97664.162434929,1.393241,4.258607,0.736239,-0.504771,-0.903401,0.562109,0.052610,0.103980,-0.105243
1588,97664.167378776,1.395578,4.263214,0.738926,-0.506730,-0.890412,0.549724,0.055642,0.105711,-0.107539
1589,97664.172322624,1.397926,4.267755,0.741552,-0.508749,-0.874621,0.536653,0.058674,0.107442,-0.109835
1590,97664.177235954,1.400272,4.272191,0.744099,-0.510763,-0.856546,0.523035,0.061688,0.109162,-0.112117
1591,97664.182179802,1.402646,4.276565,0.746595,-0.513063,-0.836328,0.508668,0.064720,0.110893,-0.114414
1592,97664.187123649,1.405035,4.280838,0.749021,-0.515636,-0.814953,0.493556,0.067753,0.112624,-0.116710
1593,97664.192067497,1.407439,4.285006,0.751373,-0.518558,-0.793763,0.477027,0.070785,0.114355,-0.119006
1594,97664.197011345,1.409862,4.289068,0.753645,-0.521503,-0.772367,0.458771,0.073817,0.116086,-0.121303
1595,97664.201924675,1.412287,4.293000,0.755814,-0.524057,-0.751388,0.438701,0.076831,0.117806,-0.123585
1596,97664.206868522,1.414744,4.296852,0.757899,-0.526665,-0.731159,0.416211,0.079863,0.119538,-0.125881
1597,97664.211812370,1.417216,4.300603,0.759873,-0.529490,-0.711770,0.391810,0.082895,0.121269,-0.128177
1598,97664.216756218,1.419704,4.304258,0.761728,-0.532043,-0.694064,0.365808,0.085928,0.123000,-0.130474
1599,97664.221700065,1.422207,4.307824,0.763455,-0.533983,-0.677712,0.338442,0.088960,0.124731,-0.132770
1600,97664.226643913,1.424721,4.311308,0.765048,-0.535732,-0.662602,0.309399,0.088964,0.126220,-0.135605
1601,97664.231557243,1.427229,4.314695,0.766489,-0.537088,-0.648775,0.279268,0.088968,0.127700,-0.138422
1602,97664.236470573,1.429745,4.318012,0.767782,-0.537966,-0.636098,0.248025,0.088972,0.129180,-0.141239
1603,97664.241444938,1.432297,4.321306,0.768937,-0.538079,-0.623899,0.215107,0.088975,0.130678,-0.144092
1604,97664.246388786,1.434834,4.324517,0.769923,-0.537432,-0.612263,0.181700,0.088979,0.132168,-0.146927
1605,97664.251332634,1.437368,4.327669,0.770745,-0.535970,-0.601168,0.147953,0.088983,0.133657,-0.149761
1606,97664.256276481,1.439895,4.330763,0.771400,-0.533541,-0.590981,0.114266,0.088987,0.135146,-0.152596
1607,97664.261220329,1.442410,4.333804,0.771890,-0.529885,-0.581403,0.081002,0.088991,0.136635,-0.155431
1608,97664.266164177,1.444906,4.336795,0.772216,-0.525123,-0.572632,0.048294,0.088995,0.138125,-0.158266
1609,97664.271108024,1.447378,4.339740,0.772381,-0.519173,-0.564210,0.015948,0.088999,0.139614,-0.161101
1610,97664.276051872,1.449821,4.342640,0.772388,-0.512070,-0.555754,-0.016191,0.089003,0.141103,-0.163936
1611,97664.280965202,1.452213,4.345477,0.772237,-0.504225,-0.547346,-0.048186,0.089007,0.142583,-0.166753
1612,97664.285909050,1.454581,4.348286,0.771929,-0.495076,-0.539424,-0.080414,0.089010,0.144072,-0.169588
1613,97664.290852897,1.456903,4.351052,0.771462,-0.485083,-0.531908,-0.112689,0.089014,0.145562,-0.172423
1614,97664.295796745,1.459174,4.353777,0.770838,-0.474675,-0.524653,-0.144807,0.089018,0.147051,-0.175258
1615,97664.300740593,1.461394,4.356462,0.770055,-0.464086,-0.517625,-0.176218,0.089022,0.148540,-0.178092
1616,97664.305653923,1.463548,4.359091,0.769124,-0.453169,-0.510606,-0.206189,0.089026,0.150020,-0.180910
1617,97664.310567253,1.465647,4.361682,0.768048,-0.442457,-0.503699,-0.233965,0.089030,0.151500,-0.183727
1618,97664.315511100,1.467706,4.364251,0.766828,-0.431986,-0.497088,-0.258755,0.089034,0.152990,-0.186562
1619,97664.320454948,1.469713,4.366783,0.765487,-0.422077,-0.490283,-0.279998,0.089038,0.154479,-0.189397
1620,97664.325368278,1.471658,4.369262,0.764051,-0.412674,-0.482629,-0.296435,0.089041,0.155959,-0.192214
1621,97664.330312126,1.473570,4.371717,0.762527,-0.402988,-0.474090,-0.307263,0.089045,0.157448,-0.195049
1622,97664.335286491,1.475447,4.374141,0.760940,-0.392974,-0.465600,-0.311476,0.089049,0.158947,-0.197901
1623,97664.340230339,1.477264,4.376506,0.759343,-0.381650,-0.459249,-0.308383,0.089053,0.160436,-0.200736
1624,97664.345174186,1.479027,4.378837,0.757763,-0.368529,-0.457108,-0.299553,0.089057,0.161925,-0.203571
1625,97664.350118034,1.480726,4.381155,0.756227,-0.353829,-0.460560,-0.286472,0.089061,0.163414,-0.206406
1626,97664.355061882,1.482353,4.383488,0.754758,-0.336758,-0.471373,-0.271061,0.089065,0.164904,-0.209241
1627,97664.359975212,1.483885,4.385857,0.753373,-0.318880,-0.489857,-0.256821,0.089069,0.166384,-0.212058
1628,97664.364919059,1.485335,4.388329,0.752051,-0.301358,-0.514580,-0.244215,0.089073,0.167873,-0.214893
1629,97664.369862907,1.486694,4.390921,0.750790,-0.284976,-0.542064,-0.233922,0.089076,0.169362,-0.217728
1630,97664.374806755,1.487966,4.393645,0.749580,-0.269496,-0.570578,-0.227050,0.089080,0.170851,-0.220563
1631,97664.379720085,1.489150,4.396489,0.748411,-0.253935,-0.599308,-0.222744,0.089084,0.172331,-0.223380
1632,97664.384663932,1.490258,4.399490,0.747255,-0.237507,-0.628728,-0.218870,0.089088,0.173821,-0.226215
1633,97664.389607780,1.491278,4.402632,0.746118,-0.220878,-0.659081,-0.213352,0.089092,0.175310,-0.229050
1634,97664.394551628,1.492210,4.405922,0.745008,-0.205382,-0.690857,-0.204031,0.089096,0.176799,-0.231884
1635,97664.399495475,1.493060,4.409365,0.743943,-0.192389,-0.724381,-0.189199,0.089100,0.178288,-0.234719
1636,97664.404439323,1.493839,4.412972,0.742950,-0.184171,-0.759810,-0.166437,0.089104,0.179778,-0.237554
1637,97664.409352653,1.494567,4.416731,0.742073,-0.183283,-0.796926,-0.134028,0.089107,0.181258,-0.240371
1638,97664.414296501,1.495289,4.420698,0.741350,-0.190697,-0.836540,-0.092068,0.089111,0.182747,-0.243206
1639,97664.419240348,1.496043,4.424865,0.740830,-0.204912,-0.879209,-0.042525,0.089115,0.184236,-0.246041
1640,97664.424153679,1.496856,4.429222,0.740554,-0.223407,-0.924869,0.009247,0.089119,0.185716,-0.248859
1641,97664.429158561,1.497770,4.433895,0.740527,-0.242758,-0.972597,0.057363,0.089123,0.187224,-0.251728
1642,97664.434041374,1.498749,4.438695,0.740732,-0.258215,-1.017568,0.093152,0.089127,0.188695,-0.254528
1643,97664.438985222,1.499810,4.443782,0.741112,-0.268049,-1.060319,0.115346,0.089131,0.190184,-0.257363
1644,97664.443929069,1.500911,4.449084,0.741599,-0.272749,-1.099882,0.124714,0.089135,0.191673,-0.260198
1645,97664.448842399,1.502021,4.454549,0.742126,-0.274107,-1.135191,0.122622,0.089138,0.193153,-0.263015
1646,97664.453786247,1.503137,4.460222,0.742644,-0.272553,-1.165680,0.111299,0.089142,0.194643,-0.265850
1647,97664.458699577,1.504231,4.466009,0.743101,-0.268777,-1.189869,0.093276,0.089146,0.196123,-0.268667
1648,97664.463643425,1.505306,4.471950,0.743471,-0.264299,-1.208033,0.070176,0.089150,0.197612,-0.271502
1649,97664.468587272,1.506354,4.477977,0.743726,-0.259546,-1.220571,0.044554,0.089154,0.199101,-0.274337
1650,97664.473531120,1.507374,4.484064,0.743854,-0.253987,-1.226617,0.018988,0.087407,0.199516,-0.275455
1651,97664.478474968,1.508363,4.490178,0.743856,-0.247163,-1.224766,-0.004512,0.085659,0.199930,-0.276573
1652,97664.483418815,1.509317,4.496280,0.743742,-0.238833,-1.214713,-0.022552,0.083912,0.200344,-0.277690
1653,97664.488332145,1.510225,4.502292,0.743541,-0.229357,-1.196723,-0.030554,0.082175,0.200756,-0.278801
1654,97664.493275993,1.511096,4.508250,0.743301,-0.219379,-1.171747,-0.024258,0.080428,0.201171,-0.279919
1655,97664.498219841,1.511923,4.514083,0.743095,-0.207656,-1.143313,-0.000279,0.078680,0.201585,-0.281036
1656,97664.503163688,1.512700,4.519775,0.743010,-0.191791,-1.111094,0.042023,0.076933,0.202000,-0.282154
1657,97664.508077018,1.513404,4.525272,0.743136,-0.172721,-1.075599,0.087264,0.075196,0.202411,-0.283265
1658,97664.513020866,1.514030,4.530627,0.743490,-0.147844,-1.037555,0.132260,0.073449,0.202826,-0.284382
1659,97664.517964714,1.514544,4.535792,0.744071,-0.117238,-0.997550,0.177009,0.071702,0.203240,-0.285500
1660,97664.522908561,1.514919,4.540755,0.744877,-0.086654,-0.955168,0.222025,0.069954,0.203655,-0.286618
1661,97664.527821891,1.515153,4.545475,0.745905,-0.064030,-0.912249,0.267452,0.068218,0.204066,-0.287729
1662,97664.532765739,1.515291,4.550011,0.747167,-0.052444,-0.874375,0.313136,0.066470,0.204481,-0.288846
1663,97664.537709587,1.515382,4.554361,0.748659,-0.049969,-0.848878,0.337885,0.064723,0.204895,-0.289964
1664,97664.542653434,1.515468,4.558585,0.750275,-0.052881,-0.836452,0.329956,0.062975,0.205310,-0.291082
1665,97664.547597282,1.515571,4.562749,0.751851,-0.057652,-0.832559,0.297931,0.061228,0.205724,-0.292199
1666,97664.552541130,1.515697,4.566892,0.753270,-0.061725,-0.832052,0.247386,0.059481,0.206139,-0.293317
1667,97664.557484977,1.515838,4.571030,0.754438,-0.063053,-0.830899,0.182724,0.057733,0.206553,-0.294435
1668,97664.562428825,1.515982,4.575159,0.755287,-0.060531,-0.824825,0.109226,0.055187,0.205937,-0.293906
1669,97664.567342155,1.516109,4.579227,0.755770,-0.054594,-0.813221,0.034132,0.052657,0.205326,-0.293381
1670,97664.572286003,1.516204,4.583257,0.755886,-0.043934,-0.795555,-0.034386,0.050111,0.204710,-0.292853
1671,97664.577229850,1.516246,4.587193,0.755665,-0.028654,-0.770658,-0.089098,0.047566,0.204095,-0.292325
1672,97664.582173698,1.516213,4.591000,0.755177,-0.013424,-0.737428,-0.127868,0.045020,0.203479,-0.291796
1673,97664.587117546,1.516110,4.594637,0.754500,-0.003363,-0.694176,-0.151450,0.042474,0.202864,-0.291268
1674,97664.592061393,1.515965,4.598056,0.753709,-0.002135,-0.640298,-0.160560,0.039928,0.202248,-0.290740
1675,97664.597035759,1.515824,4.601228,0.752872,-0.012355,-0.577008,-0.156504,0.037367,0.201629,-0.290208
1676,97664.601949089,1.515749,4.604053,0.752068,-0.035300,-0.509375,-0.141906,0.034837,0.201018,-0.289683
1677,97664.606862419,1.515802,4.606552,0.751338,-0.070655,-0.442959,-0.119480,0.032307,0.200406,-0.289158
1678,97664.611806266,1.516046,4.608748,0.750715,-0.116131,-0.384952,-0.093335,0.029761,0.199790,-0.288630
1679,97664.616750114,1.516530,4.610668,0.750222,-0.167586,-0.341695,-0.068284,0.027215,0.199175,-0.288101
1680,97664.621693962,1.517278,4.612387,0.749852,-0.218956,-0.314647,-0.047931,0.024669,0.198560,-0.287573
1681,97664.626607292,1.518281,4.613976,0.749582,-0.263872,-0.303556,-0.034786,0.022139,0.197948,-0.287048
1682,97664.631551139,1.519516,4.615530,0.749372,-0.298964,-0.305424,-0.029785,0.019593,0.197332,-0.286520
1683,97664.636494987,1.520924,4.617101,0.749184,-0.321622,-0.315346,-0.032243,0.017047,0.196717,-0.285991
1684,97664.641408317,1.522432,4.618716,0.748983,-0.331364,-0.329010,-0.039100,0.014517,0.196105,-0.285466
1685,97664.646352165,1.523994,4.620410,0.748746,-0.329262,-0.343855,-0.046851,0.011972,0.195490,-0.284938
1686,97664.651296013,1.525542,4.622177,0.748469,-0.315676,-0.358468,-0.053952,0.009426,0.194874,-0.284410
1687,97664.656239860,1.527019,4.624012,0.748157,-0.292652,-0.371934,-0.059146,0.006880,0.194259,-0.283881
1688,97664.661183708,1.528380,4.625909,0.747821,-0.263835,-0.383223,-0.061859,0.004334,0.193643,-0.283353
1689,97664.666127555,1.529595,4.627854,0.747473,-0.233541,-0.391223,-0.063184,0.001788,0.193028,-0.282825
1690,97664.671071403,1.530659,4.629833,0.747120,-0.205319,-0.396285,-0.064098,-0.000757,0.192412,-0.282296
1691,97664.675984733,1.531576,4.631818,0.746766,-0.181819,-0.398888,-0.065644,-0.003288,0.191801,-0.281771
1692,97664.680928581,1.532383,4.633823,0.746404,-0.163405,-0.399665,-0.068057,-0.005833,0.191185,-0.281243
1693,97664.685872429,1.533098,4.635828,0.746032,-0.149979,-0.399025,-0.070594,-0.008379,0.190570,-0.280715
1694,97664.690816276,1.533747,4.637827,0.745648,-0.140679,-0.397619,-0.072561,-0.010925,0.189954,-0.280186
1695,97664.695729606,1.534346,4.639804,0.745257,-0.134986,-0.396146,-0.073943,-0.013455,0.189343,-0.279661
1696,97664.700703972,1.534925,4.641798,0.744856,-0.131634,-0.394760,-0.074777,-0.016017,0.188724,-0.279130
1697,97664.705647819,1.535484,4.643771,0.744453,-0.130207,-0.393891,-0.075691,-0.018562,0.188108,-0.278601
1698,97664.710591667,1.536036,4.645740,0.744045,-0.129987,-0.393114,-0.077427,-0.021108,0.187493,-0.278073
1699,97664.715535514,1.536587,4.647704,0.743629,-0.130279,-0.393183,-0.080171,-0.023654,0.186877,-0.277545
1700,97664.720479362,1.537139,4.649669,0.743200,-0.130559,-0.394453,-0.083889,-0.024444,0.185131,-0.275719
1701,97664.725392692,1.537689,4.651628,0.742755,-0.130155,-0.397192,-0.088276,-0.025230,0.183395,-0.273904
1702,97664.730336540,1.538239,4.653612,0.742285,-0.128381,-0.401286,-0.093452,-0.026021,0.181649,-0.272078
1703,97664.735280388,1.538779,4.655616,0.741789,-0.124469,-0.406154,-0.099023,-0.026811,0.179903,-0.270252
1704,97664.740224235,1.539298,4.657643,0.741266,-0.118667,-0.411459,-0.105205,-0.027602,0.178156,-0.268427
1705,97664.745168083,1.539787,4.659694,0.740713,-0.111649,-0.416752,-0.111934,-0.028392,0.176410,-0.266601
1706,97664.750111930,1.540240,4.661769,0.740126,-0.103558,-0.421358,-0.118551,-0.029183,0.174664,-0.264775
1707,97664.755055778,1.540652,4.663865,0.739507,-0.095303,-0.424889,-0.124770,-0.029973,0.172917,-0.262949
1708,97664.759969108,1.541019,4.665963,0.738862,-0.088513,-0.427222,-0.130509,-0.030759,0.171182,-0.261134
1709,97664.764912956,1.541354,4.668084,0.738185,-0.083668,-0.428263,-0.135828,-0.031549,0.169435,-0.259308
1710,97664.769826286,1.541662,4.670196,0.737486,-0.081621,-0.428169,-0.140652,-0.032335,0.167700,-0.257494
1711,97664.774770134,1.541962,4.672319,0.736759,-0.082259,-0.427150,-0.144628,-0.033126,0.165954,-0.255668
1712,97664.779713981,1.542265,4.674437,0.736012,-0.085478,-0.425316,-0.147661,-0.033916,0.164207,-0.253842
1713,97664.784657829,1.542584,4.676547,0.735251,-0.091127,-0.422999,-0.149784,-0.034707,0.162461,-0.252016
1714,97664.789601677,1.542932,4.678646,0.734478,-0.099169,-0.420362,-0.151734,-0.035497,0.160715,-0.250190
1715,97664.794515007,1.543317,4.680721,0.733701,-0.109243,-0.418023,-0.153578,-0.036283,0.158979,-0.248376
1716,97664.799458854,1.543754,4.682800,0.732908,-0.120519,-0.416920,-0.154939,-0.037073,0.157233,-0.246550
1717,97664.804402702,1.544248,4.684875,0.732109,-0.131900,-0.417072,-0.156304,-0.037864,0.155486,-0.244724
1718,97664.809346550,1.544797,4.686954,0.731301,-0.142814,-0.418670,-0.157902,-0.038654,0.153740,-0.242898
1719,97664.814290397,1.545400,4.689042,0.730485,-0.152370,-0.421682,-0.160159,-0.039445,0.151994,-0.241072
1720,97664.819234245,1.546050,4.691148,0.729657,-0.159758,-0.426287,-0.162972,-0.040235,0.150247,-0.239246
1721,97664.824178093,1.546734,4.693277,0.728814,-0.164647,-0.431983,-0.166605,-0.041026,0.148501,-0.237420
1722,97664.829121940,1.547442,4.695436,0.727952,-0.167348,-0.438712,-0.170707,-0.041816,0.146755,-0.235594
1723,97664.834035270,1.548156,4.697614,0.727075,-0.168743,-0.446440,-0.174556,-0.042602,0.145019,-0.233780
1724,97664.838979118,1.548880,4.699845,0.726173,-0.169087,-0.455010,-0.178721,-0.043393,0.143273,-0.231954
1725,97664.843922966,1.549603,4.702117,0.725250,-0.169186,-0.463910,-0.182579,-0.044183,0.141526,-0.230128
1726,97664.848866813,1.550325,4.704434,0.724307,-0.169397,-0.473132,-0.185182,-0.044974,0.139780,-0.228302
1727,97664.853780143,1.551041,4.706781,0.723357,-0.169682,-0.482266,-0.186452,-0.045759,0.138045,-0.226488
1728,97664.858723991,1.551761,4.709187,0.722394,-0.170662,-0.491549,-0.186735,-0.046550,0.136298,-0.224662
1729,97664.863667839,1.552483,4.711640,0.721429,-0.172788,-0.501371,-0.185881,-0.047340,0.134552,-0.222836
1730,97664.868611686,1.553214,4.714142,0.720467,-0.176014,-0.512201,-0.183735,-0.048131,0.132806,-0.221010
1731,97664.873525016,1.553955,4.716682,0.719521,-0.179827,-0.523837,-0.180456,-0.048916,0.131070,-0.219195
1732,97664.878468864,1.554716,4.719297,0.718584,-0.184099,-0.536560,-0.176213,-0.049707,0.129324,-0.217369
1733,97664.883412712,1.555496,4.721976,0.717667,-0.188433,-0.550121,-0.172095,-0.050497,0.127577,-0.215543
1734,97664.888356559,1.556295,4.724722,0.716770,-0.192720,-0.564436,-0.168690,-0.051288,0.125831,-0.213718
1735,97664.893300407,1.557112,4.727541,0.715888,-0.196951,-0.579262,-0.165863,-0.052079,0.124085,-0.211892
1736,97664.898213737,1.557941,4.730416,0.715024,-0.201477,-0.594701,-0.162967,-0.052864,0.122349,-0.210077
1737,97664.903157585,1.558795,4.733387,0.714168,-0.206999,-0.610926,-0.159235,-0.053655,0.120603,-0.208251
1738,97664.908101432,1.559674,4.736438,0.713329,-0.213985,-0.628397,-0.153356,-0.054445,0.118856,-0.206425
1739,97664.913045280,1.560583,4.739579,0.712517,-0.223071,-0.647459,-0.145388,-0.055236,0.117110,-0.204599
1740,97664.917989128,1.561533,4.742815,0.711743,-0.233832,-0.668340,-0.136790,-0.056026,0.115364,-0.202774
1741,97664.922932975,1.562533,4.746158,0.711010,-0.245917,-0.690913,-0.128638,-0.056817,0.113617,-0.200948
1742,97664.927846305,1.563582,4.749594,0.710319,-0.258872,-0.714636,-0.121724,-0.057602,0.111882,-0.199133
1743,97664.932759636,1.564689,4.753150,0.709659,-0.272355,-0.738662,-0.116074,-0.058388,0.110146,-0.197318
1744,97664.937734001,1.565873,4.756872,0.709017,-0.286498,-0.762554,-0.110657,-0.059183,0.108389,-0.195481
1745,97664.942677848,1.567114,4.760693,0.708403,-0.300450,-0.785292,-0.104788,-0.059974,0.106643,-0.193655
1746,97664.947621696,1.568419,4.764630,0.707816,-0.313853,-0.806111,-0.097890,-0.060765,0.104897,-0.191830
1747,97664.952535026,1.569779,4.768648,0.707264,-0.326235,-0.824819,-0.090044,-0.061550,0.103161,-0.190015
1748,97664.957478874,1.571204,4.772786,0.706745,-0.337435,-0.842288,-0.081407,-0.062341,0.101415,-0.188189
1749,97664.962422722,1.572682,4.777014,0.706267,-0.347466,-0.859308,-0.072245,-0.063131,0.099668,-0.186363
1750,97664.967366569,1.574206,4.781329,0.705833,-0.356219,-0.877250,-0.062788,-0.061827,0.099415,-0.187738
1751,97664.972310417,1.575770,4.785734,0.705443,-0.364167,-0.896333,-0.053306,-0.060523,0.099162,-0.189113
1752,97664.977223747,1.577360,4.790209,0.705101,-0.371114,-0.916395,-0.044210,-0.059227,0.098910,-0.190480
1753,97664.982167595,1.578990,4.794812,0.704800,-0.377549,-0.937414,-0.036394,-0.057923,0.098657,-0.191855
1754,97664.987111442,1.580648,4.799521,0.704536,-0.383540,-0.959138,-0.029719,-0.056619,0.098404,-0.193230
1755,97664.992055290,1.582332,4.804339,0.704304,-0.389173,-0.981800,-0.022699,-0.055315,0.098151,-0.194605
1756,97664.996999138,1.584039,4.809271,0.704104,-0.394601,-1.005555,-0.013866,-0.054011,0.097897,-0.195980
1757,97665.001912468,1.585757,4.814290,0.703947,-0.400266,-1.029699,-0.002399,-0.052715,0.097646,-0.197346
1758,97665.006856315,1.587510,4.819462,0.703843,-0.405838,-1.054024,0.011379,-0.051411,0.097393,-0.198721
1759,97665.011800163,1.589286,4.824756,0.703806,-0.411256,-1.079089,0.026907,-0.050107,0.097139,-0.200096
1760,97665.016744011,1.591085,4.830176,0.703844,-0.416779,-1.105012,0.043599,-0.048803,0.096886,-0.201471
1761,97665.021687858,1.592906,4.835726,0.703963,-0.423124,-1.132121,0.059931,-0.047499,0.096633,-0.202846
1762,97665.026631706,1.594754,4.841413,0.704160,-0.430780,-1.159601,0.074829,-0.046195,0.096380,-0.204221
1763,97665.031575554,1.596635,4.847238,0.704428,-0.440225,-1.187053,0.087042,-0.044891,0.096126,-0.205596
1764,97665.036519401,1.598557,4.853201,0.704754,-0.451756,-1.213968,0.096522,-0.043587,0.095873,-0.206971
1765,97665.041463249,1.600531,4.859300,0.705125,-0.465650,-1.239892,0.105046,-0.042283,0.095620,-0.208346
1766,97665.046376579,1.602556,4.865493,0.705533,-0.481964,-1.264882,0.114596,-0.040987,0.095368,-0.209712
1767,97665.051320427,1.604670,4.871851,0.705988,-0.500522,-1.289000,0.126571,-0.039683,0.095115,-0.211087
1768,97665.056233757,1.606857,4.878293,0.706496,-0.519847,-1.310036,0.141055,-0.038387,0.094864,-0.212454
1769,97665.061177604,1.609149,4.884885,0.707076,-0.538618,-1.325892,0.157545,-0.037083,0.094610,-0.213829
1770,97665.066121452,1.611533,4.891559,0.707736,-0.555885,-1.336900,0.174852,-0.035779,0.094357,-0.215204
1771,97665.071065300,1.614000,4.898293,0.708479,-0.571130,-1.345314,0.191906,-0.034475,0.094104,-0.216579
1772,97665.076009147,1.616542,4.905073,0.709304,-0.584929,-1.351713,0.208027,-0.033171,0.093851,-0.217954
1773,97665.080922477,1.619136,4.911846,0.710203,-0.593253,-1.357906,0.225820,-0.031875,0.093599,-0.219320
1774,97665.085866325,1.621786,4.918695,0.711193,-0.595152,-1.366602,0.243292,-0.030570,0.093346,-0.220695
1775,97665.090810173,1.624446,4.925589,0.712270,-0.591891,-1.377782,0.259758,-0.029266,0.093093,-0.222070
1776,97665.095754020,1.627088,4.932538,0.713427,-0.584171,-1.388840,0.276240,-0.027962,0.092839,-0.223445
1777,97665.100697868,1.629691,4.939541,0.714666,-0.574056,-1.395992,0.292953,-0.026658,0.092586,-0.224820
1778,97665.105611198,1.632228,4.946534,0.715980,-0.563245,-1.396999,0.310195,-0.025362,0.092335,-0.226187
1779,97665.110555046,1.634728,4.953575,0.717388,-0.552360,-1.391764,0.329658,-0.024058,0.092081,-0.227562
1780,97665.115498893,1.637177,4.960589,0.718893,-0.541284,-1.380241,0.351715,-0.022754,0.091828,-0.228937
1781,97665.120442741,1.639576,4.967545,0.720509,-0.529405,-1.362878,0.375746,-0.021450,0.091575,-0.230312
1782,97665.125356071,1.641906,4.974372,0.722234,-0.516833,-1.340979,0.400493,-0.020154,0.091323,-0.231678
1783,97665.130299919,1.644196,4.981131,0.724095,-0.503627,-1.315669,0.425142,-0.018850,0.091070,-0.233053
1784,97665.135213249,1.646414,4.987724,0.726068,-0.490961,-1.289035,0.448722,-0.017554,0.090818,-0.234420
1785,97665.140157097,1.648591,4.994225,0.728173,-0.479516,-1.262459,0.472024,-0.016250,0.090565,-0.235795
1786,97665.145100944,1.650718,5.000593,0.730395,-0.470494,-1.236911,0.494950,-0.014946,0.090312,-0.237170
1787,97665.150044792,1.652808,5.006835,0.732732,-0.463903,-1.212307,0.516470,-0.013642,0.090059,-0.238545
1788,97665.154988639,1.654873,5.012955,0.735178,-0.459300,-1.188669,0.536190,-0.012338,0.089805,-0.239920
1789,97665.159901970,1.656909,5.018922,0.737707,-0.456263,-1.166279,0.553543,-0.011042,0.089554,-0.241286
1790,97665.164845817,1.658948,5.024815,0.740340,-0.454596,-1.145458,0.568130,-0.009738,0.089301,-0.242661
1791,97665.169789665,1.660985,5.030606,0.743045,-0.454256,-1.126721,0.579311,-0.008434,0.089047,-0.244036
1792,97665.174733513,1.663025,5.036306,0.745808,-0.455224,-1.111132,0.587936,-0.007130,0.088794,-0.245411
1793,97665.179646843,1.665061,5.041894,0.748596,-0.457885,-1.099583,0.594603,-0.005834,0.088543,-0.246778
1794,97665.184590690,1.667126,5.047461,0.751435,-0.462097,-1.092307,0.600529,-0.004530,0.088289,-0.248153
1795,97665.189534538,1.669214,5.052994,0.754304,-0.467429,-1.089110,0.606015,-0.003226,0.088036,-0.249528
1796,97665.194478386,1.671329,5.058512,0.757200,-0.473575,-1.089121,0.610264,-0.001922,0.087783,-0.250903
1797,97665.199422233,1.673475,5.064032,0.760116,-0.479243,-1.091667,0.612874,-0.000618,0.087530,-0.252278
1798,97665.204335563,1.675635,5.069531,0.763026,-0.483873,-1.095272,0.614323,0.000678,0.087278,-0.253644
1799,97665.209279411,1.677830,5.075084,0.765961,-0.487830,-1.098802,0.615137,0.001982,0.087025,-0.255019
1800,97665.214223259,1.680045,5.080655,0.768900,-0.491400,-1.101591,0.614457,0.000475,0.087121,-0.255722
1801,97665.219167106,1.682276,5.086241,0.771834,-0.494383,-1.102264,0.611965,-0.001931,0.087039,-0.255972
1802,97665.224080436,1.684508,5.091796,0.774739,-0.496741,-1.099785,0.607236,-0.004323,0.086957,-0.256220
1803,97665.229054802,1.686780,5.097407,0.777655,-0.499031,-1.093495,0.600095,-0.006744,0.086874,-0.256472
1804,97665.233968132,1.689036,5.102919,0.780501,-0.501768,-1.083559,0.591907,-0.009136,0.086793,-0.256720
1805,97665.238911979,1.691320,5.108417,0.783325,-0.504639,-1.070314,0.582660,-0.011542,0.086710,-0.256970
1806,97665.243855827,1.693622,5.113849,0.786103,-0.507740,-1.053998,0.572026,-0.013948,0.086628,-0.257220
1807,97665.248799675,1.695941,5.119200,0.788830,-0.510858,-1.035292,0.560760,-0.016377,0.086498,-0.257403
1808,97665.253743522,1.698279,5.124459,0.791502,-0.514050,-1.014729,0.548319,-0.018805,0.086367,-0.257586
1809,97665.258656852,1.700622,5.129584,0.794097,-0.517221,-0.992872,0.534250,-0.021218,0.086237,-0.257768
1810,97665.263600700,1.702999,5.134633,0.796640,-0.520173,-0.969999,0.518114,-0.023646,0.086107,-0.257951
1811,97665.268544548,1.705394,5.139569,0.799104,-0.522682,-0.947034,0.499957,-0.026075,0.085977,-0.258133
1812,97665.273488395,1.707805,5.144391,0.801480,-0.524830,-0.924178,0.479678,-0.028503,0.085846,-0.258316
1813,97665.278432243,1.710231,5.149099,0.803757,-0.526191,-0.902339,0.457282,-0.030931,0.085716,-0.258499
1814,97665.283376091,1.712666,5.153698,0.805924,-0.526496,-0.882608,0.432700,-0.033359,0.085585,-0.258682
1815,97665.288289421,1.715090,5.158170,0.807958,-0.525839,-0.865471,0.406386,-0.035773,0.085456,-0.258864
1816,97665.293233268,1.717528,5.162584,0.809876,-0.525101,-0.849488,0.378016,-0.038201,0.085325,-0.259047
1817,97665.298177116,1.719964,5.166917,0.811654,-0.523987,-0.834856,0.347896,-0.040629,0.085195,-0.259229
1818,97665.303120964,1.722395,5.171176,0.813285,-0.522242,-0.821870,0.316301,-0.043057,0.085064,-0.259412
1819,97665.308034294,1.724803,5.175342,0.814751,-0.519943,-0.810180,0.283816,-0.045471,0.084935,-0.259594
1820,97665.312978141,1.727215,5.179473,0.816067,-0.516724,-0.799834,0.250289,-0.047899,0.084804,-0.259777
1821,97665.317921989,1.729611,5.183551,0.817218,-0.512326,-0.790558,0.216456,-0.050327,0.084674,-0.259960
1822,97665.322865837,1.731985,5.187580,0.818203,-0.507298,-0.782198,0.182441,-0.052755,0.084543,-0.260142
1823,97665.327809684,1.734334,5.191564,0.819020,-0.502224,-0.774114,0.147959,-0.055184,0.084413,-0.260325
1824,97665.332753532,1.736656,5.195505,0.819668,-0.496536,-0.766649,0.113770,-0.057612,0.084283,-0.260508
1825,97665.337697380,1.738950,5.199406,0.820147,-0.489478,-0.759879,0.080300,-0.060040,0.084152,-0.260691
1826,97665.342641227,1.741208,5.203270,0.820462,-0.481155,-0.753024,0.047240,-0.062468,0.084022,-0.260874
1827,97665.347585075,1.743424,5.207096,0.820615,-0.471528,-0.746632,0.014378,-0.064897,0.083891,-0.261057
1828,97665.352528923,1.745591,5.210886,0.820606,-0.460639,-0.740666,-0.018161,-0.067325,0.083761,-0.261240
1829,97665.357442253,1.747691,5.214620,0.820439,-0.448637,-0.734936,-0.050478,-0.069738,0.083631,-0.261421
1830,97665.362386100,1.749743,5.218343,0.820112,-0.435247,-0.729287,-0.083226,-0.072166,0.083501,-0.261604
1831,97665.367299430,1.751716,5.222011,0.819628,-0.420743,-0.723936,-0.116017,-0.074580,0.083371,-0.261786
1832,97665.372243278,1.753628,5.225670,0.818980,-0.405412,-0.718853,-0.149320,-0.077008,0.083241,-0.261969
1833,97665.377187126,1.755463,5.229299,0.818168,-0.389496,-0.714093,-0.182716,-0.079436,0.083110,-0.262152
1834,97665.382130973,1.757219,5.232898,0.817193,-0.373293,-0.709385,-0.215614,-0.081864,0.082980,-0.262334
1835,97665.387074821,1.758893,5.236469,0.816058,-0.357410,-0.704316,-0.247094,-0.084293,0.082850,-0.262517
1836,97665.391988151,1.760477,5.239987,0.814775,-0.342978,-0.698950,-0.276123,-0.086706,0.082720,-0.262699
1837,97665.396931999,1.761999,5.243496,0.813343,-0.330308,-0.692796,-0.301968,-0.089134,0.082589,-0.262882
1838,97665.401875847,1.763458,5.246970,0.811785,-0.319271,-0.685392,-0.322844,-0.091562,0.082459,-0.263065
1839,97665.406819694,1.764863,5.250404,0.810124,-0.309785,-0.676373,-0.337201,-0.093991,0.082329,-0.263247
1840,97665.411733024,1.766213,5.253769,0.808404,-0.301718,-0.666758,-0.343427,-0.096404,0.082199,-0.263429
1841,97665.416676872,1.767534,5.257105,0.806645,-0.294843,-0.657791,-0.340605,-0.098832,0.082069,-0.263612
1842,97665.421620720,1.768822,5.260396,0.804900,-0.288220,-0.651566,-0.328422,-0.101260,0.081938,-0.263795
1843,97665.426564567,1.770081,5.263656,0.803216,-0.281490,-0.651030,-0.308016,-0.103689,0.081808,-0.263978
1844,97665.431538932,1.771315,5.266933,0.801624,-0.273821,-0.658990,-0.282264,-0.106132,0.081676,-0.264162
1845,97665.436482780,1.772504,5.270229,0.800169,-0.264576,-0.675567,-0.255688,-0.108560,0.081546,-0.264344
1846,97665.441426628,1.773645,5.273606,0.798845,-0.252685,-0.698989,-0.231428,-0.110988,0.081416,-0.264527
1847,97665.446370475,1.774725,5.277099,0.797640,-0.238354,-0.727784,-0.211497,-0.113417,0.081285,-0.264710
1848,97665.451283805,1.775722,5.280709,0.796540,-0.222672,-0.759408,-0.196916,-0.115830,0.081156,-0.264892
1849,97665.456227653,1.776643,5.284495,0.795505,-0.205350,-0.794050,-0.187139,-0.118258,0.081025,-0.265075
1850,97665.461171501,1.777471,5.288449,0.794517,-0.187466,-0.829912,-0.180221,-0.120311,0.079784,-0.261810
1851,97665.466084831,1.778199,5.292552,0.793569,-0.170539,-0.865490,-0.173454,-0.122351,0.078551,-0.258566
1852,97665.471028679,1.778841,5.296852,0.792647,-0.156140,-0.902018,-0.163291,-0.124403,0.077310,-0.255301
1853,97665.475972526,1.779404,5.301330,0.791774,-0.147241,-0.940009,-0.146104,-0.126456,0.076069,-0.252037
1854,97665.480916374,1.779916,5.305995,0.790985,-0.147662,-0.980519,-0.118923,-0.128508,0.074829,-0.248772
1855,97665.485860222,1.780424,5.310862,0.790327,-0.159173,-1.023572,-0.080587,-0.130561,0.073588,-0.245507
1856,97665.490773552,1.780978,5.315915,0.789859,-0.180621,-1.069399,-0.032710,-0.132601,0.072355,-0.242263
1857,97665.495717399,1.781636,5.321234,0.789620,-0.207620,-1.117226,0.020370,-0.134653,0.071114,-0.238998
1858,97665.500661247,1.782420,5.326798,0.789638,-0.233238,-1.164072,0.070258,-0.136706,0.069873,-0.235734
1859,97665.505605095,1.783323,5.332602,0.789898,-0.251468,-1.207407,0.109239,-0.138759,0.068632,-0.232469
1860,97665.510548942,1.784311,5.338626,0.790347,-0.260383,-1.246548,0.133457,-0.140811,0.067391,-0.229205
1861,97665.515462272,1.785329,5.344809,0.790910,-0.261517,-1.280730,0.142643,-0.142851,0.066158,-0.225960
1862,97665.520406120,1.786352,5.351200,0.791519,-0.257383,-1.309633,0.138672,-0.144904,0.064917,-0.222696
1863,97665.525349968,1.787349,5.357732,0.792106,-0.250880,-1.333853,0.124545,-0.146956,0.063676,-0.219431
1864,97665.530293815,1.788307,5.364382,0.792624,-0.243923,-1.353921,0.103542,-0.149009,0.062436,-0.216166
1865,97665.535237663,1.789225,5.371127,0.793036,-0.237082,-1.369579,0.077863,-0.151062,0.061195,-0.212902
1866,97665.540181511,1.790103,5.377948,0.793321,-0.230593,-1.381199,0.049751,-0.153114,0.059954,-0.209637
1867,97665.545125358,1.790946,5.384822,0.793468,-0.224310,-1.387983,0.020614,-0.155167,0.058713,-0.206373
1868,97665.550069206,1.791753,5.391727,0.793470,-0.217889,-1.388348,-0.008572,-0.157219,0.057472,-0.203108
1869,97665.554982536,1.792522,5.398587,0.793329,-0.211315,-1.381265,-0.036050,-0.159259,0.056239,-0.199864
1870,97665.559926384,1.793263,5.405452,0.793052,-0.204457,-1.366739,-0.059842,-0.161312,0.054998,-0.196599
1871,97665.564870231,1.793971,5.412243,0.792660,-0.197422,-1.345508,-0.076252,-0.163364,0.053757,-0.193334
1872,97665.569783561,1.794644,5.418885,0.792190,-0.190541,-1.319524,-0.081295,-0.165404,0.052524,-0.190090
1873,97665.574727409,1.795293,5.425437,0.791695,-0.183587,-1.289646,-0.071746,-0.167457,0.051283,-0.186825
1874,97665.579671257,1.795914,5.431842,0.791250,-0.175451,-1.254793,-0.044056,-0.169509,0.050043,-0.183561
1875,97665.584615104,1.796505,5.438074,0.790944,-0.165082,-1.216215,0.001100,-0.171562,0.048802,-0.180296
1876,97665.589558952,1.797056,5.444116,0.790864,-0.150751,-1.177138,0.046746,-0.173615,0.047561,-0.177032
1877,97665.594472282,1.797545,5.449929,0.791013,-0.131518,-1.136067,0.091725,-0.175655,0.046328,-0.173787
1878,97665.599416130,1.797954,5.455574,0.791389,-0.110176,-1.090263,0.137056,-0.177707,0.045087,-0.170523
1879,97665.604359977,1.798271,5.460991,0.791993,-0.093730,-1.040315,0.182576,-0.179760,0.043846,-0.167258
1880,97665.609303825,1.798521,5.466161,0.792826,-0.086442,-0.992023,0.228751,-0.181812,0.042605,-0.163993
1881,97665.614247673,1.798748,5.471093,0.793891,-0.086812,-0.956175,0.267737,-0.183865,0.041364,-0.160729
1882,97665.619191520,1.798988,5.475851,0.795150,-0.092060,-0.939443,0.279449,-0.185918,0.040124,-0.157464
1883,97665.624104850,1.799257,5.480500,0.796461,-0.099599,-0.938683,0.267183,-0.187957,0.038890,-0.154220
1884,97665.629048698,1.799564,5.485174,0.797718,-0.106295,-0.946083,0.236851,-0.190010,0.037650,-0.150955
1885,97665.633992546,1.799901,5.489884,0.798824,-0.110485,-0.954033,0.189956,-0.192063,0.036409,-0.147691
1886,97665.638936393,1.800252,5.494632,0.799697,-0.110052,-0.956138,0.128961,-0.194115,0.035168,-0.144426
1887,97665.643880241,1.800597,5.499386,0.800269,-0.103600,-0.948688,0.059701,-0.196168,0.033927,-0.141161
1888,97665.648824089,1.800907,5.504097,0.800500,-0.088829,-0.931087,-0.009535,-0.198220,0.032686,-0.137897
1889,97665.653737419,1.801141,5.508686,0.800391,-0.066618,-0.903883,-0.069048,-0.200260,0.031453,-0.134652
1890,97665.658681266,1.801269,5.513160,0.799991,-0.041989,-0.867109,-0.111953,-0.202313,0.030212,-0.131388
1891,97665.663625114,1.801280,5.517444,0.799383,-0.022131,-0.820496,-0.134935,-0.204366,0.028971,-0.128123
1892,97665.668538444,1.801202,5.521468,0.798669,-0.011231,-0.764047,-0.140396,-0.206405,0.027738,-0.124879
1893,97665.673482292,1.801081,5.525235,0.797929,-0.011637,-0.699374,-0.133423,-0.208458,0.026497,-0.121614
1894,97665.678426139,1.800977,5.528683,0.797227,-0.025337,-0.631379,-0.119396,-0.210511,0.025257,-0.118350
1895,97665.683369987,1.800956,5.531799,0.796597,-0.052280,-0.566828,-0.101822,-0.212563,0.024016,-0.115085
1896,97665.688313835,1.801084,5.534603,0.796056,-0.091899,-0.513001,-0.082937,-0.214616,0.022775,-0.111820
1897,97665.693227165,1.801418,5.537136,0.795611,-0.140338,-0.475150,-0.066147,-0.216656,0.021542,-0.108576
1898,97665.698171013,1.802003,5.539509,0.795245,-0.192729,-0.453255,-0.053449,-0.218708,0.020301,-0.105311
1899,97665.703114860,1.802853,5.541786,0.794939,-0.241602,-0.445349,-0.046239,-0.220761,0.019060,-0.102047
1900,97665.708058708,1.803946,5.544034,0.794666,-0.281897,-0.446096,-0.045528,-0.221525,0.016705,-0.099308
1901,97665.713002555,1.805238,5.546296,0.794394,-0.311812,-0.449495,-0.049627,-0.222290,0.014349,-0.096570
1902,97665.717946403,1.806676,5.548580,0.794098,-0.329968,-0.453188,-0.055322,-0.223054,0.011994,-0.093832
1903,97665.722890251,1.808204,5.550886,0.793773,-0.335798,-0.457270,-0.061143,-0.223819,0.009638,-0.091094
1904,97665.727834098,1.809758,5.553213,0.793418,-0.330853,-0.462191,-0.066023,-0.224584,0.007283,-0.088355
1905,97665.732747429,1.811277,5.555549,0.793042,-0.316645,-0.468759,-0.070253,-0.225343,0.004942,-0.085634
1906,97665.737691276,1.812734,5.557928,0.792643,-0.294763,-0.476523,-0.075341,-0.226108,0.002586,-0.082896
1907,97665.742635124,1.814081,5.560340,0.792221,-0.267895,-0.484766,-0.082259,-0.226872,0.000231,-0.080157
1908,97665.747578972,1.815293,5.562787,0.791765,-0.238412,-0.493344,-0.090803,-0.227637,-0.002125,-0.077419
1909,97665.752522819,1.816357,5.565270,0.791269,-0.208769,-0.501501,-0.100803,-0.228401,-0.004480,-0.074681
1910,97665.757436149,1.817266,5.567770,0.790728,-0.181267,-0.508541,-0.111302,-0.229161,-0.006821,-0.071959
1911,97665.762379997,1.818042,5.570313,0.790134,-0.156952,-0.513857,-0.120747,-0.229926,-0.009176,-0.069221
1912,97665.767323845,1.818697,5.572877,0.789495,-0.137074,-0.516387,-0.128380,-0.230690,-0.011532,-0.066483
1913,97665.772267692,1.819253,5.575449,0.788819,-0.120917,-0.515804,-0.133562,-0.231455,-0.013887,-0.063744
1914,97665.777181022,1.819725,5.577999,0.788124,-0.107677,-0.512250,-0.136723,-0.232214,-0.016228,-0.061023
1915,97665.782124870,1.820136,5.580543,0.787409,-0.097364,-0.505735,-0.138818,-0.232979,-0.018584,-0.058285
1916,97665.787068718,1.820497,5.583053,0.786686,-0.090210,-0.497544,-0.140221,-0.233744,-0.020939,-0.055546
1917,97665.792012565,1.820824,5.585521,0.785956,-0.085919,-0.489089,-0.141314,-0.234508,-0.023295,-0.052808
1918,97665.796956413,1.821132,5.587946,0.785222,-0.084473,-0.481859,-0.142624,-0.235273,-0.025650,-0.050070
1919,97665.801869743,1.821432,5.590321,0.784486,-0.085078,-0.477263,-0.144539,-0.236032,-0.027991,-0.047348
1920,97665.806813591,1.821739,5.592687,0.783737,-0.086810,-0.475603,-0.147643,-0.236797,-0.030347,-0.044610
1921,97665.811757438,1.822053,5.595045,0.782972,-0.089364,-0.476610,-0.152523,-0.237561,-0.032702,-0.041872
1922,97665.816701286,1.822380,5.597409,0.782183,-0.092412,-0.479761,-0.158887,-0.238326,-0.035057,-0.039133
1923,97665.821645134,1.822721,5.599788,0.781362,-0.094837,-0.484582,-0.166569,-0.239090,-0.037413,-0.036395
1924,97665.826588981,1.823072,5.602191,0.780503,-0.096260,-0.489990,-0.174818,-0.239855,-0.039768,-0.033657
1925,97665.831502311,1.823426,5.604606,0.779608,-0.097151,-0.494994,-0.183106,-0.240615,-0.042109,-0.030935
1926,97665.836446159,1.823785,5.607060,0.778666,-0.097766,-0.498933,-0.190925,-0.241379,-0.044465,-0.028197
1927,97665.841390007,1.824146,5.609533,0.777685,-0.098116,-0.501648,-0.198601,-0.242144,-0.046820,-0.025459
1928,97665.846333854,1.824507,5.612020,0.776666,-0.098676,-0.503435,-0.205980,-0.242908,-0.049176,-0.022720
1929,97665.851277702,1.824870,5.614514,0.775610,-0.100102,-0.504275,-0.212687,-0.243673,-0.051531,-0.019982
1930,97665.856191032,1.825238,5.616998,0.774528,-0.102578,-0.504004,-0.219441,-0.244433,-0.053872,-0.017261
1931,97665.861165397,1.825621,5.619511,0.773399,-0.106431,-0.502763,-0.226298,-0.245202,-0.056242,-0.014506
1932,97665.870992057,1.826417,5.624463,0.771100,-0.116770,-0.499621,-0.239537,-0.246721,-0.060924,-0.009063
1933,97665.875935905,1.826868,5.626941,0.769877,-0.123844,-0.498515,-0.243529,-0.247486,-0.063279,-0.006324
1934,97665.880849235,1.827350,5.629399,0.768642,-0.130959,-0.498061,-0.246985,-0.248246,-0.065620,-0.003603
1935,97665.885793083,1.827871,5.631872,0.767382,-0.137250,-0.498606,-0.250525,-0.249010,-0.067976,-0.000865
1936,97665.890736930,1.828423,5.634348,0.766104,-0.142984,-0.500886,-0.253369,-0.249775,-0.070331,0.001874
1937,97665.895680778,1.829002,5.636837,0.764811,-0.148247,-0.505309,-0.255291,-0.250539,-0.072687,0.004612
1938,97665.900624626,1.829606,5.639348,0.763507,-0.152822,-0.511841,-0.256569,-0.251304,-0.075042,0.007350
1939,97665.905568473,1.830231,5.641893,0.762197,-0.156464,-0.520045,-0.257694,-0.252068,-0.077398,0.010088
1940,97665.910481804,1.830868,5.644463,0.760889,-0.159090,-0.529280,-0.258988,-0.252828,-0.079739,0.012810
1941,97665.915425651,1.831520,5.647095,0.759565,-0.160948,-0.539766,-0.260338,-0.253593,-0.082094,0.015548
1942,97665.920369499,1.832179,5.649779,0.758234,-0.162360,-0.551027,-0.261306,-0.254357,-0.084450,0.018286
1943,97665.925282829,1.832838,5.652502,0.756906,-0.163595,-0.562282,-0.261555,-0.255117,-0.086791,0.021008
1944,97665.930257194,1.833510,5.655316,0.755559,-0.164931,-0.573260,-0.260867,-0.255886,-0.089161,0.023763
1945,97665.935201042,1.834181,5.658166,0.754223,-0.166263,-0.583679,-0.259154,-0.256651,-0.091516,0.026501
1946,97665.940144889,1.834856,5.661068,0.752894,-0.167380,-0.593357,-0.256162,-0.256320,-0.092563,0.028785
1947,97665.945088737,1.835536,5.664019,0.751580,-0.168786,-0.602816,-0.251986,-0.255989,-0.093610,0.031069
1948,97665.950032585,1.836220,5.667016,0.750286,-0.171210,-0.612328,-0.246326,-0.255659,-0.094657,0.033353
1949,97665.954945915,1.836911,5.670043,0.749027,-0.174833,-0.622820,-0.239174,-0.255330,-0.095697,0.035622
1950,97665.959859245,1.837617,5.673123,0.747802,-0.179960,-0.634786,-0.231127,-0.253071,-0.094735,0.034588
1951,97665.964803093,1.838352,5.676282,0.746608,-0.187218,-0.649381,-0.222472,-0.250799,-0.093766,0.033547
1952,97665.969746940,1.839119,5.679516,0.745456,-0.196938,-0.666984,-0.213468,-0.248526,-0.092797,0.032506
1953,97665.974690788,1.839931,5.682839,0.744346,-0.209192,-0.687953,-0.204325,-0.246253,-0.091829,0.031465
1954,97665.979604118,1.840795,5.686248,0.743286,-0.223556,-0.711577,-0.195512,-0.243994,-0.090866,0.030430
1955,97665.984547966,1.841730,5.689798,0.742260,-0.239374,-0.736934,-0.187262,-0.241721,-0.089897,0.029389
1956,97665.989491813,1.842739,5.693478,0.741273,-0.255949,-0.762985,-0.180120,-0.239448,-0.088929,0.028349
1957,97665.994435661,1.843824,5.697290,0.740318,-0.272496,-0.789375,-0.174004,-0.237175,-0.087960,0.027308
1958,97665.999379509,1.844986,5.701236,0.739390,-0.288666,-0.815794,-0.168180,-0.234902,-0.086992,0.026267
1959,97666.004323356,1.846222,5.705317,0.738489,-0.304138,-0.841708,-0.162366,-0.232630,-0.086023,0.025226
1960,97666.009236686,1.847522,5.709504,0.737619,-0.318676,-0.866438,-0.156387,-0.230371,-0.085060,0.024191
1961,97666.014180534,1.848896,5.713842,0.736770,-0.332500,-0.889738,-0.149942,-0.228098,-0.084092,0.023150
1962,97666.019124382,1.850334,5.718299,0.735951,-0.345157,-0.911518,-0.143279,-0.225825,-0.083123,0.022109
1963,97666.024037712,1.851821,5.722838,0.735167,-0.357063,-0.932513,-0.136279,-0.223566,-0.082160,0.021075
1964,97666.029012077,1.853381,5.727541,0.734407,-0.368464,-0.953062,-0.129229,-0.221279,-0.081186,0.020027
1965,97666.033955925,1.854985,5.732319,0.733683,-0.379703,-0.973061,-0.122783,-0.219006,-0.080217,0.018986
1966,97666.038899772,1.856639,5.737199,0.732990,-0.391037,-0.992838,-0.117614,-0.216733,-0.079248,0.017945
1967,97666.043843620,1.858346,5.742180,0.732320,-0.402705,-1.012924,-0.113299,-0.214461,-0.078280,0.016904
1968,97666.048787468,1.860107,5.747262,0.731670,-0.414599,-1.033774,-0.108609,-0.212188,-0.077311,0.015863
1969,97666.053731315,1.861922,5.752451,0.731040,-0.426854,-1.055927,-0.102433,-0.209915,-0.076342,0.014822
1970,97666.058675163,1.863793,5.757752,0.730439,-0.439006,-1.079129,-0.094017,-0.207642,-0.075374,0.013781
1971,97666.063619011,1.865720,5.763170,0.729877,-0.450752,-1.102472,-0.083762,-0.205369,-0.074405,0.012740
1972,97666.068532341,1.867688,5.768673,0.729367,-0.461952,-1.126127,-0.072733,-0.203110,-0.073442,0.011706
1973,97666.073445671,1.869707,5.774295,0.728908,-0.472505,-1.151056,-0.061168,-0.200851,-0.072480,0.010671
1974,97666.078389518,1.871786,5.780078,0.728502,-0.482444,-1.177993,-0.049572,-0.198579,-0.071511,0.009630
1975,97666.083302848,1.873896,5.785961,0.728153,-0.491532,-1.206858,-0.039054,-0.196320,-0.070548,0.008596
1976,97666.088246696,1.876058,5.792025,0.727851,-0.500539,-1.236561,-0.030217,-0.194047,-0.069580,0.007555
1977,97666.093190544,1.878259,5.798238,0.727590,-0.510171,-1.265535,-0.023618,-0.191774,-0.068611,0.006514
1978,97666.098134391,1.880502,5.804597,0.727360,-0.521164,-1.293411,-0.018010,-0.189501,-0.067642,0.005473
1979,97666.103078239,1.882794,5.811097,0.727155,-0.534287,-1.319892,-0.012099,-0.187228,-0.066674,0.004432
1980,97666.107991569,1.885130,5.817689,0.726977,-0.549396,-1.344410,-0.004442,-0.184969,-0.065711,0.003397
1981,97666.112935417,1.887551,5.824448,0.726834,-0.566161,-1.365926,0.007685,-0.182696,-0.064742,0.002356
1982,97666.117879264,1.890050,5.831317,0.726748,-0.583693,-1.380911,0.023932,-0.180424,-0.063774,0.001315
1983,97666.122823112,1.892635,5.838264,0.726740,-0.601091,-1.390031,0.040291,-0.178151,-0.062805,0.000275
1984,97666.127736442,1.895287,5.845219,0.726811,-0.618439,-1.396186,0.053989,-0.175892,-0.061842,-0.000760
1985,97666.132680290,1.898042,5.852251,0.726948,-0.633923,-1.403733,0.067655,-0.173619,-0.060874,-0.001801
1986,97666.137624138,1.900872,5.859325,0.727152,-0.646799,-1.414076,0.081388,-0.171346,-0.059905,-0.002842
1987,97666.142567985,1.903765,5.866454,0.727421,-0.657847,-1.422971,0.095886,-0.169073,-0.058937,-0.003883
1988,97666.147511833,1.906712,5.873630,0.727761,-0.667351,-1.427421,0.112528,-0.166800,-0.057968,-0.004924
1989,97666.152455680,1.909705,5.880831,0.728182,-0.675793,-1.426251,0.131962,-0.164527,-0.056999,-0.005965
1990,97666.157399528,1.912742,5.888030,0.728699,-0.682946,-1.419315,0.155319,-0.162255,-0.056031,-0.007006
1991,97666.162343376,1.915818,5.895197,0.729331,-0.689066,-1.405600,0.180884,-0.159982,-0.055062,-0.008047
1992,97666.167287223,1.918928,5.902299,0.730090,-0.694107,-1.385597,0.207785,-0.157709,-0.054093,-0.009088
1993,97666.172200554,1.922050,5.909262,0.730977,-0.697012,-1.361562,0.235289,-0.155450,-0.053131,-0.010122
1994,97666.177144401,1.925213,5.916153,0.732007,-0.696891,-1.335463,0.262488,-0.153177,-0.052162,-0.011163
1995,97666.182088249,1.928384,5.922915,0.733172,-0.694017,-1.308752,0.288623,-0.150904,-0.051193,-0.012204
1996,97666.187032097,1.931547,5.929547,0.734469,-0.689019,-1.283009,0.313449,-0.148631,-0.050225,-0.013245
1997,97666.191945427,1.934674,5.936012,0.735882,-0.683364,-1.258894,0.336711,-0.146372,-0.049262,-0.014280
1998,97666.196889274,1.937800,5.942399,0.737420,-0.678134,-1.235911,0.359338,-0.144100,-0.048293,-0.015321
1999,97666.201833122,1.940906,5.948672,0.739072,-0.673739,-1.213451,0.381665,-0.141827,-0.047325,-0.016362
2000,97666.206776970,1.943997,5.954835,0.740835,-0.670392,-1.190534,0.403397,-0.140283,-0.046224,-0.017391
2001,97666.211690300,1.947059,5.960848,0.742697,-0.667786,-1.166268,0.423712,-0.138749,-0.045131,-0.018414
2002,97666.216634147,1.950133,5.966779,0.744672,-0.665257,-1.140504,0.442039,-0.137205,-0.044031,-0.019443
2003,97666.221577995,1.953203,5.972583,0.746739,-0.662715,-1.114147,0.457597,-0.135661,-0.042930,-0.020472
2004,97666.226521843,1.956266,5.978258,0.748885,-0.660474,-1.088455,0.469789,-0.134118,-0.041830,-0.021501
2005,97666.231465690,1.959325,5.983806,0.751093,-0.658947,-1.065407,0.479171,-0.132574,-0.040730,-0.022530
2006,97666.236409538,1.962382,5.989241,0.753348,-0.659096,-1.045926,0.486230,-0.131030,-0.039630,-0.023559
2007,97666.241353386,1.965445,5.994579,0.755640,-0.660421,-1.030904,0.491692,-0.129487,-0.038529,-0.024588
2008,97666.246297233,1.968517,5.999845,0.757960,-0.662839,-1.020016,0.496277,-0.127943,-0.037429,-0.025617
2009,97666.251210563,1.971586,6.005025,0.760288,-0.666285,-1.013452,0.499502,-0.126409,-0.036336,-0.026640
2010,97666.256154411,1.974692,6.010206,0.762647,-0.670381,-1.010330,0.501667,-0.124865,-0.035236,-0.027669
2011,97666.261098259,1.977819,6.015372,0.765016,-0.674633,-1.009486,0.502731,-0.123321,-0.034135,-0.028699
2012,97666.266011589,1.980948,6.020504,0.767376,-0.678948,-1.009805,0.502852,-0.121787,-0.033042,-0.029721
2013,97666.270955436,1.984117,6.025669,0.769751,-0.683195,-1.010223,0.501620,-0.120243,-0.031942,-0.030750
2014,97666.275899284,1.987307,6.030838,0.772119,-0.687333,-1.009869,0.499041,-0.118700,-0.030841,-0.031780
2015,97666.280843132,1.990518,6.036006,0.774474,-0.691481,-1.007435,0.495417,-0.117156,-0.029741,-0.032809
2016,97666.285786979,1.993750,6.041162,0.776811,-0.695634,-1.001928,0.490409,-0.115612,-0.028641,-0.033838
2017,97666.290700309,1.996982,6.046260,0.779109,-0.699763,-0.993206,0.483491,-0.114078,-0.027547,-0.034861
2018,97666.295644157,2.000257,6.051347,0.781388,-0.703993,-0.980660,0.474538,-0.112534,-0.026447,-0.035890
2019,97666.300588005,2.003555,6.056373,0.783622,-0.708565,-0.964338,0.464223,-0.110991,-0.025347,-0.036919
2020,97666.305531852,2.006878,6.061318,0.785806,-0.713367,-0.945020,0.452346,-0.109447,-0.024247,-0.037948
2021,97666.310475700,2.010228,6.066168,0.787933,-0.718412,-0.923278,0.439158,-0.107903,-0.023146,-0.038977
2022,97666.315389030,2.013585,6.070882,0.789982,-0.723687,-0.899778,0.425049,-0.106369,-0.022053,-0.040000
2023,97666.320332878,2.016994,6.075509,0.791975,-0.729037,-0.874797,0.409533,-0.104825,-0.020953,-0.041029
2024,97666.325276725,2.020434,6.080013,0.793893,-0.733894,-0.849185,0.392377,-0.103282,-0.019852,-0.042058
2025,97666.330220573,2.023902,6.084390,0.795727,-0.738088,-0.823414,0.373223,-0.101738,-0.018752,-0.043087
2026,97666.335133903,2.027373,6.088614,0.797457,-0.741691,-0.798119,0.352321,-0.100204,-0.017659,-0.044110
2027,97666.340077751,2.030888,6.092738,0.799096,-0.744355,-0.774675,0.329885,-0.098660,-0.016558,-0.045139
2028,97666.345021598,2.034419,6.096746,0.800625,-0.745696,-0.752871,0.305992,-0.097116,-0.015458,-0.046168
2029,97666.349995964,2.037982,6.100669,0.802045,-0.746671,-0.731458,0.280090,-0.095563,-0.014351,-0.047204
2030,97666.354939811,2.041531,6.104461,0.803331,-0.746688,-0.711319,0.252974,-0.094019,-0.013251,-0.048233
2031,97666.359883659,2.045082,6.108151,0.804483,-0.745499,-0.692611,0.224719,-0.092476,-0.012151,-0.049262
2032,97666.364827507,2.048629,6.111747,0.805497,-0.743066,-0.675009,0.195090,-0.090932,-0.011050,-0.050291
2033,97666.369740837,2.052144,6.115232,0.806360,-0.739555,-0.658797,0.164651,-0.089398,-0.009957,-0.051314
2034,97666.374684684,2.055665,6.118656,0.807080,-0.735087,-0.643721,0.133255,-0.087854,-0.008857,-0.052343
2035,97666.379628532,2.059165,6.122003,0.807645,-0.729762,-0.629514,0.101556,-0.086310,-0.007756,-0.053372
2036,97666.384572380,2.062639,6.125276,0.808055,-0.723483,-0.615461,0.069759,-0.084767,-0.006656,-0.054401
2037,97666.389516227,2.066083,6.128477,0.808309,-0.716325,-0.600758,0.038282,-0.083223,-0.005556,-0.055430
2038,97666.394429557,2.069472,6.131582,0.808409,-0.707250,-0.587363,0.007481,-0.081689,-0.004463,-0.056453
2039,97666.399373405,2.072838,6.134636,0.808358,-0.696097,-0.575364,-0.023442,-0.080145,-0.003362,-0.057482
2040,97666.404317253,2.076149,6.137627,0.808156,-0.683087,-0.564281,-0.054631,-0.078601,-0.002262,-0.058511
2041,97666.409261100,2.079396,6.140558,0.807801,-0.668156,-0.553999,-0.085953,-0.077058,-0.001162,-0.059541
2042,97666.414204948,2.082569,6.143434,0.807294,-0.651243,-0.544192,-0.117380,-0.075514,-0.000062,-0.060570
2043,97666.419148796,2.085658,6.146255,0.806632,-0.632828,-0.534768,-0.148582,-0.073970,0.001039,-0.061599
2044,97666.424062126,2.088638,6.149006,0.805824,-0.613721,-0.525300,-0.178924,-0.072436,0.002132,-0.062622
2045,97666.429005973,2.091542,6.151722,0.804863,-0.594101,-0.516033,-0.207965,-0.070892,0.003232,-0.063651
2046,97666.433949821,2.094349,6.154386,0.803760,-0.574546,-0.506913,-0.235339,-0.069349,0.004333,-0.064680
2047,97666.438863151,2.097043,6.156983,0.802531,-0.555461,-0.497755,-0.260526,-0.067814,0.005426,-0.065703
2048,97666.443806999,2.099659,6.159545,0.801172,-0.536791,-0.488533,-0.283182,-0.066271,0.006526,-0.066732
2049,97666.448750847,2.102184,6.162056,0.799703,-0.518717,-0.478878,-0.302676,-0.064727,0.007627,-0.067761
2050,97666.453664177,2.104605,6.164499,0.798149,-0.501638,-0.469159,-0.318373,-0.066037,0.008099,-0.066591
2051,97666.458608024,2.106957,6.166905,0.796510,-0.485016,-0.458944,-0.329919,-0.067356,0.008575,-0.065414
2052,97666.463551872,2.109229,6.169255,0.794816,-0.468720,-0.449064,-0.336573,-0.068674,0.009050,-0.064237
2053,97666.468465202,2.111409,6.171539,0.793101,-0.453093,-0.440532,-0.337547,-0.069985,0.009523,-0.063067
2054,97666.473409050,2.113526,6.173792,0.791373,-0.438260,-0.434793,-0.332368,-0.071303,0.009999,-0.061890
2055,97666.478352897,2.115572,6.176013,0.789671,-0.424559,-0.433538,-0.322897,-0.072622,0.010474,-0.060713
2056,97666.483296745,2.117552,6.178226,0.788018,-0.411684,-0.438368,-0.310898,-0.073940,0.010950,-0.059536
2057,97666.488240593,2.119467,6.180460,0.786424,-0.399233,-0.449724,-0.297995,-0.075259,0.011425,-0.058359
2058,97666.493153923,2.121308,6.182735,0.784904,-0.386641,-0.467099,-0.286114,-0.076569,0.011898,-0.057190
2059,97666.498097770,2.123096,6.185107,0.783433,-0.374242,-0.489005,-0.276302,-0.077888,0.012374,-0.056013
2060,97666.503041618,2.124818,6.187586,0.782010,-0.362828,-0.512889,-0.268566,-0.079206,0.012849,-0.054836
2061,97666.507985466,2.126479,6.190180,0.780625,-0.352264,-0.537466,-0.262995,-0.080525,0.013325,-0.053659
2062,97666.512929313,2.128083,6.192894,0.779267,-0.342329,-0.561794,-0.259487,-0.081843,0.013800,-0.052482
2063,97666.517873161,2.129633,6.195727,0.777925,-0.331109,-0.585633,-0.257766,-0.083162,0.014276,-0.051305
2064,97666.522817009,2.131123,6.198674,0.776591,-0.317742,-0.609372,-0.257514,-0.084480,0.014751,-0.050128
2065,97666.527760856,2.132541,6.201736,0.775258,-0.303104,-0.632911,-0.256900,-0.085799,0.015227,-0.048951
2066,97666.532704704,2.133882,6.204911,0.773928,-0.288849,-0.655480,-0.253630,-0.087117,0.015703,-0.047774
2067,97666.537618034,2.135140,6.208175,0.772622,-0.277300,-0.676281,-0.245198,-0.088427,0.016175,-0.046604
2068,97666.542561882,2.136345,6.211559,0.771349,-0.270791,-0.694736,-0.229937,-0.089746,0.016651,-0.045427
2069,97666.547505729,2.137515,6.215035,0.770150,-0.271278,-0.710851,-0.206876,-0.091064,0.017126,-0.044250
2070,97666.552449577,2.138685,6.218591,0.769065,-0.279822,-0.725943,-0.175204,-0.092383,0.017602,-0.043073
2071,97666.557362907,2.139889,6.222203,0.768141,-0.296859,-0.742423,-0.136543,-0.093693,0.018074,-0.041903
2072,97666.562306755,2.141184,6.225926,0.767399,-0.321929,-0.762341,-0.093628,-0.095012,0.018550,-0.040726
2073,97666.567250602,2.142601,6.229754,0.766867,-0.352586,-0.785106,-0.049538,-0.096330,0.019026,-0.039549
2074,97666.572163932,2.144159,6.233680,0.766551,-0.385139,-0.808996,-0.009468,-0.097641,0.019498,-0.038380
2075,97666.577107780,2.145884,6.237759,0.766427,-0.415960,-0.832811,0.021250,-0.098959,0.019974,-0.037203
2076,97666.582051628,2.147759,6.241963,0.766451,-0.442456,-0.856086,0.039722,-0.100278,0.020449,-0.036026
2077,97666.586995475,2.149761,6.246289,0.766563,-0.465135,-0.879040,0.045884,-0.101596,0.020925,-0.034849
2078,97666.591939323,2.151870,6.250734,0.766703,-0.485003,-0.901938,0.040592,-0.102915,0.021401,-0.033672
2079,97666.596883171,2.154073,6.255296,0.766814,-0.502653,-0.925133,0.026256,-0.104233,0.021876,-0.032495
2080,97666.601796501,2.156342,6.259947,0.766850,-0.519886,-0.948452,0.004697,-0.105544,0.022349,-0.031325
2081,97666.606740348,2.158703,6.264743,0.766778,-0.538688,-0.971521,-0.022747,-0.106862,0.022824,-0.030148
2082,97666.611684196,2.161151,6.269657,0.766568,-0.559184,-0.993066,-0.054026,-0.108181,0.023300,-0.028971
2083,97666.616628044,2.163693,6.274679,0.766200,-0.580576,-1.011396,-0.087568,-0.109499,0.023775,-0.027794
2084,97666.621541374,2.166318,6.279762,0.765666,-0.601196,-1.024988,-0.121942,-0.110809,0.024248,-0.026624
2085,97666.626485222,2.169055,6.284947,0.764958,-0.619534,-1.033092,-0.156259,-0.112543,0.024182,-0.025845
2086,97666.631429069,2.171879,6.290173,0.764077,-0.634201,-1.035468,-0.188344,-0.114276,0.024116,-0.025066
2087,97666.636372917,2.174772,6.295412,0.763037,-0.644521,-1.031856,-0.216073,-0.116010,0.024050,-0.024287
2088,97666.641316764,2.177716,6.300634,0.761859,-0.650722,-1.022590,-0.236754,-0.117743,0.023984,-0.023508
2089,97666.646260612,2.180690,6.305811,0.760580,-0.653232,-1.008395,-0.247595,-0.119476,0.023917,-0.022729
2090,97666.651204460,2.183679,6.310916,0.759247,-0.651870,-0.990088,-0.246293,-0.121210,0.023851,-0.021950
2091,97666.656117790,2.186647,6.315901,0.757930,-0.646509,-0.970831,-0.230364,-0.122933,0.023786,-0.021175
2092,97666.661061638,2.189613,6.320821,0.756685,-0.635333,-0.946553,-0.196019,-0.124666,0.023719,-0.020396
2093,97666.666005485,2.192530,6.325621,0.755612,-0.616829,-0.916061,-0.149484,-0.126399,0.023653,-0.019617
2094,97666.670949333,2.195367,6.330269,0.754773,-0.589512,-0.882257,-0.103532,-0.128133,0.023587,-0.018838
2095,97666.675862663,2.198062,6.334720,0.754168,-0.551634,-0.845458,-0.058527,-0.129855,0.023521,-0.018064
2096,97666.680806511,2.200599,6.339011,0.753787,-0.505221,-0.804262,-0.013053,-0.131589,0.023455,-0.017285
2097,97666.685750358,2.202918,6.343091,0.753637,-0.456372,-0.758572,0.032612,-0.133322,0.023389,-0.016506
2098,97666.690694206,2.205009,6.346938,0.753719,-0.409764,-0.712601,0.078219,-0.135056,0.023323,-0.015727
2099,97666.695638054,2.206884,6.350551,0.754032,-0.368787,-0.675843,0.107629,-0.136789,0.023257,-0.014948
2100,97666.700581901,2.208566,6.353976,0.754497,-0.336756,-0.656318,0.108402,-0.138954,0.023040,-0.013877
2101,97666.705525749,2.210094,6.357297,0.754968,-0.315871,-0.655241,0.090101,-0.141119,0.022823,-0.012807
2102,97666.710439079,2.211509,6.360587,0.755348,-0.306455,-0.668016,0.059001,-0.143270,0.022608,-0.011744
2103,97666.715382927,2.212882,6.363956,0.755577,-0.304424,-0.686462,0.017961,-0.145435,0.022391,-0.010673
2104,97666.720326774,2.214237,6.367413,0.755602,-0.302577,-0.702200,-0.027934,-0.147600,0.022174,-0.009603
2105,97666.725240104,2.215569,6.370923,0.755401,-0.292976,-0.710711,-0.074194,-0.149752,0.021959,-0.008540
2106,97666.730183952,2.216856,6.374492,0.754970,-0.271511,-0.711031,-0.119782,-0.151916,0.021742,-0.007469
2107,97666.735127800,2.218033,6.378054,0.754315,-0.240402,-0.701316,-0.162296,-0.154081,0.021525,-0.006399
2108,97666.740071647,2.219057,6.381560,0.753453,-0.205664,-0.680323,-0.199258,-0.156246,0.021308,-0.005329
2109,97666.745015495,2.219910,6.384952,0.752412,-0.173670,-0.646536,-0.226880,-0.158411,0.021091,-0.004259
2110,97666.749959343,2.220611,6.388168,0.751239,-0.149136,-0.600620,-0.241853,-0.160576,0.020875,-0.003189
2111,97666.754903190,2.221200,6.391151,0.749997,-0.134895,-0.545767,-0.243869,-0.162741,0.020658,-0.002118
2112,97666.759816520,2.221727,6.393844,0.748756,-0.131776,-0.484899,-0.235256,-0.164892,0.020442,-0.001055
2113,97666.764760368,2.222255,6.396252,0.747554,-0.140120,-0.420548,-0.219729,-0.167057,0.020226,0.000015
2114,97666.769704216,2.222840,6.398346,0.746433,-0.159457,-0.357907,-0.202614,-0.169222,0.020009,0.001086
2115,97666.774678581,2.223539,6.400146,0.745392,-0.190049,-0.301356,-0.188331,-0.171400,0.019791,0.002162
2116,97666.779591911,2.224394,6.401654,0.744434,-0.228036,-0.255863,-0.179336,-0.173552,0.019575,0.003226
2117,97666.784505241,2.225445,6.402948,0.743521,-0.268589,-0.222135,-0.175302,-0.175704,0.019360,0.004290
2118,97666.789449089,2.226711,6.404092,0.742622,-0.307424,-0.199812,-0.174987,-0.177868,0.019143,0.005360
2119,97666.794392936,2.228173,6.405134,0.741722,-0.340827,-0.187097,-0.177083,-0.180033,0.018926,0.006430
2120,97666.799336784,2.229803,6.406121,0.740810,-0.366558,-0.181034,-0.180453,-0.182198,0.018709,0.007500
2121,97666.804280632,2.231561,6.407083,0.739880,-0.383059,-0.178988,-0.183668,-0.184363,0.018493,0.008571
2122,97666.809193962,2.233389,6.408032,0.738939,-0.390472,-0.179600,-0.185953,-0.186515,0.018277,0.009634
2123,97666.814137809,2.235265,6.408992,0.737980,-0.389493,-0.182275,-0.186782,-0.188680,0.018060,0.010704
2124,97666.819112175,2.237147,6.409971,0.737011,-0.381683,-0.186382,-0.186450,-0.190858,0.017842,0.011781
2125,97666.824056022,2.238978,6.410962,0.736050,-0.369316,-0.192338,-0.185864,-0.193023,0.017625,0.012851
2126,97666.828969352,2.240736,6.411974,0.735098,-0.354701,-0.200191,-0.186225,-0.195174,0.017410,0.013915
2127,97666.833882682,2.242420,6.413021,0.734145,-0.339816,-0.209366,-0.188391,-0.197326,0.017194,0.014979
2128,97666.838826530,2.244040,6.414117,0.733176,-0.325420,-0.219515,-0.192412,-0.199491,0.016978,0.016049
2129,97666.843770378,2.245585,6.415259,0.732188,-0.311543,-0.230541,-0.198412,-0.201655,0.016761,0.017119
2130,97666.848714225,2.247059,6.416453,0.731170,-0.298672,-0.241504,-0.205790,-0.203820,0.016544,0.018189
2131,97666.853658073,2.248467,6.417697,0.730116,-0.286980,-0.251513,-0.213820,-0.205985,0.016327,0.019259
2132,97666.858571403,2.249806,6.418980,0.729029,-0.275393,-0.260342,-0.221440,-0.208137,0.016112,0.020323
2133,97666.863515251,2.251094,6.420311,0.727899,-0.264060,-0.267755,-0.228382,-0.210302,0.015895,0.021393
2134,97666.868459098,2.252323,6.421676,0.726734,-0.253231,-0.273377,-0.234254,-0.212467,0.015678,0.022463
2135,97666.873402946,2.253498,6.423067,0.725541,-0.242867,-0.277516,-0.239017,-0.214631,0.015461,0.023534
2136,97666.878346794,2.254620,6.424475,0.724325,-0.232927,-0.280421,-0.243050,-0.216796,0.015244,0.024604
2137,97666.883290641,2.255692,6.425895,0.723090,-0.223604,-0.282394,-0.246550,-0.218961,0.015028,0.025674
2138,97666.888203972,2.256711,6.427313,0.721845,-0.214988,-0.283812,-0.249830,-0.221113,0.014812,0.026738
2139,97666.893147819,2.257693,6.428746,0.720577,-0.207028,-0.285038,-0.253003,-0.223278,0.014595,0.027808
2140,97666.898091667,2.258635,6.430182,0.719294,-0.199835,-0.286119,-0.256124,-0.225443,0.014379,0.028878
2141,97666.903035514,2.259541,6.431623,0.717996,-0.193332,-0.287409,-0.259552,-0.227607,0.014162,0.029948
2142,97666.907979362,2.260415,6.433067,0.716682,-0.187657,-0.289294,-0.263358,-0.229772,0.013945,0.031018
2143,97666.912892692,2.261255,6.434511,0.715357,-0.183446,-0.291587,-0.267428,-0.231924,0.013730,0.032082
2144,97666.917836540,2.262078,6.435974,0.714004,-0.180861,-0.293553,-0.271893,-0.234089,0.013513,0.033152
2145,97666.922749870,2.262883,6.437437,0.712638,-0.179828,-0.294586,-0.276459,-0.236240,0.013297,0.034216
2146,97666.927693718,2.263688,6.438913,0.711240,-0.180098,-0.293985,-0.281160,-0.238405,0.013080,0.035286
2147,97666.932668083,2.264498,6.440395,0.709811,-0.181560,-0.291512,-0.285532,-0.240583,0.012862,0.036363
2148,97666.937611930,2.265311,6.441856,0.708368,-0.184130,-0.287328,-0.289260,-0.242748,0.012645,0.037433
2149,97666.942555778,2.266137,6.443297,0.706908,-0.188261,-0.281782,-0.292470,-0.244913,0.012429,0.038503
2150,97666.947469108,2.266979,6.444702,0.705440,-0.193974,-0.275320,-0.295259,-0.244424,0.011109,0.037905
2151,97666.952412956,2.267856,6.446085,0.703950,-0.201379,-0.268624,-0.298019,-0.243931,0.009781,0.037303
2152,97666.957326286,2.268765,6.447428,0.702455,-0.210114,-0.261986,-0.301077,-0.243441,0.008461,0.036704
2153,97666.962270134,2.269724,6.448749,0.700935,-0.220146,-0.256139,-0.304531,-0.242948,0.007133,0.036102
2154,97666.967213981,2.270734,6.450042,0.699398,-0.231470,-0.251695,-0.308600,-0.242456,0.005805,0.035500
2155,97666.972157829,2.271800,6.451316,0.697841,-0.243786,-0.248955,-0.312840,-0.241963,0.004477,0.034897
2156,97666.977101677,2.272928,6.452578,0.696261,-0.256639,-0.247903,-0.316863,-0.241470,0.003149,0.034295
2157,97666.982045524,2.274119,6.453838,0.694661,-0.269067,-0.248841,-0.320748,-0.240978,0.001821,0.033693
2158,97666.986989372,2.275370,6.455105,0.693041,-0.280278,-0.251608,-0.324032,-0.240485,0.000493,0.033091
2159,97666.991902702,2.276669,6.456380,0.691413,-0.289985,-0.255951,-0.326216,-0.239995,-0.000827,0.032492
2160,97666.996846550,2.278022,6.457687,0.689764,-0.298146,-0.261462,-0.327071,-0.239503,-0.002155,0.031890
2161,97667.001790397,2.279414,6.459022,0.688110,-0.304983,-0.268026,-0.326619,-0.239010,-0.003483,0.031288
2162,97667.006734245,2.280838,6.460391,0.686456,-0.310398,-0.275399,-0.325013,-0.238517,-0.004811,0.030685
2163,97667.011647575,2.282279,6.461789,0.684821,-0.314655,-0.283879,-0.321837,-0.238027,-0.006131,0.030087
2164,97667.016591423,2.283748,6.463239,0.683189,-0.318422,-0.293911,-0.316880,-0.237535,-0.007459,0.029485
2165,97667.021535270,2.285234,6.464739,0.681582,-0.322232,-0.305287,-0.310377,-0.237042,-0.008787,0.028882
2166,97667.026479118,2.286737,6.466297,0.680005,-0.326396,-0.317984,-0.302791,-0.236549,-0.010115,0.028280
2167,97667.031422966,2.288258,6.467919,0.678465,-0.330792,-0.332114,-0.295301,-0.236057,-0.011443,0.027678
2168,97667.036366813,2.289799,6.469612,0.676961,-0.335945,-0.347336,-0.288851,-0.235564,-0.012771,0.027076
2169,97667.041310661,2.291362,6.471382,0.675488,-0.341999,-0.363463,-0.284049,-0.235071,-0.014099,0.026474
2170,97667.046223991,2.292941,6.473222,0.674046,-0.349000,-0.380078,-0.280341,-0.234582,-0.015419,0.025875
2171,97667.051167839,2.294562,6.475157,0.672611,-0.357596,-0.396868,-0.276353,-0.234089,-0.016747,0.025273
2172,97667.056111686,2.296222,6.477177,0.671195,-0.367782,-0.412775,-0.271544,-0.233596,-0.018075,0.024671
2173,97667.061055534,2.297929,6.479278,0.669801,-0.379577,-0.426772,-0.266034,-0.233103,-0.019403,0.024068
2174,97667.065968864,2.299681,6.481438,0.668440,-0.393048,-0.438683,-0.259930,-0.232614,-0.020723,0.023470
2175,97667.070912712,2.301508,6.483673,0.667100,-0.408775,-0.448584,-0.253292,-0.232121,-0.022051,0.022868
2176,97667.075856559,2.303411,6.485961,0.665791,-0.426603,-0.456950,-0.246402,-0.231628,-0.023379,0.022265
2177,97667.080800407,2.305401,6.488294,0.664514,-0.446222,-0.463557,-0.240062,-0.231136,-0.024707,0.021663
2178,97667.085744255,2.307487,6.490665,0.663266,-0.467613,-0.468834,-0.234621,-0.230643,-0.026035,0.021061
2179,97667.090657585,2.309664,6.493052,0.662051,-0.490402,-0.473172,-0.229373,-0.230153,-0.027355,0.020462
2180,97667.095601432,2.311967,6.495481,0.660853,-0.514266,-0.476522,-0.223219,-0.229661,-0.028683,0.019860
2181,97667.100545280,2.314387,6.497931,0.659682,-0.538378,-0.479473,-0.215139,-0.229168,-0.030011,0.019258
2182,97667.105489128,2.316926,6.500402,0.658550,-0.561666,-0.482412,-0.205283,-0.228675,-0.031339,0.018656
2183,97667.110432975,2.319580,6.502893,0.657465,-0.583605,-0.486539,-0.194559,-0.228182,-0.032667,0.018053
2184,97667.115346305,2.322326,6.505395,0.656437,-0.603887,-0.492798,-0.183692,-0.227693,-0.033987,0.017455
2185,97667.120290153,2.325188,6.507947,0.655455,-0.622746,-0.501799,-0.173706,-0.227200,-0.035315,0.016853
2186,97667.125234001,2.328142,6.510550,0.654520,-0.639972,-0.513586,-0.164898,-0.226707,-0.036643,0.016250
2187,97667.130177848,2.331179,6.513214,0.653627,-0.655281,-0.527415,-0.157331,-0.226215,-0.037971,0.015648
2188,97667.135121696,2.334289,6.515951,0.652769,-0.668597,-0.542304,-0.151007,-0.225722,-0.039299,0.015046
2189,97667.140065544,2.337462,6.518764,0.651940,-0.680347,-0.557742,-0.145485,-0.225229,-0.040627,0.014444
2190,97667.144978874,2.340671,6.521639,0.651142,-0.691309,-0.573560,-0.139750,-0.224740,-0.041947,0.013845
2191,97667.149922722,2.343950,6.524612,0.650365,-0.702394,-0.590014,-0.132686,-0.224247,-0.043275,0.013243
2192,97667.154866569,2.347281,6.527670,0.649622,-0.713984,-0.607353,-0.123350,-0.223754,-0.044603,0.012641
2193,97667.159810417,2.350666,6.530816,0.648923,-0.726422,-0.625515,-0.111874,-0.223261,-0.045931,0.012039
2194,97667.164723747,2.354089,6.534036,0.648282,-0.739007,-0.643987,-0.100019,-0.222772,-0.047251,0.011440
2195,97667.169667595,2.357591,6.537370,0.647695,-0.751926,-0.663351,-0.089482,-0.222279,-0.048579,0.010838
2196,97667.174611442,2.361154,6.540803,0.647157,-0.765564,-0.683995,-0.081193,-0.221786,-0.049907,0.010236
2197,97667.179555290,2.364780,6.544341,0.646657,-0.780516,-0.706501,-0.075615,-0.221294,-0.051235,0.009633
2198,97667.184499138,2.368476,6.547995,0.646183,-0.797243,-0.730596,-0.072458,-0.220801,-0.052563,0.009031
2199,97667.189442985,2.372249,6.551771,0.645722,-0.816304,-0.755278,-0.071171,-0.220308,-0.053891,0.008429
2200,97667.194356315,2.376087,6.555649,0.645267,-0.837466,-0.778402,-0.071521,-0.217682,-0.052727,0.007051
2201,97667.199300163,2.380049,6.559670,0.644805,-0.860630,-0.799253,-0.072275,-0.215538,-0.051609,0.005092
2202,97667.204244011,2.384120,6.563799,0.644336,-0.885850,-0.816894,-0.071426,-0.213393,-0.050491,0.003134
2203,97667.209187858,2.388313,6.568021,0.643868,-0.912845,-0.830392,-0.067718,-0.211249,-0.049374,0.001176
2204,97667.214131706,2.392635,6.572315,0.643416,-0.939833,-0.838915,-0.060456,-0.209104,-0.048256,-0.000783
2205,97667.219075554,2.397090,6.576658,0.642997,-0.964358,-0.841535,-0.048169,-0.206960,-0.047138,-0.002741
2206,97667.223988884,2.401638,6.580993,0.642639,-0.984838,-0.837032,-0.031041,-0.204828,-0.046027,-0.004687
2207,97667.228932731,2.406318,6.585338,0.642362,-1.002272,-0.828712,-0.011151,-0.202684,-0.044909,-0.006645
2208,97667.233876579,2.411086,6.589647,0.642183,-1.017118,-0.819551,0.009463,-0.200539,-0.043791,-0.008604
2209,97667.238820427,2.415932,6.593915,0.642105,-1.030214,-0.809887,0.029366,-0.198394,-0.042673,-0.010562
2210,97667.243764274,2.420846,6.598140,0.642125,-1.040647,-0.803117,0.050331,-0.196250,-0.041555,-0.012520
2211,97667.248708122,2.425814,6.602334,0.642249,-1.046793,-0.802037,0.072182,-0.194105,-0.040438,-0.014479
2212,97667.253621452,2.430784,6.606501,0.642478,-1.049744,-0.802559,0.090991,-0.191974,-0.039327,-0.016425
2213,97667.258565300,2.435800,6.610697,0.642802,-1.050137,-0.801602,0.107458,-0.189829,-0.038209,-0.018383
2214,97667.263509147,2.440820,6.614890,0.643207,-1.047661,-0.797720,0.124481,-0.187685,-0.037091,-0.020341
2215,97667.268422477,2.445798,6.619039,0.643694,-1.041343,-0.790525,0.142614,-0.185554,-0.035980,-0.022288
2216,97667.273366325,2.450780,6.623177,0.644274,-1.030827,-0.779740,0.162010,-0.183409,-0.034862,-0.024246
2217,97667.278310173,2.455713,6.627261,0.644951,-1.016488,-0.766068,0.183092,-0.181264,-0.033744,-0.026204
2218,97667.283254020,2.460579,6.631276,0.645735,-0.998807,-0.750534,0.205156,-0.179120,-0.032626,-0.028163
2219,97667.288197868,2.465363,6.635212,0.646630,-0.978749,-0.733912,0.227064,-0.176975,-0.031509,-0.030121
2220,97667.293141716,2.470054,6.639063,0.647635,-0.957898,-0.716768,0.247802,-0.174831,-0.030391,-0.032079
2221,97667.298055046,2.474618,6.642802,0.648739,-0.938101,-0.699372,0.267354,-0.172699,-0.029280,-0.034025
2222,97667.302998893,2.479118,6.646476,0.649949,-0.920396,-0.682169,0.286914,-0.170555,-0.028162,-0.035984
2223,97667.307942741,2.483536,6.650063,0.651258,-0.904706,-0.664551,0.305861,-0.168410,-0.027044,-0.037942
2224,97667.312886589,2.487881,6.653560,0.652663,-0.890677,-0.646159,0.324076,-0.165568,-0.025742,-0.040321
2225,97667.317830436,2.492163,6.656964,0.654160,-0.877735,-0.626657,0.340707,-0.162726,-0.024440,-0.042701
2226,97667.322774284,2.496386,6.660270,0.655741,-0.865918,-0.606508,0.354232,-0.159884,-0.023138,-0.045080
2227,97667.327687614,2.500530,6.663456,0.657381,-0.855843,-0.586755,0.364259,-0.157059,-0.021844,-0.047444
2228,97667.332631462,2.504655,6.666562,0.659083,-0.848136,-0.568129,0.372072,-0.154217,-0.020542,-0.049824
2229,97667.337544792,2.508721,6.669556,0.660814,-0.842748,-0.552391,0.378030,-0.151392,-0.019247,-0.052188
2230,97667.342488639,2.512790,6.672490,0.662587,-0.839806,-0.539969,0.382721,-0.148550,-0.017945,-0.054567
2231,97667.347432487,2.516848,6.675363,0.664384,-0.839467,-0.531457,0.386279,-0.145708,-0.016643,-0.056947
2232,97667.352376335,2.520906,6.678194,0.666199,-0.841525,-0.526472,0.389261,-0.142866,-0.015341,-0.059326
2233,97667.357320182,2.524975,6.681000,0.668029,-0.845704,-0.524831,0.392127,-0.140024,-0.014039,-0.061705
2234,97667.367207878,2.533156,6.686600,0.671717,-0.856988,-0.526948,0.396824,-0.134339,-0.011435,-0.066464
2235,97667.372121208,2.537277,6.689395,0.673572,-0.862818,-0.529952,0.396906,-0.131515,-0.010141,-0.068828
2236,97667.377065055,2.541451,6.692224,0.675438,-0.868525,-0.531850,0.395534,-0.128673,-0.008839,-0.071207
2237,97667.382008903,2.545653,6.695064,0.677297,-0.873302,-0.531946,0.391988,-0.125830,-0.007537,-0.073587
2238,97667.386952751,2.549879,6.697905,0.679138,-0.877052,-0.529250,0.386488,-0.122988,-0.006234,-0.075966
2239,97667.391896598,2.554123,6.700733,0.680951,-0.879586,-0.523570,0.378730,-0.120146,-0.004932,-0.078345
2240,97667.396840446,2.558380,6.703533,0.682726,-0.880633,-0.514652,0.368837,-0.117304,-0.003630,-0.080724
2241,97667.401753776,2.562617,6.706271,0.684443,-0.880293,-0.502690,0.357398,-0.114479,-0.002336,-0.083089
2242,97667.406697624,2.566881,6.708967,0.686114,-0.878575,-0.487787,0.344334,-0.111637,-0.001034,-0.085468
2243,97667.411641472,2.571139,6.711588,0.687721,-0.875250,-0.470606,0.329704,-0.108795,0.000268,-0.087847
2244,97667.416585319,2.575382,6.714122,0.689258,-0.870272,-0.451812,0.313997,-0.105953,0.001570,-0.090227
2245,97667.421498649,2.579578,6.716547,0.690709,-0.864285,-0.431791,0.297511,-0.103128,0.002864,-0.092591
2246,97667.426442497,2.583774,6.718885,0.692089,-0.857483,-0.410911,0.279864,-0.100286,0.004166,-0.094970
2247,97667.431386345,2.587940,6.721118,0.693384,-0.849554,-0.389747,0.261579,-0.097444,0.005468,-0.097350
2248,97667.436330192,2.592069,6.723243,0.694591,-0.841480,-0.368833,0.242472,-0.094602,0.006771,-0.099729
2249,97667.441274040,2.596162,6.725262,0.695705,-0.833496,-0.348403,0.222167,-0.091760,0.008073,-0.102108
2250,97667.446217888,2.600219,6.727177,0.696720,-0.825177,-0.328622,0.200522,-0.090161,0.009389,-0.104331
2251,97667.451161735,2.604237,6.728991,0.697630,-0.816284,-0.309746,0.177605,-0.088563,0.010706,-0.106553
2252,97667.456075065,2.608189,6.730698,0.698424,-0.806997,-0.292091,0.153442,-0.086975,0.012015,-0.108762
2253,97667.461018913,2.612122,6.732325,0.699105,-0.797299,-0.275762,0.127931,-0.085377,0.013332,-0.110984
2254,97667.465962761,2.616009,6.733868,0.699662,-0.786983,-0.260896,0.101291,-0.083779,0.014648,-0.113207
2255,97667.470906608,2.619846,6.735333,0.700088,-0.776071,-0.247916,0.073750,-0.082180,0.015965,-0.115429
2256,97667.475819938,2.623606,6.736721,0.700378,-0.764543,-0.236641,0.045246,-0.080592,0.017274,-0.117638
2257,97667.480763786,2.627334,6.738058,0.700531,-0.752346,-0.226934,0.015575,-0.078994,0.018591,-0.119861
2258,97667.485707634,2.631001,6.739343,0.700538,-0.739608,-0.218626,-0.014681,-0.077396,0.019907,-0.122083
2259,97667.490651481,2.634605,6.740582,0.700398,-0.726365,-0.211516,-0.045575,-0.075797,0.021224,-0.124306
2260,97667.495595329,2.638143,6.741781,0.700106,-0.712167,-0.205849,-0.076169,-0.074199,0.022541,-0.126528
2261,97667.500508659,2.641589,6.742939,0.699667,-0.697448,-0.201667,-0.106506,-0.072611,0.023850,-0.128737
2262,97667.505452507,2.644982,6.744079,0.699076,-0.682381,-0.198396,-0.137210,-0.071013,0.025166,-0.130959
2263,97667.510396354,2.648299,6.745198,0.698336,-0.666709,-0.196321,-0.167881,-0.069415,0.026483,-0.133182
2264,97667.515340202,2.651537,6.746302,0.697444,-0.650442,-0.195282,-0.198459,-0.067816,0.027800,-0.135404
2265,97667.520284050,2.654692,6.747394,0.696403,-0.633465,-0.194925,-0.228838,-0.066218,0.029117,-0.137627
2266,97667.525197380,2.657743,6.748473,0.695221,-0.616094,-0.195308,-0.258945,-0.064630,0.030425,-0.139836
2267,97667.530171745,2.660743,6.749561,0.693875,-0.598830,-0.196379,-0.290011,-0.063022,0.031750,-0.142072
2268,97667.535115593,2.663637,6.750642,0.692385,-0.582482,-0.197818,-0.321482,-0.061424,0.033067,-0.144294
2269,97667.540028923,2.666430,6.751718,0.690751,-0.566660,-0.198922,-0.353232,-0.059835,0.034376,-0.146503
2270,97667.544972770,2.669160,6.752801,0.688951,-0.551405,-0.199644,-0.385651,-0.058237,0.035693,-0.148726
2271,97667.549916618,2.671812,6.753882,0.686992,-0.536448,-0.199464,-0.417463,-0.056639,0.037009,-0.150948
2272,97667.554860466,2.674388,6.754957,0.684877,-0.521586,-0.198253,-0.447456,-0.055041,0.038326,-0.153170
2273,97667.559773796,2.676873,6.756014,0.682628,-0.507034,-0.196853,-0.473721,-0.053452,0.039635,-0.155379
2274,97667.564717643,2.679301,6.757066,0.680237,-0.492220,-0.194851,-0.494548,-0.051854,0.040952,-0.157602
2275,97667.569661491,2.681654,6.758104,0.677745,-0.477036,-0.192305,-0.506620,-0.050256,0.042268,-0.159824
2276,97667.574635856,2.683946,6.759131,0.675178,-0.461814,-0.190455,-0.507499,-0.048648,0.043593,-0.162060
2277,97667.579549186,2.686135,6.760134,0.672639,-0.448906,-0.191053,-0.495900,-0.047060,0.044902,-0.164269
2278,97667.584462516,2.688262,6.761137,0.670159,-0.439744,-0.196381,-0.472298,-0.045471,0.046211,-0.166478
2279,97667.589406364,2.690357,6.762172,0.667780,-0.435719,-0.211273,-0.439552,-0.043873,0.047527,-0.168700
2280,97667.594350212,2.692431,6.763282,0.665562,-0.435552,-0.235804,-0.402321,-0.042275,0.048844,-0.170923
2281,97667.599294059,2.694502,6.764516,0.663527,-0.436634,-0.267461,-0.367120,-0.040677,0.050161,-0.173145
2282,97667.604207389,2.696561,6.765899,0.661675,-0.436134,-0.301468,-0.338168,-0.039088,0.051470,-0.175354
2283,97667.609151237,2.698625,6.767461,0.659953,-0.433546,-0.335991,-0.315580,-0.037490,0.052786,-0.177577
2284,97667.614095085,2.700671,6.769195,0.658341,-0.429609,-0.370982,-0.299129,-0.035892,0.054103,-0.179799
2285,97667.619038932,2.702690,6.771101,0.656808,-0.424790,-0.407637,-0.287420,-0.034294,0.055420,-0.182022
2286,97667.623952263,2.704667,6.773175,0.655341,-0.419879,-0.446681,-0.278537,-0.032705,0.056729,-0.184231
2287,97667.628896110,2.706623,6.775454,0.653906,-0.416189,-0.487969,-0.269368,-0.031107,0.058045,-0.186453
2288,97667.633839958,2.708553,6.777937,0.652514,-0.415989,-0.529173,-0.256909,-0.029509,0.059362,-0.188675
2289,97667.638753288,2.710462,6.780608,0.651190,-0.423071,-0.566701,-0.239055,-0.027921,0.060671,-0.190884
2290,97667.643727653,2.712423,6.783501,0.649935,-0.441239,-0.599354,-0.214097,-0.026313,0.061996,-0.193120
2291,97667.648671501,2.714457,6.786543,0.648808,-0.471238,-0.626859,-0.183191,-0.024714,0.063313,-0.195343
2292,97667.653615348,2.716635,6.789729,0.647830,-0.511884,-0.650189,-0.147070,-0.023116,0.064629,-0.197565
2293,97667.658559196,2.719011,6.793042,0.647026,-0.559971,-0.670008,-0.110247,-0.021518,0.065946,-0.199788
2294,97667.663503044,2.721623,6.796465,0.646400,-0.610779,-0.687707,-0.079553,-0.019920,0.067263,-0.202010
2295,97667.668446891,2.724484,6.799989,0.645920,-0.659211,-0.703946,-0.057979,-0.018322,0.068580,-0.204233
2296,97667.673390739,2.727583,6.803604,0.645542,-0.701746,-0.719159,-0.045271,-0.016723,0.069897,-0.206455
2297,97667.678334587,2.730889,6.807305,0.645223,-0.737287,-0.733093,-0.041639,-0.015125,0.071213,-0.208678
2298,97667.683247917,2.734346,6.811059,0.644921,-0.766712,-0.745472,-0.046420,-0.013537,0.072522,-0.210887
2299,97667.688191764,2.737967,6.814904,0.644590,-0.790946,-0.755628,-0.058468,-0.011939,0.073839,-0.213109
2300,97667.693135612,2.741705,6.818803,0.644197,-0.809645,-0.762630,-0.076168,-0.012229,0.074134,-0.213439
2301,97667.698079460,2.745532,6.822740,0.643714,-0.822958,-0.765993,-0.098529,-0.012519,0.074429,-0.213768
2302,97667.703023307,2.749423,6.826695,0.643120,-0.830764,-0.765269,-0.124337,-0.012810,0.074724,-0.214098
2303,97667.707936638,2.753326,6.830622,0.642402,-0.832547,-0.760433,-0.151927,-0.013098,0.075017,-0.214426
2304,97667.712880485,2.757261,6.834548,0.641544,-0.828651,-0.751465,-0.179504,-0.013389,0.075312,-0.214755
2305,97667.717824333,2.761178,6.838427,0.640550,-0.819063,-0.738822,-0.204785,-0.013679,0.075607,-0.215085
2306,97667.722768180,2.765047,6.842241,0.639433,-0.804283,-0.723609,-0.224762,-0.013969,0.075902,-0.215414
2307,97667.727712028,2.768846,6.845974,0.638219,-0.785827,-0.706748,-0.236109,-0.014260,0.076197,-0.215744
2308,97667.732655876,2.772556,6.849620,0.636951,-0.765321,-0.689368,-0.236317,-0.014550,0.076492,-0.216074
2309,97667.737569206,2.776147,6.853153,0.635693,-0.742520,-0.671518,-0.222844,-0.014839,0.076785,-0.216401
2310,97667.742513054,2.779652,6.856616,0.634496,-0.716735,-0.652324,-0.192547,-0.015129,0.077080,-0.216731
2311,97667.747426384,2.783015,6.859960,0.633458,-0.688345,-0.632826,-0.146854,-0.015418,0.077373,-0.217058
2312,97667.752370231,2.786266,6.863225,0.632643,-0.658105,-0.614594,-0.100158,-0.015708,0.077668,-0.217388
2313,97667.757314079,2.789376,6.866396,0.632062,-0.623827,-0.597671,-0.053908,-0.015998,0.077963,-0.217717
2314,97667.762227409,2.792305,6.869461,0.631716,-0.583472,-0.582080,-0.008202,-0.016287,0.078256,-0.218045
2315,97667.767171257,2.795059,6.872461,0.631597,-0.540184,-0.567493,0.037815,-0.016577,0.078551,-0.218375
2316,97667.772115104,2.797606,6.875383,0.631710,-0.499426,-0.555070,0.084189,-0.016867,0.078846,-0.218704
2317,97667.777058952,2.799958,6.878238,0.632056,-0.467377,-0.548016,0.120083,-0.017158,0.079141,-0.219034
2318,97667.782002800,2.802156,6.881053,0.632582,-0.447662,-0.549347,0.131796,-0.017448,0.079436,-0.219363
2319,97667.786916130,2.804244,6.883854,0.633163,-0.439171,-0.558834,0.124511,-0.017737,0.079729,-0.219691
2320,97667.791859977,2.806300,6.886717,0.633713,-0.437906,-0.572940,0.102307,-0.018027,0.080024,-0.220021
2321,97667.796803825,2.808345,6.889648,0.634152,-0.438781,-0.587337,0.065936,-0.018317,0.080319,-0.220350
2322,97667.801747673,2.810389,6.892647,0.634410,-0.435755,-0.599482,0.016933,-0.018608,0.080614,-0.220680
2323,97667.806691520,2.812412,6.895703,0.634425,-0.424787,-0.607094,-0.039829,-0.018898,0.080909,-0.221009
2324,97667.811604850,2.814363,6.898772,0.634162,-0.403867,-0.609481,-0.097981,-0.019187,0.081202,-0.221337
2325,97667.816548698,2.816218,6.901863,0.633611,-0.371293,-0.607056,-0.153487,-0.019477,0.081497,-0.221666
2326,97667.821492546,2.817909,6.904932,0.632789,-0.329046,-0.598130,-0.200116,-0.019767,0.081792,-0.221996
2327,97667.826436393,2.819390,6.907945,0.631739,-0.281749,-0.578847,-0.232581,-0.020058,0.082087,-0.222326
2328,97667.831380241,2.820639,6.910850,0.630534,-0.234791,-0.546009,-0.248401,-0.020348,0.082382,-0.222655
2329,97667.836324089,2.821662,6.913582,0.629256,-0.191756,-0.499706,-0.249114,-0.020638,0.082677,-0.222985
2330,97667.841298454,2.822487,6.916091,0.627973,-0.155527,-0.441392,-0.238900,-0.020931,0.082974,-0.223316
2331,97667.846242302,2.823142,6.918289,0.626754,-0.130253,-0.376342,-0.222130,-0.021221,0.083269,-0.223646
2332,97667.851155632,2.823684,6.920150,0.625631,-0.118993,-0.311797,-0.204064,-0.021510,0.083562,-0.223974
2333,97667.856099479,2.824190,6.921703,0.624594,-0.124365,-0.252517,-0.188226,-0.021800,0.083857,-0.224303
2334,97667.861043327,2.824736,6.922965,0.623640,-0.144773,-0.202123,-0.176416,-0.022090,0.084152,-0.224633
2335,97667.865987175,2.825394,6.923984,0.622745,-0.175026,-0.162071,-0.168910,-0.022381,0.084447,-0.224962
2336,97667.870900505,2.826206,6.924806,0.621892,-0.208773,-0.132720,-0.164805,-0.022669,0.084740,-0.225290
2337,97667.875844352,2.827196,6.925497,0.621054,-0.240547,-0.111833,-0.163225,-0.022959,0.085035,-0.225620
2338,97667.880788200,2.828348,6.926091,0.620223,-0.265663,-0.096667,-0.163243,-0.023250,0.085330,-0.225949
2339,97667.885732048,2.829628,6.926615,0.619391,-0.282071,-0.085907,-0.163639,-0.023540,0.085625,-0.226279
2340,97667.890675895,2.830990,6.927090,0.618556,-0.289643,-0.080411,-0.163978,-0.023831,0.085920,-0.226608
2341,97667.895589225,2.832383,6.927537,0.617724,-0.289788,-0.080554,-0.164536,-0.024119,0.086213,-0.226936
2342,97667.900533073,2.833785,6.927987,0.616884,-0.284466,-0.086563,-0.165230,-0.024409,0.086508,-0.227266
2343,97667.905476921,2.835159,6.928466,0.616041,-0.275168,-0.097830,-0.166706,-0.024700,0.086803,-0.227595
2344,97667.910420768,2.836484,6.928998,0.615191,-0.263518,-0.113070,-0.169802,-0.024990,0.087098,-0.227925
2345,97667.915334098,2.837741,6.929599,0.614330,-0.251164,-0.130205,-0.174923,-0.025279,0.087391,-0.228252
2346,97667.920308464,2.838948,6.930290,0.613434,-0.239089,-0.147165,-0.181487,-0.025571,0.087688,-0.228584
2347,97667.925221794,2.840077,6.931052,0.612516,-0.228142,-0.162001,-0.187898,-0.025859,0.087981,-0.228911
2348,97667.930165641,2.841155,6.931890,0.611560,-0.218628,-0.174360,-0.193455,-0.026150,0.088276,-0.229241
2349,97667.935109489,2.842183,6.932786,0.610578,-0.211083,-0.183982,-0.197266,-0.026440,0.088571,-0.229571
2350,97667.940053337,2.843171,6.933728,0.609576,-0.205226,-0.190674,-0.199614,-0.025806,0.087892,-0.228584
2351,97667.944997184,2.844129,6.934701,0.608562,-0.200422,-0.195014,-0.200592,-0.025173,0.087214,-0.227598
2352,97667.949910514,2.845056,6.935689,0.607551,-0.196460,-0.197220,-0.200508,-0.024543,0.086539,-0.226618
2353,97667.954854362,2.845969,6.936693,0.606533,-0.193510,-0.198004,-0.199750,-0.023909,0.085861,-0.225632
2354,97667.959798210,2.846868,6.937700,0.605520,-0.191621,-0.197619,-0.198801,-0.023276,0.085182,-0.224646
2355,97667.964742057,2.847757,6.938705,0.604511,-0.191005,-0.196792,-0.198316,-0.022642,0.084504,-0.223660
2356,97667.969655388,2.848638,6.939699,0.603511,-0.191789,-0.196568,-0.198758,-0.022012,0.083829,-0.222680
2357,97667.974599235,2.849528,6.940699,0.602502,-0.193546,-0.197456,-0.200460,-0.021378,0.083151,-0.221693
2358,97667.979543083,2.850426,6.941704,0.601485,-0.195670,-0.199755,-0.203592,-0.020745,0.082472,-0.220707
2359,97667.984486930,2.851335,6.942720,0.600452,-0.197565,-0.203532,-0.207949,-0.020111,0.081794,-0.219721
2360,97667.989430778,2.852251,6.943754,0.599398,-0.198803,-0.208220,-0.212857,-0.019477,0.081115,-0.218735
2361,97667.994344108,2.853167,6.944806,0.598325,-0.199133,-0.213341,-0.217525,-0.018847,0.080441,-0.217755
2362,97667.999287956,2.854088,6.945889,0.597222,-0.198669,-0.218632,-0.221896,-0.018214,0.079762,-0.216769
2363,97668.004231804,2.855006,6.946998,0.596098,-0.197438,-0.223217,-0.225502,-0.017794,0.079379,-0.215264
2364,97668.009175651,2.855917,6.948129,0.594955,-0.195708,-0.226927,-0.228921,-0.017373,0.078995,-0.213759
2365,97668.014119499,2.856817,6.949277,0.593795,-0.194601,-0.229724,-0.232566,-0.016953,0.078612,-0.212254
2366,97668.019063347,2.857712,6.950439,0.592617,-0.194715,-0.231463,-0.236528,-0.016533,0.078228,-0.210749
2367,97668.023976677,2.858601,6.951602,0.591427,-0.196328,-0.232172,-0.240717,-0.016116,0.077847,-0.209254
2368,97668.028951042,2.859508,6.952784,0.590201,-0.199499,-0.232129,-0.244543,-0.015693,0.077461,-0.207740
2369,97668.033894889,2.860425,6.953958,0.588964,-0.204203,-0.231542,-0.247707,-0.015273,0.077078,-0.206235
2370,97668.038838737,2.861366,6.955130,0.587711,-0.210103,-0.230541,-0.250333,-0.014853,0.076694,-0.204730
2371,97668.043782585,2.862335,6.956298,0.586444,-0.216399,-0.229323,-0.252411,-0.014433,0.076311,-0.203225
2372,97668.048695915,2.863330,6.957454,0.585174,-0.222990,-0.228292,-0.254129,-0.014015,0.075930,-0.201730
2373,97668.053639763,2.864363,6.958614,0.583888,-0.229762,-0.227650,-0.255697,-0.013595,0.075546,-0.200225
2374,97668.058583610,2.865430,6.959772,0.582593,-0.236431,-0.228133,-0.257593,-0.013175,0.075163,-0.198720
2375,97668.063527458,2.866530,6.960934,0.581289,-0.243149,-0.230305,-0.259891,-0.012755,0.074779,-0.197215
2376,97668.068471305,2.867662,6.962107,0.579972,-0.249828,-0.234324,-0.262276,-0.012335,0.074396,-0.195710
2377,97668.073384636,2.868819,6.963295,0.578651,-0.256318,-0.240335,-0.264906,-0.011917,0.074015,-0.194215
2378,97668.078328483,2.870013,6.964520,0.577309,-0.262620,-0.247587,-0.268285,-0.011497,0.073631,-0.192710
2379,97668.083272331,2.871237,6.965783,0.575948,-0.268989,-0.255608,-0.272072,-0.011077,0.073248,-0.191205
2380,97668.088216179,2.872491,6.967086,0.574568,-0.275802,-0.263752,-0.275155,-0.010657,0.072864,-0.189700
2381,97668.093160026,2.873776,6.968431,0.573172,-0.283333,-0.271997,-0.277059,-0.010237,0.072481,-0.188195
2382,97668.098103874,2.875096,6.969819,0.571765,-0.291362,-0.279963,-0.277328,-0.009817,0.072097,-0.186690
2383,97668.103017204,2.876446,6.971238,0.570364,-0.299835,-0.287864,-0.275712,-0.009399,0.071716,-0.185195
2384,97668.107961052,2.877844,6.972707,0.568962,-0.308944,-0.296053,-0.271626,-0.008979,0.071333,-0.183690
2385,97668.112904899,2.879286,6.974219,0.567579,-0.318657,-0.304393,-0.265199,-0.008559,0.070949,-0.182185
2386,97668.117848747,2.880775,6.975775,0.566226,-0.329177,-0.313236,-0.258013,-0.008139,0.070566,-0.180680
2387,97668.122792595,2.882314,6.977376,0.564907,-0.340953,-0.322981,-0.251499,-0.007719,0.070182,-0.179176
2388,97668.127736442,2.883909,6.979030,0.563619,-0.354241,-0.333931,-0.246809,-0.007299,0.069799,-0.177671
2389,97668.132680290,2.885569,6.980740,0.562353,-0.369363,-0.346467,-0.243670,-0.006879,0.069415,-0.176166
2390,97668.137593620,2.887289,6.982505,0.561108,-0.386415,-0.361019,-0.241020,-0.006461,0.069034,-0.174670
2391,97668.142537468,2.889102,6.984356,0.559867,-0.405287,-0.376444,-0.238025,-0.006041,0.068651,-0.173165
2392,97668.147481315,2.891005,6.986288,0.558637,-0.425833,-0.391338,-0.234722,-0.005621,0.068267,-0.171661
2393,97668.152425163,2.893006,6.988298,0.557422,-0.447558,-0.404734,-0.230784,-0.005201,0.067884,-0.170156
2394,97668.157338493,2.895099,6.990366,0.556231,-0.469832,-0.416679,-0.226245,-0.004783,0.067503,-0.168660
2395,97668.162251823,2.897298,6.992498,0.555060,-0.493190,-0.427028,-0.221383,-0.004366,0.067121,-0.167165
2396,97668.167195671,2.899625,6.994700,0.553904,-0.517582,-0.436198,-0.216626,-0.003946,0.066738,-0.165660
2397,97668.172139518,2.902071,6.996953,0.552768,-0.542546,-0.444541,-0.212053,-0.003526,0.066354,-0.164155
2398,97668.177083366,2.904639,6.999252,0.551653,-0.567813,-0.452120,-0.207712,-0.003106,0.065971,-0.162650
2399,97668.181996696,2.907313,7.001580,0.550564,-0.592929,-0.458655,-0.203038,-0.002688,0.065590,-0.161155
2400,97668.186940544,2.910127,7.003961,0.549489,-0.618339,-0.464091,-0.197249,-0.000292,0.067345,-0.162541
2401,97668.191884391,2.913066,7.006374,0.548440,-0.643456,-0.468662,-0.190119,0.002105,0.069100,-0.163926
2402,97668.196828239,2.916128,7.008816,0.547425,-0.668012,-0.472807,-0.182033,0.004502,0.070855,-0.165312
2403,97668.201741569,2.919292,7.011269,0.546453,-0.692007,-0.477228,-0.173634,0.006884,0.072600,-0.166690
2404,97668.206685417,2.922593,7.013765,0.545515,-0.715641,-0.482492,-0.165564,0.009280,0.074355,-0.168075
2405,97668.211629264,2.926010,7.016292,0.544614,-0.738262,-0.488837,-0.158350,0.011677,0.076110,-0.169461
2406,97668.216573112,2.929539,7.018856,0.543747,-0.759229,-0.496107,-0.152237,0.014073,0.077865,-0.170847
2407,97668.221516960,2.933170,7.021461,0.542909,-0.778602,-0.504343,-0.146967,0.016470,0.079620,-0.172233
2408,97668.226430290,2.936872,7.024095,0.542099,-0.796362,-0.513503,-0.141490,0.018852,0.081364,-0.173610
2409,97668.231343620,2.940659,7.026778,0.541315,-0.812492,-0.523549,-0.135417,0.021234,0.083109,-0.174988
2410,97668.236287468,2.944548,7.029530,0.540554,-0.826534,-0.534191,-0.128645,0.023630,0.084864,-0.176374
2411,97668.241231315,2.948505,7.032339,0.539824,-0.838740,-0.545986,-0.121285,0.026027,0.086619,-0.177759
2412,97668.246175163,2.952520,7.035210,0.539130,-0.849805,-0.559434,-0.112674,0.028424,0.088374,-0.179145
2413,97668.251119011,2.956587,7.038149,0.538476,-0.860499,-0.574649,-0.102525,0.030820,0.090129,-0.180531
2414,97668.256062858,2.960704,7.041167,0.537871,-0.870965,-0.591207,-0.091990,0.033217,0.091884,-0.181917
2415,97668.260976188,2.964845,7.044251,0.537320,-0.881553,-0.608616,-0.081911,0.035599,0.093629,-0.183294
2416,97668.265920036,2.969060,7.047442,0.536813,-0.892855,-0.627582,-0.072507,0.037995,0.095384,-0.184680
2417,97668.270863884,2.973328,7.050730,0.536351,-0.905550,-0.647779,-0.063690,0.040392,0.097139,-0.186066
2418,97668.275777214,2.977628,7.054100,0.535932,-0.919972,-0.668601,-0.055820,0.042774,0.098883,-0.187444
2419,97668.280721061,2.982022,7.057598,0.535548,-0.936379,-0.689807,-0.048896,0.045170,0.100639,-0.188829
2420,97668.285664909,2.986493,7.061204,0.535195,-0.954323,-0.710286,-0.042913,0.047567,0.102394,-0.190215
2421,97668.290608757,2.991049,7.064916,0.534870,-0.973403,-0.728580,-0.037453,0.049964,0.104149,-0.191601
2422,97668.295552604,2.995695,7.068723,0.534569,-0.993503,-0.744058,-0.030994,0.052360,0.105904,-0.192987
2423,97668.300465934,3.000408,7.072586,0.534299,-1.014671,-0.756454,-0.022477,0.054742,0.107648,-0.194364
2424,97668.305409782,3.005253,7.076540,0.534067,-1.036504,-0.765674,-0.010963,0.057139,0.109403,-0.195750
2425,97668.310353630,3.010205,7.080545,0.533890,-1.057763,-0.771536,0.003972,0.059535,0.111159,-0.197136
2426,97668.315297477,3.015261,7.084585,0.533785,-1.076524,-0.773811,0.022607,0.061932,0.112914,-0.198522
2427,97668.320241325,3.020411,7.088641,0.533770,-1.091132,-0.772725,0.044082,0.064329,0.114669,-0.199908
2428,97668.325185173,3.025635,7.092696,0.533861,-1.101769,-0.769388,0.066010,0.066725,0.116424,-0.201294
2429,97668.330129020,3.030913,7.096739,0.534059,-1.108836,-0.765950,0.086618,0.069122,0.118179,-0.202680
2430,97668.335072868,3.036229,7.100767,0.534359,-1.112577,-0.763334,0.105996,0.071518,0.119934,-0.204065
2431,97668.340016716,3.041565,7.104784,0.534754,-1.114247,-0.761589,0.124020,0.073915,0.121689,-0.205451
2432,97668.344960563,3.046912,7.108794,0.535239,-1.115198,-0.762747,0.140867,0.076312,0.123445,-0.206837
2433,97668.349873893,3.052230,7.112787,0.535803,-1.113651,-0.769584,0.160417,0.078694,0.125189,-0.208215
2434,97668.354787223,3.057541,7.116814,0.536463,-1.107468,-0.779892,0.181566,0.081075,0.126933,-0.209592
2435,97668.359731071,3.062854,7.120916,0.537232,-1.098720,-0.787428,0.199613,0.083472,0.128688,-0.210978
2436,97668.364674919,3.068123,7.125056,0.538089,-1.088560,-0.789960,0.217519,0.085869,0.130443,-0.212364
2437,97668.369618766,3.073343,7.129206,0.539036,-1.076471,-0.788025,0.237695,0.088265,0.132199,-0.213749
2438,97668.374562614,3.078505,7.133346,0.540084,-1.061761,-0.782401,0.259988,0.090662,0.133954,-0.215135
2439,97668.379506462,3.083597,7.137456,0.541243,-1.044334,-0.773583,0.283405,0.093059,0.135709,-0.216521
2440,97668.384419792,3.088576,7.141496,0.542512,-1.025130,-0.761996,0.306069,0.095440,0.137453,-0.217899
2441,97668.389363639,3.093495,7.145500,0.543904,-1.004376,-0.747890,0.326898,0.097837,0.139208,-0.219284
2442,97668.394307487,3.098316,7.149432,0.545400,-0.983100,-0.732242,0.345627,0.100234,0.140963,-0.220670
2443,97668.399251335,3.103037,7.153283,0.546991,-0.962212,-0.716203,0.363490,0.102630,0.142719,-0.222056
2444,97668.404164665,3.107631,7.157028,0.548663,-0.942351,-0.700822,0.380979,0.105012,0.144463,-0.223433
2445,97668.409108513,3.112159,7.160717,0.550435,-0.923350,-0.685997,0.398958,0.107409,0.146218,-0.224819
2446,97668.414052360,3.116599,7.164330,0.552297,-0.905294,-0.671569,0.416710,0.109805,0.147973,-0.226205
2447,97668.418996208,3.120954,7.167869,0.554249,-0.888630,-0.657733,0.433391,0.112202,0.149728,-0.227591
2448,97668.423940055,3.125230,7.171337,0.556286,-0.873789,-0.644387,0.447980,0.114599,0.151484,-0.228977
2449,97668.428853386,3.129412,7.174715,0.558384,-0.861440,-0.632124,0.459501,0.116980,0.153228,-0.230354
2450,97668.433797233,3.133561,7.178053,0.560553,-0.851913,-0.621851,0.468563,0.117886,0.154493,-0.230666
2451,97668.438741081,3.137667,7.181338,0.562769,-0.845678,-0.614378,0.474981,0.118791,0.155757,-0.230977
2452,97668.443684929,3.141744,7.184585,0.565017,-0.842540,-0.610249,0.478823,0.119696,0.157022,-0.231288
2453,97668.448628776,3.145807,7.187811,0.567284,-0.842989,-0.609325,0.480913,0.120601,0.158287,-0.231599
2454,97668.453572624,3.149872,7.191033,0.569562,-0.846619,-0.611338,0.482062,0.121507,0.159552,-0.231911
2455,97668.458485954,3.153929,7.194246,0.571832,-0.852463,-0.615787,0.482487,0.122406,0.160809,-0.232220
2456,97668.463429802,3.158040,7.197502,0.574116,-0.859043,-0.621305,0.481760,0.123312,0.162073,-0.232531
2457,97668.468373649,3.162182,7.200787,0.576396,-0.865165,-0.626206,0.479957,0.124217,0.163338,-0.232843
2458,97668.473317497,3.166353,7.204097,0.578667,-0.869809,-0.629431,0.476318,0.125122,0.164603,-0.233154
2459,97668.478261345,3.170546,7.207424,0.580919,-0.872779,-0.629641,0.470933,0.126027,0.165868,-0.233465
2460,97668.483205192,3.174753,7.210752,0.583144,-0.873355,-0.626539,0.464410,0.126933,0.167132,-0.233776
2461,97668.488118522,3.178937,7.214044,0.585324,-0.871733,-0.620369,0.456208,0.127832,0.168389,-0.234086
2462,97668.493062370,3.183140,7.217326,0.587477,-0.867908,-0.610899,0.446651,0.128737,0.169654,-0.234397
2463,97668.498006218,3.187326,7.220559,0.589584,-0.862048,-0.598538,0.436161,0.129643,0.170919,-0.234708
2464,97668.502950065,3.191484,7.223729,0.591640,-0.855186,-0.583605,0.424947,0.130548,0.172184,-0.235019
2465,97668.507893913,3.195611,7.226823,0.593642,-0.847646,-0.566876,0.413471,0.131453,0.173448,-0.235331
2466,97668.512807243,3.199678,7.229813,0.595576,-0.839365,-0.549080,0.401466,0.132353,0.174705,-0.235640
2467,97668.517751091,3.203733,7.232732,0.597466,-0.830625,-0.530762,0.388573,0.133258,0.175970,-0.235951
2468,97668.522694938,3.207748,7.235558,0.599293,-0.821875,-0.512339,0.375232,0.134163,0.177235,-0.236263
2469,97668.527608268,3.211697,7.238273,0.601045,-0.813303,-0.494258,0.361138,0.135063,0.178492,-0.236572
2470,97668.532582634,3.215657,7.240929,0.602750,-0.804861,-0.476649,0.345449,0.135974,0.179764,-0.236885
2471,97668.537526481,3.219553,7.243479,0.604369,-0.796384,-0.459894,0.328227,0.136879,0.181029,-0.237196
2472,97668.542470329,3.223409,7.245943,0.605905,-0.787677,-0.444038,0.309413,0.137784,0.182294,-0.237508
2473,97668.547414177,3.227225,7.248326,0.607349,-0.779140,-0.428836,0.289105,0.138690,0.183559,-0.237819
2474,97668.552358024,3.231000,7.250631,0.608695,-0.770768,-0.414083,0.267250,0.139595,0.184824,-0.238130
2475,97668.557301872,3.234736,7.252859,0.609934,-0.762518,-0.400299,0.243966,0.140500,0.186088,-0.238442
2476,97668.562215202,3.238409,7.255004,0.611052,-0.753843,-0.387795,0.219732,0.141400,0.187345,-0.238751
2477,97668.567159050,3.242064,7.257096,0.612059,-0.744627,-0.376516,0.194324,0.142305,0.188610,-0.239062
2478,97668.572102897,3.245673,7.259129,0.612942,-0.735215,-0.366714,0.167755,0.143210,0.189875,-0.239373
2479,97668.577046745,3.249236,7.261109,0.613694,-0.725816,-0.358245,0.140311,0.144115,0.191140,-0.239685
2480,97668.581990593,3.252753,7.263045,0.614312,-0.716029,-0.351501,0.112492,0.145021,0.192404,-0.239996
2481,97668.586934440,3.256221,7.264943,0.614794,-0.706620,-0.346847,0.084270,0.145926,0.193669,-0.240307
2482,97668.591847770,3.259620,7.266802,0.615135,-0.697492,-0.344016,0.055719,0.146826,0.194926,-0.240617
2483,97668.596791618,3.262994,7.268656,0.615338,-0.688646,-0.342443,0.026839,0.147731,0.196191,-0.240928
2484,97668.601735466,3.266322,7.270498,0.615399,-0.679924,-0.341627,-0.002187,0.148636,0.197456,-0.241239
2485,97668.606679313,3.269606,7.272332,0.615317,-0.670937,-0.341062,-0.031326,0.149541,0.198720,-0.241550
2486,97668.611592643,3.272823,7.274148,0.615094,-0.661568,-0.340817,-0.060329,0.150441,0.199977,-0.241860
2487,97668.616536491,3.276012,7.275971,0.614726,-0.651517,-0.340499,-0.089623,0.151346,0.201242,-0.242171
2488,97668.621480339,3.279149,7.277788,0.614214,-0.640630,-0.340384,-0.119191,0.152252,0.202507,-0.242482
2489,97668.626424186,3.282230,7.279600,0.613557,-0.629221,-0.340522,-0.148928,0.153157,0.203772,-0.242793
2490,97668.631368034,3.285253,7.281409,0.612754,-0.617141,-0.341047,-0.178852,0.154062,0.205036,-0.243105
2491,97668.636311882,3.288214,7.283215,0.611803,-0.604644,-0.342076,-0.208617,0.154967,0.206301,-0.243416
2492,97668.641255729,3.291110,7.285022,0.610707,-0.591828,-0.343391,-0.238006,0.155872,0.207566,-0.243727
2493,97668.646199577,3.293942,7.286831,0.609466,-0.579186,-0.345065,-0.266519,0.156778,0.208831,-0.244039
2494,97668.651143425,3.296708,7.288644,0.608085,-0.566765,-0.346530,-0.293205,0.157683,0.210095,-0.244350
2495,97668.656087272,3.299410,7.290460,0.606572,-0.555055,-0.347592,-0.316959,0.158588,0.211360,-0.244661
2496,97668.661031120,3.302053,7.292276,0.604944,-0.544348,-0.347472,-0.336632,0.159493,0.212625,-0.244972
2497,97668.665974968,3.304642,7.294089,0.603218,-0.534733,-0.345746,-0.350938,0.160399,0.213890,-0.245284
2498,97668.670888298,3.307167,7.295879,0.601434,-0.526024,-0.342389,-0.358210,0.161298,0.215147,-0.245593
2499,97668.675832145,3.309665,7.297661,0.599604,-0.518817,-0.338401,-0.357326,0.162204,0.216411,-0.245904
2500,97668.680775993,3.312128,7.299422,0.597779,-0.514729,-0.337623,-0.346606,0.160309,0.215902,-0.243961
2501,97668.685719841,3.314571,7.301179,0.596007,-0.514547,-0.342967,-0.326991,0.158415,0.215392,-0.242017
2502,97668.690663688,3.317015,7.302964,0.594332,-0.517611,-0.354793,-0.301885,0.155209,0.213885,-0.239108
2503,97668.695577018,3.319457,7.304798,0.592790,-0.522593,-0.373224,-0.275518,0.152022,0.212387,-0.236216
2504,97668.700520866,3.321937,7.306737,0.591367,-0.527480,-0.397598,-0.250371,0.148817,0.210880,-0.233307
2505,97668.705464714,3.324438,7.308799,0.590066,-0.531563,-0.426820,-0.229336,0.145611,0.209373,-0.230398
2506,97668.710408561,3.326953,7.311007,0.588868,-0.534428,-0.460542,-0.213578,0.142405,0.207866,-0.227488
2507,97668.715352409,3.329477,7.313384,0.587745,-0.534824,-0.498587,-0.203753,0.139199,0.206359,-0.224579
2508,97668.720265739,3.331980,7.315933,0.586675,-0.533367,-0.539323,-0.199056,0.136013,0.204861,-0.221688
2509,97668.725209587,3.334483,7.318700,0.585619,-0.533375,-0.579918,-0.196055,0.132807,0.203354,-0.218779
2510,97668.730153434,3.336977,7.321667,0.584575,-0.537922,-0.618184,-0.190874,0.129601,0.201847,-0.215869
2511,97668.735097282,3.339485,7.324824,0.583555,-0.547471,-0.653804,-0.181037,0.126395,0.200340,-0.212960
2512,97668.739980095,3.342002,7.328119,0.582592,-0.563931,-0.685003,-0.164757,0.123228,0.198852,-0.210087
2513,97668.744923942,3.344627,7.331614,0.581695,-0.589165,-0.712208,-0.140126,0.120022,0.197345,-0.207177
2514,97668.749867790,3.347372,7.335250,0.580916,-0.621270,-0.736156,-0.107862,0.116816,0.195838,-0.204268
2515,97668.754811638,3.350272,7.339013,0.580292,-0.656874,-0.757523,-0.070103,0.113611,0.194331,-0.201359
2516,97668.759755485,3.353346,7.342892,0.579852,-0.691734,-0.777108,-0.031149,0.110405,0.192824,-0.198450
2517,97668.764699333,3.356591,7.346878,0.579600,-0.721890,-0.796250,0.003889,0.107199,0.191316,-0.195540
2518,97668.769612663,3.359963,7.350941,0.579518,-0.745362,-0.814706,0.031099,0.104013,0.189819,-0.192649
2519,97668.774556511,3.363469,7.355128,0.579568,-0.763300,-0.832069,0.049555,0.100807,0.188312,-0.189740
2520,97668.779500358,3.367061,7.359406,0.579706,-0.776323,-0.847625,0.058798,0.097601,0.186805,-0.186830
2521,97668.784444206,3.370715,7.363764,0.579888,-0.785035,-0.860676,0.059197,0.094395,0.185297,-0.183921
2522,97668.789388054,3.374409,7.368188,0.580071,-0.790388,-0.871211,0.051017,0.091189,0.183790,-0.181012
2523,97668.794331901,3.378127,7.372665,0.580212,-0.793492,-0.878666,0.033839,0.087983,0.182283,-0.178103
2524,97668.799245231,3.381834,7.377150,0.580268,-0.795223,-0.882881,0.009645,0.084797,0.180786,-0.175211
2525,97668.804189079,3.385570,7.381683,0.580203,-0.796098,-0.883841,-0.018903,0.081591,0.179279,-0.172302
2526,97668.809132927,3.389308,7.386220,0.579998,-0.795666,-0.881541,-0.049579,0.078385,0.177771,-0.169393
2527,97668.814076774,3.393043,7.390742,0.579641,-0.792322,-0.876373,-0.081228,0.075179,0.176264,-0.166484
2528,97668.819020622,3.396759,7.395237,0.579128,-0.784834,-0.868558,-0.112919,0.071973,0.174757,-0.163574
2529,97668.823964470,3.400438,7.399689,0.578460,-0.773298,-0.858675,-0.142770,0.068767,0.173250,-0.160665
2530,97668.828877800,3.404038,7.404061,0.577650,-0.758968,-0.847348,-0.167172,0.065581,0.171753,-0.157774
2531,97668.833821647,3.407590,7.408400,0.576717,-0.744879,-0.835130,-0.182314,0.062375,0.170245,-0.154864
2532,97668.838765495,3.411074,7.412674,0.575710,-0.732142,-0.822046,-0.184697,0.059169,0.168738,-0.151955
2533,97668.843678825,3.414477,7.416854,0.574700,-0.719804,-0.807031,-0.171519,0.055983,0.167241,-0.149064
2534,97668.848592155,3.417823,7.420960,0.573756,-0.707096,-0.788373,-0.137339,0.052797,0.165743,-0.146172
2535,97668.853536003,3.421134,7.424997,0.572977,-0.694830,-0.765860,-0.087071,0.049591,0.164236,-0.143263
2536,97668.858510368,3.424413,7.428949,0.572446,-0.681838,-0.741220,-0.036539,0.046365,0.162719,-0.140336
2537,97668.863454216,3.427617,7.432755,0.572171,-0.661897,-0.716412,0.012483,0.043159,0.161212,-0.137427
2538,97668.868367546,3.430711,7.436414,0.572140,-0.630878,-0.693590,0.060224,0.039973,0.159715,-0.134535
2539,97668.873280876,3.433662,7.439958,0.572348,-0.590652,-0.675324,0.106993,0.036787,0.158217,-0.131644
2540,97668.878224723,3.436440,7.443428,0.572793,-0.546928,-0.663397,0.152278,0.033581,0.156710,-0.128735
2541,97668.883168571,3.439008,7.446832,0.573465,-0.507296,-0.662879,0.175987,0.030375,0.155203,-0.125826
2542,97668.888112419,3.441382,7.450227,0.574258,-0.475843,-0.676742,0.169591,0.027169,0.153696,-0.122916
2543,97668.893056266,3.443597,7.453683,0.575020,-0.452142,-0.702132,0.144712,0.023963,0.152189,-0.120007
2544,97668.898000114,3.445687,7.457257,0.575660,-0.433873,-0.731383,0.106774,0.020757,0.150681,-0.117098
2545,97668.902913444,3.447667,7.460947,0.576109,-0.417027,-0.756398,0.059329,0.017571,0.149184,-0.114206
2546,97668.907857292,3.449566,7.464777,0.576326,-0.397003,-0.772058,0.008325,0.014365,0.147677,-0.111297
2547,97668.912801139,3.451359,7.468676,0.576291,-0.372674,-0.776729,-0.039363,0.011159,0.146170,-0.108388
2548,97668.917744987,3.453028,7.472590,0.576022,-0.345509,-0.771152,-0.078194,0.007953,0.144663,-0.105479
2549,97668.922688835,3.454561,7.476469,0.575564,-0.319164,-0.753535,-0.105954,0.004747,0.143155,-0.102569
2550,97668.927602165,3.455958,7.480229,0.574975,-0.297485,-0.722146,-0.123657,0.001427,0.141082,-0.100798
2551,97668.932546013,3.457261,7.483852,0.574299,-0.281998,-0.676422,-0.133033,-0.001914,0.138996,-0.099016
2552,97668.937489860,3.458497,7.487246,0.573580,-0.273275,-0.618074,-0.134462,-0.005255,0.136910,-0.097234
2553,97668.942433708,3.459703,7.490349,0.572858,-0.272186,-0.550415,-0.129247,-0.008596,0.134824,-0.095451
2554,97668.947377555,3.460918,7.493118,0.572166,-0.280511,-0.479185,-0.119320,-0.011937,0.132738,-0.093669
2555,97668.952290886,3.462183,7.495523,0.571530,-0.298891,-0.411730,-0.107009,-0.015258,0.130665,-0.091898
2556,97668.957234733,3.463562,7.497614,0.570954,-0.326204,-0.353414,-0.094153,-0.018599,0.128579,-0.090116
2557,97668.962178581,3.465089,7.499424,0.570444,-0.358705,-0.307831,-0.083006,-0.021940,0.126493,-0.088333
2558,97668.967122429,3.466788,7.501017,0.569988,-0.391138,-0.275314,-0.075203,-0.025280,0.124407,-0.086551
2559,97668.972035759,3.468643,7.502447,0.569574,-0.418869,-0.254214,-0.071759,-0.028601,0.122333,-0.084780
2560,97668.976979606,3.470651,7.503789,0.569172,-0.439127,-0.241444,-0.072142,-0.031942,0.120247,-0.082998
2561,97668.981923454,3.472762,7.505072,0.568769,-0.450227,-0.234950,-0.074979,-0.035283,0.118161,-0.081215
2562,97668.986897819,3.474942,7.506333,0.568348,-0.451844,-0.233828,-0.078442,-0.038644,0.116062,-0.079422
2563,97668.991811149,3.477104,7.507573,0.567915,-0.444511,-0.236839,-0.081663,-0.041965,0.113989,-0.077651
2564,97668.996754997,3.479242,7.508833,0.567465,-0.430121,-0.243051,-0.084612,-0.045306,0.111903,-0.075868
2565,97669.001668327,3.481294,7.510114,0.567003,-0.412305,-0.250811,-0.087771,-0.048626,0.109830,-0.074097
2566,97669.006612175,3.483270,7.511436,0.566523,-0.392931,-0.258897,-0.091617,-0.051967,0.107744,-0.072315
2567,97669.011556022,3.485147,7.512794,0.566026,-0.373382,-0.266849,-0.096416,-0.055308,0.105658,-0.070533
2568,97669.016499870,3.486926,7.514187,0.565505,-0.355080,-0.274457,-0.102024,-0.058649,0.103572,-0.068750
2569,97669.021413200,3.488603,7.515604,0.564962,-0.338733,-0.281124,-0.108137,-0.061969,0.101498,-0.066979
2570,97669.026357048,3.490207,7.517058,0.564385,-0.324356,-0.287345,-0.113991,-0.065310,0.099412,-0.065197
2571,97669.031300895,3.491738,7.518541,0.563780,-0.311595,-0.292819,-0.118748,-0.068651,0.097326,-0.063415
2572,97669.036275261,3.493214,7.520056,0.563149,-0.299326,-0.297015,-0.122778,-0.072013,0.095227,-0.061621
2573,97669.041188591,3.494610,7.521570,0.562506,-0.287991,-0.299573,-0.126857,-0.075333,0.093154,-0.059850
2574,97669.046162956,3.495966,7.523114,0.561835,-0.278022,-0.299738,-0.131015,-0.078695,0.091055,-0.058057
2575,97669.051106804,3.497265,7.524646,0.561149,-0.269864,-0.298566,-0.135278,-0.082036,0.088969,-0.056275
2576,97669.056020134,3.498515,7.526161,0.560447,-0.263459,-0.297482,-0.139422,-0.085356,0.086896,-0.054503
2577,97669.060963981,3.499742,7.527678,0.559720,-0.258014,-0.297200,-0.144161,-0.088697,0.084810,-0.052721
2578,97669.065907829,3.500941,7.529193,0.558971,-0.253709,-0.297873,-0.149511,-0.092038,0.082724,-0.050939
2579,97669.070851677,3.502118,7.530710,0.558195,-0.250067,-0.299640,-0.155110,-0.095379,0.080638,-0.049157
2580,97669.075795524,3.503277,7.532234,0.557392,-0.246544,-0.302234,-0.160419,-0.098720,0.078552,-0.047374
2581,97669.080708854,3.504410,7.533760,0.556568,-0.243059,-0.305487,-0.165473,-0.102041,0.076478,-0.045603
2582,97669.085622184,3.505526,7.535301,0.555719,-0.239797,-0.309072,-0.170630,-0.105361,0.074405,-0.043832
2583,97669.090566032,3.506630,7.536869,0.554839,-0.236811,-0.312689,-0.175847,-0.108702,0.072319,-0.042050
2584,97669.095509880,3.507719,7.538453,0.553933,-0.234102,-0.316756,-0.180960,-0.112043,0.070233,-0.040267
2585,97669.100453727,3.508794,7.540057,0.553003,-0.232084,-0.321203,-0.186830,-0.115384,0.068147,-0.038485
2586,97669.105397575,3.509857,7.541682,0.552043,-0.231130,-0.325736,-0.193041,-0.118725,0.066061,-0.036703
2587,97669.110310905,3.510907,7.543318,0.551058,-0.232022,-0.330005,-0.199206,-0.122045,0.063988,-0.034932
2588,97669.115254753,3.511967,7.544986,0.550036,-0.235121,-0.333396,-0.205223,-0.125386,0.061902,-0.033149
2589,97669.120198600,3.513041,7.546670,0.548984,-0.239865,-0.335833,-0.211310,-0.128727,0.059816,-0.031367
2590,97669.125142448,3.514137,7.548367,0.547902,-0.245689,-0.337520,-0.217350,-0.132068,0.057730,-0.029585
2591,97669.130116813,3.515269,7.550084,0.546782,-0.252704,-0.338486,-0.223019,-0.135430,0.055631,-0.027792
2592,97669.135060661,3.516427,7.551797,0.545641,-0.261080,-0.339144,-0.227769,-0.138771,0.053545,-0.026009
2593,97669.140004509,3.517626,7.553514,0.544475,-0.270741,-0.339615,-0.231837,-0.142112,0.051458,-0.024227
2594,97669.144948356,3.518873,7.555235,0.543289,-0.281412,-0.340765,-0.235139,-0.145453,0.049372,-0.022445
2595,97669.149861686,3.520164,7.556953,0.542093,-0.292618,-0.343042,-0.237667,-0.148773,0.047299,-0.020674
2596,97669.154805534,3.521517,7.558696,0.540876,-0.303982,-0.346858,-0.239972,-0.152114,0.045213,-0.018891
2597,97669.159749382,3.522926,7.560459,0.539646,-0.315086,-0.352405,-0.242203,-0.155455,0.043127,-0.017109
2598,97669.164662712,3.524379,7.562242,0.538412,-0.325443,-0.359271,-0.244531,-0.158775,0.041054,-0.015338
2599,97669.169576042,3.525881,7.564060,0.537165,-0.335117,-0.367559,-0.246886,-0.162096,0.038981,-0.013567
2600,97669.174519889,3.527439,7.565932,0.535898,-0.343853,-0.377056,-0.248085,-0.162003,0.037990,-0.013132
2601,97669.179433220,3.529027,7.567841,0.534632,-0.351580,-0.387710,-0.247476,-0.161666,0.037067,-0.013298
2602,97669.184377067,3.530662,7.569816,0.533359,-0.358826,-0.398938,-0.245999,-0.161326,0.036139,-0.013465
2603,97669.189320915,3.532330,7.571849,0.532093,-0.365843,-0.410651,-0.244690,-0.160987,0.035210,-0.013633
2604,97669.194264763,3.534029,7.573941,0.530831,-0.372771,-0.423135,-0.243880,-0.160647,0.034282,-0.013800
2605,97669.199208610,3.535761,7.576096,0.529573,-0.379337,-0.436256,-0.243504,-0.160308,0.033353,-0.013967
2606,97669.204121940,3.537511,7.578303,0.528323,-0.385717,-0.449839,-0.243881,-0.159971,0.032431,-0.014134
2607,97669.209065788,3.539301,7.580593,0.527061,-0.391839,-0.463744,-0.244089,-0.159631,0.031502,-0.014301
2608,97669.214009636,3.541118,7.582953,0.525798,-0.397433,-0.477407,-0.243165,-0.159292,0.030574,-0.014468
2609,97669.218953483,3.542959,7.585381,0.524538,-0.402858,-0.490268,-0.240778,-0.158952,0.029645,-0.014636
2610,97669.223897331,3.544825,7.587874,0.523289,-0.408520,-0.502644,-0.236700,-0.158613,0.028717,-0.014803
2611,97669.228810661,3.546705,7.590414,0.522066,-0.415262,-0.515253,-0.230952,-0.158275,0.027794,-0.014969
2612,97669.233754509,3.548627,7.593034,0.520862,-0.424211,-0.528487,-0.224969,-0.157936,0.026865,-0.015137
2613,97669.238698356,3.550591,7.595722,0.519687,-0.435744,-0.542290,-0.220230,-0.157596,0.025937,-0.015304
2614,97669.243642204,3.552609,7.598481,0.518534,-0.450020,-0.556019,-0.216861,-0.157257,0.025009,-0.015472
2615,97669.248586052,3.554695,7.601310,0.517395,-0.466869,-0.568553,-0.213989,-0.156917,0.024080,-0.015639
2616,97669.253529899,3.556862,7.604206,0.516269,-0.485782,-0.578738,-0.210264,-0.156578,0.023152,-0.015806
2617,97669.258443229,3.559106,7.607138,0.515165,-0.506029,-0.586098,-0.204651,-0.156240,0.022229,-0.015973
2618,97669.263387077,3.561463,7.610129,0.514081,-0.527455,-0.591152,-0.196992,-0.155901,0.021300,-0.016140
2619,97669.268330925,3.563926,7.613150,0.513033,-0.549261,-0.594701,-0.187199,-0.155561,0.020372,-0.016307
2620,97669.273274772,3.566496,7.616194,0.512031,-0.571278,-0.598295,-0.176036,-0.155222,0.019443,-0.016475
2621,97669.278218620,3.569174,7.619262,0.511083,-0.593442,-0.603474,-0.163954,-0.154882,0.018515,-0.016642
2622,97669.283162468,3.571962,7.622360,0.510192,-0.615422,-0.611223,-0.151666,-0.154543,0.017586,-0.016809
2623,97669.288075798,3.574840,7.625483,0.509365,-0.636459,-0.621804,-0.140171,-0.154205,0.016664,-0.016976
2624,97669.293019645,3.577838,7.628683,0.508588,-0.656819,-0.635228,-0.130030,-0.153866,0.015735,-0.017143
2625,97669.297963493,3.580934,7.631954,0.507858,-0.676327,-0.650154,-0.120891,-0.153526,0.014807,-0.017310
2626,97669.302907341,3.584124,7.635304,0.507172,-0.694678,-0.665618,-0.112650,-0.153187,0.013878,-0.017478
2627,97669.307820671,3.587382,7.638713,0.506527,-0.711613,-0.681091,-0.104656,-0.152849,0.012955,-0.017644
2628,97669.312764518,3.590741,7.642224,0.505916,-0.727002,-0.696373,-0.096373,-0.152510,0.012027,-0.017811
2629,97669.317708366,3.594173,7.645815,0.505344,-0.740410,-0.711215,-0.087514,-0.152170,0.011098,-0.017979
2630,97669.322652214,3.597669,7.649482,0.504814,-0.751684,-0.726244,-0.077491,-0.151831,0.010170,-0.018146
2631,97669.327565544,3.601195,7.653203,0.504335,-0.760880,-0.742064,-0.066507,-0.151494,0.009247,-0.018312
2632,97669.332539909,3.604809,7.657052,0.503902,-0.768284,-0.759122,-0.055172,-0.151152,0.008313,-0.018481
2633,97669.337483757,3.608435,7.660964,0.503527,-0.774189,-0.778042,-0.044152,-0.150812,0.007384,-0.018648
2634,97669.342427604,3.612086,7.664971,0.503205,-0.779292,-0.799499,-0.033089,-0.150473,0.006456,-0.018815
2635,97669.347371452,3.615758,7.669086,0.502935,-0.784535,-0.823215,-0.021868,-0.150133,0.005528,-0.018983
2636,97669.352315300,3.619452,7.673320,0.502720,-0.790490,-0.848486,-0.010488,-0.149794,0.004599,-0.019150
2637,97669.357259147,3.623171,7.677681,0.502558,-0.797841,-0.874569,0.000943,-0.149455,0.003671,-0.019317
2638,97669.362172477,3.626898,7.682146,0.502452,-0.807090,-0.900306,0.012461,-0.149117,0.002748,-0.019484
2639,97669.367116325,3.630689,7.686767,0.502400,-0.818278,-0.925484,0.024104,-0.148778,0.001819,-0.019651
2640,97669.372060173,3.634531,7.691517,0.502402,-0.831241,-0.948768,0.035829,-0.148438,0.000891,-0.019818
2641,97669.377004020,3.638432,7.696384,0.502461,-0.845967,-0.969741,0.048990,-0.147057,-0.000012,-0.021362
2642,97669.381947868,3.642403,7.701360,0.502582,-0.861953,-0.988081,0.064628,-0.145675,-0.000915,-0.022906
2643,97669.386861198,3.646424,7.706399,0.502777,-0.878395,-1.003144,0.081767,-0.144302,-0.001812,-0.024440
2644,97669.391805046,3.650550,7.711549,0.503056,-0.894098,-1.014831,0.098955,-0.142921,-0.002715,-0.025983
2645,97669.396748893,3.654752,7.716760,0.503418,-0.907405,-1.022507,0.115620,-0.141539,-0.003617,-0.027527
2646,97669.401692741,3.659020,7.722014,0.503861,-0.917308,-1.026280,0.132686,-0.140158,-0.004520,-0.029070
2647,97669.406636589,3.663336,7.727289,0.504387,-0.924496,-1.027892,0.149786,-0.138776,-0.005423,-0.030614
2648,97669.411549919,3.667662,7.732543,0.504993,-0.929362,-1.028176,0.165299,-0.137404,-0.006320,-0.032148
2649,97669.416493766,3.672041,7.737832,0.505680,-0.932625,-1.027874,0.179725,-0.136022,-0.007223,-0.033691
2650,97669.421437614,3.676436,7.743121,0.506437,-0.934834,-1.027373,0.193286,-0.133215,-0.006342,-0.034108
2651,97669.426381462,3.680843,7.748410,0.507262,-0.936245,-1.028609,0.207424,-0.130408,-0.005461,-0.034525
2652,97669.431325309,3.685258,7.753706,0.508156,-0.935688,-1.033290,0.224883,-0.127601,-0.004580,-0.034942
2653,97669.436269157,3.689671,7.759025,0.509136,-0.930914,-1.040349,0.246352,-0.124795,-0.003700,-0.035359
2654,97669.441213005,3.694060,7.764380,0.510222,-0.924264,-1.044326,0.266140,-0.121988,-0.002819,-0.035776
2655,97669.446156852,3.698416,7.769755,0.511407,-0.916561,-1.041345,0.284805,-0.119181,-0.001938,-0.036193
2656,97669.451070182,3.702710,7.775081,0.512676,-0.907270,-1.031626,0.305075,-0.116391,-0.001063,-0.036608
2657,97669.456014030,3.706988,7.780391,0.514055,-0.894972,-1.016596,0.328009,-0.113585,-0.000182,-0.037025
2658,97669.460927360,3.711185,7.785594,0.515539,-0.878882,-0.997476,0.352108,-0.110795,0.000694,-0.037439
2659,97669.465871208,3.715334,7.790733,0.517155,-0.859351,-0.975015,0.376105,-0.107988,0.001574,-0.037856
2660,97669.470815055,3.719393,7.795758,0.518892,-0.837540,-0.950622,0.398044,-0.105181,0.002455,-0.038273
2661,97669.475758903,3.723351,7.800659,0.520740,-0.815042,-0.925686,0.416746,-0.102374,0.003336,-0.038690
2662,97669.480702751,3.727204,7.805433,0.522684,-0.792897,-0.901865,0.433070,-0.099568,0.004217,-0.039107
2663,97669.485646598,3.730955,7.810086,0.524712,-0.771535,-0.880461,0.448418,-0.096761,0.005098,-0.039524
2664,97669.490590446,3.734606,7.814630,0.526818,-0.751495,-0.861837,0.462796,-0.093954,0.005978,-0.039941
2665,97669.495503776,3.738141,7.819051,0.528985,-0.732799,-0.846106,0.476331,-0.091164,0.006854,-0.040356
2666,97669.500447624,3.741611,7.823418,0.531234,-0.715565,-0.832701,0.488469,-0.088357,0.007735,-0.040773
2667,97669.505391472,3.744999,7.827716,0.533546,-0.700439,-0.821404,0.498223,-0.085551,0.008615,-0.041190
2668,97669.510304802,3.748294,7.831930,0.535892,-0.688003,-0.812729,0.505153,-0.082761,0.009491,-0.041604
2669,97669.515248649,3.751552,7.836124,0.538290,-0.678689,-0.806742,0.509578,-0.079954,0.010371,-0.042021
2670,97669.520161979,3.754745,7.840262,0.540695,-0.672469,-0.804454,0.511645,-0.077165,0.011247,-0.042436
2671,97669.525136345,3.757947,7.844438,0.543141,-0.669246,-0.805738,0.511374,-0.074340,0.012133,-0.042855
2672,97669.530049675,3.761094,7.848569,0.545555,-0.668842,-0.810110,0.509138,-0.071551,0.013008,-0.043270
2673,97669.534993522,3.764258,7.852747,0.547974,-0.669582,-0.816645,0.505752,-0.068744,0.013889,-0.043687
2674,97669.539937370,3.767423,7.856957,0.550375,-0.670845,-0.824170,0.501425,-0.065937,0.014770,-0.044104
2675,97669.544881218,3.770593,7.861204,0.552754,-0.672868,-0.831432,0.496001,-0.063130,0.015651,-0.044521
2676,97669.549794548,3.773751,7.865460,0.555092,-0.675121,-0.837057,0.489841,-0.060341,0.016526,-0.044935
2677,97669.554738395,3.776939,7.869771,0.557413,-0.676237,-0.840512,0.482740,-0.057534,0.017407,-0.045352
2678,97669.559682243,3.780130,7.874099,0.559698,-0.675603,-0.841072,0.474628,-0.054727,0.018288,-0.045769
2679,97669.564626091,3.783318,7.878429,0.561944,-0.673207,-0.838063,0.465387,-0.051920,0.019169,-0.046186
2680,97669.569539421,3.786474,7.882716,0.564130,-0.669170,-0.831260,0.455781,-0.049131,0.020044,-0.046600
2681,97669.574483268,3.789631,7.886995,0.566284,-0.663800,-0.820787,0.445643,-0.046324,0.020925,-0.047017
2682,97669.579427116,3.792763,7.891221,0.568388,-0.657705,-0.807223,0.434956,-0.043517,0.021806,-0.047434
2683,97669.584370964,3.795867,7.895377,0.570441,-0.650787,-0.790908,0.423432,-0.040710,0.022686,-0.047851
2684,97669.589314811,3.798939,7.899451,0.572438,-0.643802,-0.772407,0.411036,-0.037903,0.023567,-0.048268
2685,97669.594228141,3.801961,7.903406,0.574364,-0.637675,-0.752902,0.398090,-0.035114,0.024443,-0.048683
2686,97669.599171989,3.804975,7.907288,0.576239,-0.633066,-0.732559,0.384408,-0.032307,0.025323,-0.049100
2687,97669.604115837,3.807970,7.911067,0.578048,-0.629779,-0.711816,0.369906,-0.029500,0.026204,-0.049517
2688,97669.609059684,3.810952,7.914742,0.579787,-0.627407,-0.691537,0.354384,-0.026693,0.027085,-0.049934
2689,97669.614003532,3.813926,7.918315,0.581451,-0.625986,-0.671961,0.337419,-0.023886,0.027966,-0.050351
2690,97669.618947380,3.816895,7.921791,0.583032,-0.625327,-0.653280,0.319220,-0.021079,0.028847,-0.050768
2691,97669.623891227,3.819864,7.925172,0.584524,-0.625341,-0.635651,0.299585,-0.018273,0.029727,-0.051185
2692,97669.628804557,3.822818,7.928446,0.585912,-0.626172,-0.619194,0.278128,-0.015483,0.030603,-0.051599
2693,97669.633748405,3.825795,7.931657,0.587203,-0.627457,-0.603572,0.254790,-0.012676,0.031483,-0.052016
2694,97669.638692253,3.828781,7.934789,0.588380,-0.629002,-0.588572,0.230230,-0.009869,0.032364,-0.052433
2695,97669.643636100,3.831776,7.937847,0.589436,-0.630825,-0.574443,0.204513,-0.007062,0.033245,-0.052850
2696,97669.648579948,3.834781,7.940833,0.590365,-0.632533,-0.560986,0.177981,-0.004256,0.034126,-0.053267
2697,97669.653493278,3.837777,7.943734,0.591159,-0.633848,-0.548816,0.150823,-0.001466,0.035001,-0.053682
2698,97669.658437126,3.840799,7.946591,0.591825,-0.634126,-0.537366,0.122761,0.001341,0.035882,-0.054099
2699,97669.663380973,3.843823,7.949390,0.592353,-0.633254,-0.526517,0.093824,0.004148,0.036763,-0.054516
2700,97669.668324821,3.846842,7.952133,0.592738,-0.631081,-0.516318,0.064142,0.004854,0.036075,-0.055066
2701,97669.673238151,3.849833,7.954807,0.592975,-0.627467,-0.506982,0.034007,0.005557,0.035391,-0.055613
2702,97669.678181999,3.852824,7.957449,0.593067,-0.623067,-0.498202,0.002977,0.006264,0.034702,-0.056164
2703,97669.683125847,3.855793,7.960044,0.593005,-0.617969,-0.490074,-0.028663,0.006971,0.034014,-0.056714
2704,97669.688069694,3.858736,7.962597,0.592788,-0.611968,-0.482769,-0.060937,0.007678,0.033326,-0.057264
2705,97669.693013542,3.861649,7.965110,0.592413,-0.604901,-0.475986,-0.093649,0.008384,0.032638,-0.057815
2706,97669.697926872,3.864509,7.967570,0.591880,-0.596588,-0.469873,-0.126262,0.009087,0.031954,-0.058362
2707,97669.702870720,3.867344,7.970012,0.591183,-0.587202,-0.463980,-0.158733,0.009794,0.031266,-0.058912
2708,97669.707814567,3.870131,7.972420,0.590327,-0.577391,-0.458128,-0.189883,0.010501,0.030577,-0.059463
2709,97669.712758415,3.872870,7.974796,0.589318,-0.567746,-0.452239,-0.218998,0.011208,0.029889,-0.060013
2710,97669.717702263,3.875560,7.977138,0.588166,-0.558578,-0.446411,-0.245406,0.011914,0.029201,-0.060564
2711,97669.722615593,3.878187,7.979434,0.586893,-0.549917,-0.440926,-0.268667,0.012617,0.028517,-0.061111
2712,97669.727559440,3.880788,7.981714,0.585498,-0.541776,-0.435857,-0.288225,0.013324,0.027829,-0.061661
2713,97669.732503288,3.883348,7.983966,0.584007,-0.534035,-0.431492,-0.303159,0.014031,0.027141,-0.062212
2714,97669.737447136,3.885870,7.986193,0.582443,-0.526714,-0.428051,-0.312871,0.014737,0.026452,-0.062762
2715,97669.742390983,3.888356,7.988401,0.580831,-0.520244,-0.425262,-0.316558,0.015444,0.025764,-0.063312
2716,97669.747334831,3.890810,7.990594,0.579202,-0.514737,-0.423021,-0.314005,0.016151,0.025076,-0.063863
2717,97669.752278679,3.893238,7.992775,0.577587,-0.510198,-0.422502,-0.305907,0.016858,0.024388,-0.064413
2718,97669.757192009,3.895629,7.994939,0.576021,-0.505963,-0.425173,-0.293806,0.017561,0.023704,-0.064960
2719,97669.762135856,3.898014,7.997130,0.574506,-0.501342,-0.432641,-0.279334,0.018267,0.023015,-0.065511
2720,97669.767079704,3.900376,7.999358,0.573062,-0.495945,-0.446517,-0.264875,0.018974,0.022327,-0.066061
2721,97669.771993034,3.902695,8.001639,0.571698,-0.488874,-0.466441,-0.253195,0.019677,0.021643,-0.066608
2722,97669.776936882,3.904989,8.004033,0.570382,-0.480291,-0.490761,-0.245767,0.020384,0.020955,-0.067159
2723,97669.781880729,3.907237,8.006545,0.569102,-0.470794,-0.518178,-0.242654,0.021090,0.020267,-0.067709
2724,97669.786824577,3.909432,8.009191,0.567836,-0.460506,-0.548437,-0.242874,0.021797,0.019579,-0.068260
2725,97669.791768425,3.911570,8.011984,0.566569,-0.448958,-0.580988,-0.245096,0.022504,0.018890,-0.068810
2726,97669.796681755,3.913630,8.014916,0.565297,-0.436457,-0.615157,-0.247529,0.023207,0.018206,-0.069357
2727,97669.801625602,3.915634,8.018033,0.564004,-0.424058,-0.650244,-0.247545,0.023914,0.017518,-0.069907
2728,97669.806569450,3.917570,8.021321,0.562710,-0.412846,-0.685473,-0.242804,0.024620,0.016830,-0.070458
2729,97669.811513298,3.919442,8.024780,0.561438,-0.403531,-0.720151,-0.231429,0.025327,0.016142,-0.071008
2730,97669.816457145,3.921262,8.028410,0.560221,-0.397715,-0.753683,-0.211567,0.026034,0.015454,-0.071559
2731,97669.821400993,3.923047,8.032205,0.559101,-0.397154,-0.786082,-0.183018,0.026741,0.014765,-0.072109
2732,97669.826344841,3.924824,8.036161,0.558120,-0.402531,-0.817675,-0.147328,0.027448,0.014077,-0.072660
2733,97669.831288688,3.926624,8.040277,0.557313,-0.413375,-0.849036,-0.106568,0.028155,0.013389,-0.073210
2734,97669.836232536,3.928473,8.044553,0.556704,-0.428451,-0.880638,-0.064253,0.028862,0.012701,-0.073760
2735,97669.841176384,3.930393,8.048991,0.556302,-0.445984,-0.912738,-0.025063,0.029568,0.012012,-0.074311
2736,97669.846120231,3.932396,8.053594,0.556091,-0.464007,-0.944464,0.006713,0.030275,0.011324,-0.074861
2737,97669.851033561,3.934469,8.058330,0.556033,-0.480685,-0.974692,0.028816,0.030978,0.010640,-0.075408
2738,97669.855946891,3.936620,8.063219,0.556081,-0.496140,-1.003105,0.041358,0.031680,0.009956,-0.075955
2739,97669.860890739,3.938855,8.068283,0.556189,-0.510067,-1.029382,0.045091,0.032387,0.009268,-0.076506
2740,97669.865834587,3.941154,8.073480,0.556312,-0.521884,-1.052604,0.040695,0.033094,0.008580,-0.077056
2741,97669.870778434,3.943505,8.078794,0.556411,-0.531826,-1.071798,0.029353,0.033801,0.007892,-0.077607
2742,97669.875691764,3.945886,8.084171,0.556452,-0.540865,-1.085871,0.012900,0.034503,0.007208,-0.078154
2743,97669.880635612,3.948322,8.089651,0.556411,-0.549176,-1.094214,-0.006818,0.035210,0.006519,-0.078704
2744,97669.885579460,3.950796,8.095174,0.556271,-0.555241,-1.096495,-0.028897,0.035917,0.005831,-0.079255
2745,97669.890523307,3.953298,8.100707,0.556021,-0.558284,-1.092550,-0.052960,0.036624,0.005143,-0.079805
2746,97669.895467155,3.955814,8.106221,0.555653,-0.556100,-1.083943,-0.078021,0.037331,0.004455,-0.080355
2747,97669.900411003,3.958319,8.111689,0.555161,-0.548822,-1.071274,-0.102665,0.038038,0.003767,-0.080906
2748,97669.905324333,3.960774,8.117059,0.554552,-0.537595,-1.055952,-0.123830,0.038740,0.003083,-0.081453
2749,97669.910268180,3.963190,8.122383,0.553837,-0.524233,-1.038958,-0.138311,0.039447,0.002394,-0.082003
2750,97669.915212028,3.965544,8.127618,0.553052,-0.510809,-1.021088,-0.142695,0.038081,0.000809,-0.082511
2751,97669.920155876,3.967834,8.132763,0.552248,-0.497782,-1.002455,-0.134259,0.036716,-0.000775,-0.083019
2752,97669.925069206,3.970051,8.137782,0.551492,-0.486397,-0.983323,-0.108791,0.035358,-0.002351,-0.083524
2753,97669.930013054,3.972232,8.142737,0.550859,-0.476027,-0.961913,-0.063356,0.033992,-0.003935,-0.084032
2754,97669.934956901,3.974369,8.147586,0.550453,-0.466734,-0.939059,-0.014147,0.032627,-0.005520,-0.084539
2755,97669.939900749,3.976469,8.152324,0.550292,-0.454773,-0.915798,0.034516,0.031261,-0.007105,-0.085047
2756,97669.944844597,3.978518,8.156947,0.550374,-0.436185,-0.892318,0.082241,0.029895,-0.008690,-0.085555
2757,97669.949788444,3.980484,8.161454,0.550695,-0.409650,-0.869706,0.129060,0.028529,-0.010275,-0.086063
2758,97669.954732292,3.982328,8.165846,0.551250,-0.377869,-0.846564,0.175259,0.027164,-0.011860,-0.086571
2759,97669.959645622,3.984012,8.170093,0.552033,-0.341962,-0.825276,0.216762,0.025806,-0.013435,-0.087076
2760,97669.964589470,3.985537,8.174257,0.553029,-0.303887,-0.809873,0.233687,0.024441,-0.015020,-0.087583
2761,97669.969533317,3.986878,8.178337,0.554113,-0.265190,-0.803181,0.224109,0.023075,-0.016605,-0.088091
2762,97669.974477165,3.988030,8.182375,0.555153,-0.227455,-0.804581,0.195719,0.021709,-0.018190,-0.088599
2763,97669.979390495,3.988986,8.186386,0.556050,-0.191640,-0.810854,0.154310,0.020352,-0.019765,-0.089104
2764,97669.984334343,3.989767,8.190441,0.556750,-0.157893,-0.816013,0.102676,0.018986,-0.021350,-0.089612
2765,97669.989278190,3.990377,8.194512,0.557197,-0.125385,-0.815068,0.046414,0.017620,-0.022935,-0.090120
2766,97669.994222038,3.990823,8.198567,0.557368,-0.093865,-0.806587,-0.008414,0.016254,-0.024520,-0.090627
2767,97669.999165886,3.991110,8.202571,0.557272,-0.065517,-0.791817,-0.055165,0.014889,-0.026105,-0.091135
2768,97670.004079216,3.991257,8.206468,0.556949,-0.044469,-0.770825,-0.090385,0.013531,-0.027680,-0.091640
2769,97670.009023063,3.991302,8.210279,0.556452,-0.033419,-0.742870,-0.115381,0.012166,-0.029265,-0.092148
2770,97670.013966911,3.991298,8.213947,0.555835,-0.032662,-0.707171,-0.131798,0.010800,-0.030850,-0.092656
2771,97670.018910759,3.991296,8.217439,0.555139,-0.042035,-0.663923,-0.140104,0.009434,-0.032434,-0.093164
2772,97670.023854606,3.991349,8.220718,0.554404,-0.061113,-0.614556,-0.140070,0.008068,-0.034019,-0.093671
2773,97670.028798454,3.991507,8.223757,0.553670,-0.089354,-0.562170,-0.132148,0.006702,-0.035604,-0.094179
2774,97670.033742302,3.991817,8.226545,0.552976,-0.125248,-0.510839,-0.118067,0.005337,-0.037189,-0.094687
2775,97670.038686149,3.992316,8.229087,0.552353,-0.165256,-0.464527,-0.100703,0.003971,-0.038774,-0.095195
2776,97670.043599479,3.993020,8.231396,0.551818,-0.204831,-0.427129,-0.083179,0.002614,-0.040349,-0.095700
2777,97670.048543327,3.993932,8.233545,0.551366,-0.239710,-0.399289,-0.067581,0.001248,-0.041934,-0.096208
2778,97670.053487175,3.995025,8.235565,0.550991,-0.266225,-0.381280,-0.056380,-0.000118,-0.043519,-0.096715
2779,97670.058400505,3.996245,8.237490,0.550671,-0.284088,-0.372181,-0.050844,-0.001475,-0.045094,-0.097220
2780,97670.063344352,3.997563,8.239386,0.550377,-0.293202,-0.370613,-0.050542,-0.003480,-0.045982,-0.096861
2781,97670.068288200,3.998927,8.241277,0.550083,-0.293520,-0.374092,-0.053423,-0.005485,-0.046869,-0.096502
2782,97670.073232048,4.000292,8.243184,0.549775,-0.285860,-0.380158,-0.058063,-0.007490,-0.047756,-0.096142
2783,97670.078175895,4.001617,8.245120,0.549444,-0.271550,-0.386559,-0.063085,-0.009495,-0.048644,-0.095783
2784,97670.083089225,4.002861,8.247072,0.549091,-0.252770,-0.392601,-0.067700,-0.011487,-0.049526,-0.095426
2785,97670.088033073,4.004020,8.249061,0.548714,-0.232005,-0.397860,-0.071687,-0.013492,-0.050413,-0.095067
2786,97670.092976921,4.005074,8.251072,0.548318,-0.211969,-0.401892,-0.075240,-0.015497,-0.051300,-0.094707
2787,97670.097920768,4.006028,8.253098,0.547907,-0.194464,-0.404924,-0.079204,-0.017502,-0.052188,-0.094348
2788,97670.102864616,4.006895,8.255135,0.547476,-0.180303,-0.407110,-0.083287,-0.019506,-0.053075,-0.093989
2789,97670.107808464,4.007691,8.257179,0.547027,-0.168767,-0.409209,-0.087802,-0.021511,-0.053963,-0.093630
2790,97670.112721794,4.008424,8.259218,0.546559,-0.158936,-0.411877,-0.092786,-0.023504,-0.054845,-0.093273
2791,97670.117665641,4.009113,8.261281,0.546064,-0.150451,-0.414355,-0.097862,-0.025509,-0.055732,-0.092913
2792,97670.122609489,4.009759,8.263354,0.545544,-0.143354,-0.416636,-0.102993,-0.027513,-0.056619,-0.092554
2793,97670.127553337,4.010369,8.265436,0.544999,-0.137183,-0.418892,-0.107874,-0.029518,-0.057507,-0.092195
2794,97670.132466667,4.010944,8.267515,0.544434,-0.132051,-0.420964,-0.112842,-0.031511,-0.058389,-0.091838
2795,97670.137441032,4.011500,8.269628,0.543838,-0.128125,-0.423390,-0.117639,-0.033528,-0.059282,-0.091476
2796,97670.142354362,4.012029,8.271726,0.543225,-0.125228,-0.426102,-0.122019,-0.035520,-0.060163,-0.091119
2797,97670.147298210,4.012546,8.273850,0.542587,-0.122865,-0.429510,-0.126286,-0.037525,-0.061051,-0.090760
2798,97670.152242057,4.013051,8.275990,0.541928,-0.120660,-0.433451,-0.130738,-0.039530,-0.061938,-0.090401
2799,97670.157185905,4.013543,8.278149,0.541247,-0.118124,-0.437720,-0.135384,-0.041535,-0.062826,-0.090041
2800,97670.162160270,4.014024,8.280341,0.540539,-0.114946,-0.442427,-0.139800,-0.042623,-0.063415,-0.089115
2801,97670.167073600,4.014483,8.282528,0.539817,-0.111100,-0.447548,-0.143809,-0.043699,-0.063997,-0.088199
2802,97670.171986930,4.014921,8.284740,0.539076,-0.107071,-0.452954,-0.148152,-0.044774,-0.064580,-0.087284
2803,97670.176930778,4.015341,8.286991,0.538309,-0.103369,-0.458265,-0.152702,-0.045856,-0.065166,-0.086363
2804,97670.181874626,4.015741,8.289267,0.537519,-0.100623,-0.463284,-0.157012,-0.046937,-0.065751,-0.085442
2805,97670.186818473,4.016126,8.291567,0.536707,-0.098982,-0.468017,-0.160735,-0.048019,-0.066337,-0.084521
2806,97670.191731804,4.016499,8.293875,0.535883,-0.098706,-0.472453,-0.164396,-0.049094,-0.066920,-0.083606
2807,97670.196675651,4.016872,8.296219,0.535034,-0.099721,-0.476317,-0.168145,-0.050176,-0.067506,-0.082685
2808,97670.201619499,4.017249,8.298583,0.534167,-0.101956,-0.479555,-0.172426,-0.051258,-0.068091,-0.081764
2809,97670.206563347,4.017636,8.300962,0.533279,-0.105544,-0.482637,-0.176958,-0.052340,-0.068677,-0.080843
2810,97670.211476677,4.018037,8.303343,0.532373,-0.110835,-0.485515,-0.181353,-0.053415,-0.069260,-0.079927
2811,97670.216420524,4.018466,8.305753,0.531439,-0.117919,-0.488417,-0.185731,-0.054497,-0.069845,-0.079006
2812,97670.221364372,4.018929,8.308179,0.530483,-0.126199,-0.491705,-0.190330,-0.055579,-0.070431,-0.078085
2813,97670.226308220,4.019432,8.310623,0.529504,-0.135304,-0.495421,-0.195122,-0.056661,-0.071017,-0.077164
2814,97670.231252067,4.019978,8.313087,0.528499,-0.144764,-0.500033,-0.200546,-0.057742,-0.071603,-0.076243
2815,97670.236226432,4.020574,8.315590,0.527461,-0.154675,-0.505409,-0.206591,-0.058831,-0.072193,-0.075317
2816,97670.241139763,4.021209,8.318091,0.526405,-0.164644,-0.511394,-0.212705,-0.059906,-0.072775,-0.074401
2817,97670.246083610,4.021896,8.320639,0.525310,-0.174565,-0.518469,-0.218345,-0.060988,-0.073361,-0.073480
2818,97670.250996940,4.022625,8.323208,0.524194,-0.183682,-0.526525,-0.223507,-0.062063,-0.073943,-0.072565
2819,97670.255940788,4.023402,8.325834,0.523044,-0.191974,-0.535129,-0.228005,-0.063145,-0.074529,-0.071644
2820,97670.260884636,4.024217,8.328504,0.521871,-0.199642,-0.544011,-0.231227,-0.064227,-0.075115,-0.070723
2821,97670.265797966,4.025063,8.331202,0.520688,-0.207051,-0.553329,-0.232506,-0.065302,-0.075697,-0.069808
2822,97670.270741813,4.025949,8.333965,0.519490,-0.213821,-0.563255,-0.231304,-0.066384,-0.076283,-0.068887
2823,97670.275685661,4.026866,8.336778,0.518297,-0.219849,-0.573597,-0.228472,-0.067465,-0.076869,-0.067966
2824,97670.280629509,4.027811,8.339644,0.517117,-0.225274,-0.584715,-0.225228,-0.068547,-0.077455,-0.067045
2825,97670.285573356,4.028780,8.342567,0.515952,-0.230007,-0.596945,-0.222514,-0.069629,-0.078041,-0.066124
2826,97670.290517204,4.029770,8.345551,0.514799,-0.233961,-0.610164,-0.221301,-0.070711,-0.078627,-0.065203
2827,97670.295430534,4.030771,8.348582,0.513659,-0.237245,-0.623743,-0.222089,-0.071786,-0.079209,-0.064287
2828,97670.300374382,4.031791,8.351700,0.512506,-0.240040,-0.637757,-0.224432,-0.072868,-0.079795,-0.063366
2829,97670.305318229,4.032822,8.354887,0.511341,-0.242639,-0.651393,-0.227122,-0.073950,-0.080381,-0.062445
2830,97670.310262077,4.033862,8.358142,0.510161,-0.245125,-0.664145,-0.228510,-0.075032,-0.080967,-0.061524
2831,97670.315205925,4.034912,8.361461,0.508974,-0.248058,-0.676145,-0.227262,-0.076113,-0.081552,-0.060603
2832,97670.320119255,4.035967,8.364819,0.507799,-0.252023,-0.687378,-0.222971,-0.077189,-0.082135,-0.059688
2833,97670.325063102,4.037047,8.368254,0.506637,-0.257521,-0.699063,-0.216588,-0.078270,-0.082721,-0.058767
2834,97670.330006950,4.038151,8.371749,0.505505,-0.264685,-0.712291,-0.209389,-0.079352,-0.083306,-0.057846
2835,97670.334950798,4.039288,8.375311,0.504408,-0.273854,-0.727449,-0.202050,-0.080434,-0.083892,-0.056925
2836,97670.339894645,4.040468,8.378950,0.503345,-0.284991,-0.744173,-0.194957,-0.081516,-0.084478,-0.056004
2837,97670.344838493,4.041700,8.382674,0.502316,-0.298312,-0.762056,-0.188231,-0.082598,-0.085064,-0.055083
2838,97670.349782341,4.042994,8.386491,0.501317,-0.313282,-0.780233,-0.181141,-0.083680,-0.085650,-0.054162
2839,97670.354695671,4.044350,8.390376,0.500358,-0.329701,-0.798013,-0.173545,-0.084755,-0.086232,-0.053247
2840,97670.359639518,4.045793,8.394378,0.499428,-0.347797,-0.815626,-0.164823,-0.085837,-0.086818,-0.052326
2841,97670.364583366,4.047321,8.398471,0.498539,-0.366738,-0.832909,-0.155229,-0.086918,-0.087404,-0.051405
2842,97670.369496696,4.048930,8.402628,0.497699,-0.385724,-0.850150,-0.145385,-0.087994,-0.087986,-0.050489
2843,97670.374440544,4.050640,8.406901,0.496901,-0.404071,-0.867871,-0.135923,-0.089075,-0.088572,-0.049568
2844,97670.379384391,4.052437,8.411266,0.496147,-0.421006,-0.886327,-0.127177,-0.090157,-0.089158,-0.048647
2845,97670.384328239,4.054314,8.415726,0.495434,-0.435786,-0.905345,-0.119183,-0.091239,-0.089744,-0.047726
2846,97670.389272087,4.056261,8.420285,0.494759,-0.448303,-0.924932,-0.111625,-0.092321,-0.090330,-0.046805
2847,97670.394185417,4.058254,8.424914,0.494122,-0.458996,-0.944408,-0.104045,-0.093396,-0.090912,-0.045890
2848,97670.399129264,4.060308,8.429671,0.493517,-0.468231,-0.963616,-0.096015,-0.094478,-0.091498,-0.044969
2849,97670.404073112,4.062404,8.434525,0.492950,-0.476068,-0.982123,-0.087093,-0.095560,-0.092084,-0.044048
2850,97670.409016960,4.064535,8.439473,0.492426,-0.482492,-1.000920,-0.076095,-0.094243,-0.089933,-0.044249
2851,97670.413960807,4.066695,8.444516,0.491954,-0.487867,-1.020190,-0.063207,-0.092926,-0.087782,-0.044449
2852,97670.418904655,4.068878,8.449656,0.491544,-0.492041,-1.039455,-0.049380,-0.091610,-0.085630,-0.044650
2853,97670.423848503,4.071079,8.454893,0.491201,-0.494705,-1.059534,-0.034538,-0.090293,-0.083479,-0.044851
2854,97670.428761833,4.073276,8.460197,0.490932,-0.496390,-1.080800,-0.019220,-0.088984,-0.081341,-0.045050
2855,97670.433736198,4.075504,8.465675,0.490734,-0.497787,-1.103625,-0.003746,-0.087660,-0.079177,-0.045252
2856,97670.438680046,4.077723,8.471233,0.490612,-0.499846,-1.127643,0.011702,-0.086343,-0.077025,-0.045453
2857,97670.443623893,4.079947,8.476911,0.490566,-0.503389,-1.152346,0.026932,-0.085026,-0.074874,-0.045653
2858,97670.448567741,4.082184,8.482713,0.490592,-0.508563,-1.176963,0.041897,-0.083710,-0.072723,-0.045854
2859,97670.453481071,4.084429,8.488601,0.490691,-0.515245,-1.200509,0.057710,-0.082401,-0.070585,-0.046053
2860,97670.458424919,4.086717,8.494646,0.490866,-0.522824,-1.223948,0.075364,-0.081084,-0.068434,-0.046254
2861,97670.463368766,4.089038,8.500808,0.491126,-0.530664,-1.247298,0.094607,-0.079768,-0.066283,-0.046455
2862,97670.468312614,4.091395,8.507089,0.491480,-0.537465,-1.268817,0.114219,-0.078451,-0.064131,-0.046655
2863,97670.473225944,4.093767,8.513439,0.491926,-0.542300,-1.286609,0.133788,-0.077143,-0.061993,-0.046855
2864,97670.478169792,4.096175,8.519919,0.492470,-0.544905,-1.300458,0.152587,-0.075826,-0.059842,-0.047055
2865,97670.483113639,4.098594,8.526470,0.493105,-0.545491,-1.311021,0.168926,-0.074509,-0.057691,-0.047256
2866,97670.488057487,4.101016,8.533073,0.493821,-0.544836,-1.319590,0.181862,-0.073192,-0.055540,-0.047457
2867,97670.493001335,4.103432,8.539719,0.494601,-0.544196,-1.327426,0.191581,-0.071876,-0.053388,-0.047657
2868,97670.497945182,4.105845,8.546405,0.495428,-0.543215,-1.336490,0.200692,-0.070559,-0.051237,-0.047858
2869,97670.502858513,4.108237,8.553094,0.496294,-0.539313,-1.348183,0.213250,-0.069251,-0.049099,-0.048058
2870,97670.507802360,4.110623,8.559883,0.497227,-0.531730,-1.360191,0.229064,-0.067934,-0.046948,-0.048258
2871,97670.512746208,4.112969,8.566730,0.498239,-0.523842,-1.367425,0.244407,-0.066617,-0.044797,-0.048459
2872,97670.517690055,4.115277,8.573612,0.499326,-0.516446,-1.366586,0.259574,-0.065301,-0.042646,-0.048660
2873,97670.522603386,4.117535,8.580447,0.500482,-0.509570,-1.357264,0.276068,-0.063992,-0.040508,-0.048859
2874,97670.527547233,4.119776,8.587278,0.501727,-0.502075,-1.339998,0.295070,-0.062675,-0.038356,-0.049060
2875,97670.532491081,4.121986,8.594023,0.503068,-0.493280,-1.315980,0.316037,-0.061359,-0.036205,-0.049260
2876,97670.537434929,4.124158,8.600649,0.504515,-0.482712,-1.287350,0.337875,-0.060042,-0.034054,-0.049461
2877,97670.542378776,4.126287,8.607132,0.506072,-0.470586,-1.256136,0.359052,-0.058725,-0.031903,-0.049662
2878,97670.547322624,4.128363,8.613460,0.507737,-0.457485,-1.224352,0.377949,-0.057409,-0.029751,-0.049862
2879,97670.552235954,4.130371,8.619592,0.509487,-0.444977,-1.194222,0.393866,-0.056100,-0.027613,-0.050062
2880,97670.557179802,4.132338,8.625611,0.511329,-0.433602,-1.166946,0.408109,-0.054783,-0.025462,-0.050262
2881,97670.562123649,4.134254,8.631494,0.513244,-0.423715,-1.143112,0.421366,-0.053467,-0.023311,-0.050463
2882,97670.567067497,4.136129,8.637258,0.515227,-0.415306,-1.123023,0.434026,-0.052150,-0.021160,-0.050664
2883,97670.571980827,4.137955,8.642886,0.517262,-0.408213,-1.106059,0.445632,-0.050841,-0.019022,-0.050863
2884,97670.576924675,4.139763,8.648465,0.519368,-0.402474,-1.091281,0.455352,-0.049525,-0.016871,-0.051064
2885,97670.581868522,4.141546,8.653970,0.521523,-0.398188,-1.079443,0.463009,-0.048208,-0.014719,-0.051264
2886,97670.586812370,4.143311,8.659417,0.523718,-0.395556,-1.070643,0.468811,-0.046891,-0.012568,-0.051465
2887,97670.591756218,4.145066,8.664820,0.525942,-0.394647,-1.065001,0.472332,-0.045575,-0.010417,-0.051666
2888,97670.596700065,4.146817,8.670194,0.528183,-0.395568,-1.063166,0.474143,-0.044258,-0.008266,-0.051866
2889,97670.601613395,4.148563,8.675527,0.530420,-0.397986,-1.064848,0.474625,-0.042950,-0.006128,-0.052066
2890,97670.606557243,4.150331,8.680903,0.532673,-0.401355,-1.068782,0.473670,-0.041633,-0.003977,-0.052267
2891,97670.611501091,4.152114,8.686298,0.534920,-0.405509,-1.073947,0.470663,-0.040316,-0.001825,-0.052467
2892,97670.616444938,4.153917,8.691719,0.537152,-0.409427,-1.079580,0.465658,-0.038999,0.000326,-0.052668
2893,97670.621388786,4.155738,8.697169,0.539359,-0.412259,-1.084992,0.459307,-0.037683,0.002477,-0.052869
2894,97670.626302116,4.157560,8.702612,0.541520,-0.414193,-1.089456,0.451878,-0.036374,0.004615,-0.053068
2895,97670.631245964,4.159401,8.708110,0.543658,-0.415308,-1.092191,0.443563,-0.035058,0.006766,-0.053269
2896,97670.636189811,4.161246,8.713622,0.545754,-0.416400,-1.092467,0.435520,-0.033741,0.008918,-0.053469
2897,97670.641133659,4.163096,8.719135,0.547811,-0.417137,-1.090020,0.427833,-0.032424,0.011069,-0.053670
2898,97670.646108024,4.164962,8.724669,0.549841,-0.416743,-1.084207,0.419713,-0.031099,0.013233,-0.053872
2899,97670.651051872,4.166814,8.730141,0.551820,-0.416704,-1.074956,0.410932,-0.029783,0.015385,-0.054073
2900,97670.655995720,4.168668,8.735566,0.553756,-0.417257,-1.062606,0.401346,-0.030478,0.017280,-0.054727
2901,97670.660909050,4.170515,8.740896,0.555634,-0.417112,-1.047531,0.391752,-0.031168,0.019163,-0.055377
2902,97670.665852897,4.172375,8.746185,0.557476,-0.416797,-1.029989,0.381936,-0.031863,0.021058,-0.056031
2903,97670.670796745,4.174237,8.751386,0.559272,-0.417063,-1.010571,0.371590,-0.032558,0.022953,-0.056685
2904,97670.675740593,4.176104,8.756490,0.561017,-0.418125,-0.989667,0.360287,-0.033253,0.024849,-0.057339
2905,97670.680653923,4.177968,8.761460,0.562697,-0.419764,-0.968186,0.347974,-0.033944,0.026732,-0.057989
2906,97670.685597770,4.179856,8.766355,0.564328,-0.421976,-0.946668,0.334191,-0.034639,0.028627,-0.058643
2907,97670.690541618,4.181758,8.771142,0.565892,-0.424898,-0.925449,0.317951,-0.035334,0.030522,-0.059297
2908,97670.695485466,4.183678,8.775825,0.567376,-0.427482,-0.904486,0.299483,-0.036028,0.032417,-0.059951
2909,97670.700429313,4.185614,8.780403,0.568771,-0.429896,-0.884267,0.278800,-0.036723,0.034313,-0.060606
2910,97670.705373161,4.187565,8.784881,0.570064,-0.432485,-0.865538,0.256077,-0.037418,0.036208,-0.061260
2911,97670.710286491,4.189519,8.789238,0.571238,-0.434791,-0.848603,0.231737,-0.038109,0.038091,-0.061910
2912,97670.715230339,4.191498,8.793538,0.572301,-0.436572,-0.833724,0.205865,-0.038804,0.039986,-0.062564
2913,97670.720174186,4.193488,8.797763,0.573236,-0.438038,-0.820918,0.178771,-0.039499,0.041881,-0.063218
2914,97670.725118034,4.195485,8.801923,0.574038,-0.438804,-0.809986,0.150572,-0.040194,0.043777,-0.063872
2915,97670.730061882,4.197487,8.806028,0.574701,-0.438421,-0.800230,0.121427,-0.040889,0.045672,-0.064526
2916,97670.734975212,4.199475,8.810058,0.575218,-0.437175,-0.791621,0.091409,-0.041579,0.047555,-0.065176
2917,97670.739919059,4.201468,8.814068,0.575590,-0.435137,-0.783962,0.060746,-0.042274,0.049450,-0.065830
2918,97670.744862907,4.203451,8.818037,0.575811,-0.432610,-0.776860,0.029990,-0.042969,0.051346,-0.066485
2919,97670.749806755,4.205421,8.821970,0.575880,-0.429603,-0.770201,-0.000633,-0.043512,0.053041,-0.067398
2920,97670.754750602,4.207375,8.825866,0.575799,-0.425787,-0.763940,-0.030734,-0.044054,0.054737,-0.068312
2921,97670.759663932,4.209298,8.829706,0.575571,-0.420867,-0.757852,-0.060131,-0.044593,0.056422,-0.069220
2922,97670.764607780,4.211207,8.833536,0.575197,-0.414835,-0.751857,-0.089408,-0.045135,0.058118,-0.070134
2923,97670.769551628,4.213086,8.837333,0.574680,-0.407798,-0.745912,-0.118709,-0.045678,0.059814,-0.071047
2924,97670.774495475,4.214929,8.841098,0.574018,-0.399585,-0.740213,-0.148083,-0.046220,0.061510,-0.071961
2925,97670.779439323,4.216731,8.844830,0.573212,-0.390214,-0.735051,-0.177427,-0.046763,0.063206,-0.072875
2926,97670.784383171,4.218486,8.848534,0.572262,-0.380064,-0.730612,-0.206621,-0.047305,0.064901,-0.073788
2927,97670.789296501,4.220179,8.852189,0.571175,-0.369579,-0.726825,-0.234929,-0.047844,0.066587,-0.074696
2928,97670.794240348,4.221829,8.855843,0.569943,-0.358909,-0.723833,-0.262227,-0.048386,0.068283,-0.075610
2929,97670.799184196,4.223425,8.859479,0.568577,-0.348584,-0.722146,-0.287443,-0.048929,0.069978,-0.076524
2930,97670.804128044,4.224969,8.863103,0.567087,-0.338961,-0.721564,-0.309751,-0.049471,0.071674,-0.077437
2931,97670.809041374,4.226455,8.866698,0.565497,-0.330820,-0.722064,-0.328102,-0.050010,0.073360,-0.078345
2932,97670.813985222,4.227909,8.870315,0.563808,-0.324770,-0.723487,-0.341865,-0.050553,0.075055,-0.079259
2933,97670.818929069,4.229331,8.873937,0.562050,-0.320959,-0.725321,-0.350173,-0.051095,0.076751,-0.080173
2934,97670.823872917,4.230733,8.877567,0.560252,-0.318674,-0.727239,-0.352419,-0.051637,0.078447,-0.081086
2935,97670.828786247,4.232115,8.881183,0.558454,-0.317552,-0.729621,-0.348322,-0.052177,0.080132,-0.081994
2936,97670.833730095,4.233500,8.884833,0.556665,-0.315928,-0.734733,-0.337210,-0.052719,0.081828,-0.082908
2937,97670.838673942,4.234876,8.888508,0.554931,-0.312227,-0.745257,-0.318934,-0.053261,0.083524,-0.083822
2938,97670.843617790,4.236233,8.892236,0.553287,-0.306013,-0.761247,-0.295869,-0.053804,0.085220,-0.084735
2939,97670.848531120,4.237550,8.896020,0.551765,-0.296598,-0.780830,-0.272529,-0.054343,0.086905,-0.085643
2940,97670.853474968,4.238825,8.899923,0.550350,-0.282590,-0.802470,-0.251208,-0.054885,0.088601,-0.086557
2941,97670.858418815,4.240028,8.903932,0.549039,-0.264951,-0.825125,-0.234518,-0.055428,0.090297,-0.087471
2942,97670.863332145,4.241134,8.908024,0.547818,-0.245348,-0.847724,-0.223492,-0.055967,0.091982,-0.088379
2943,97670.868275993,4.242145,8.912250,0.546644,-0.224186,-0.870491,-0.217318,-0.056509,0.093678,-0.089292
2944,97670.873219841,4.243048,8.916584,0.545501,-0.201912,-0.893746,-0.214166,-0.057051,0.095374,-0.090206
2945,97670.878163688,4.243835,8.921028,0.544374,-0.179279,-0.918106,-0.211854,-0.057594,0.097069,-0.091120
2946,97670.883107536,4.244506,8.925588,0.543259,-0.157069,-0.943925,-0.208473,-0.058136,0.098765,-0.092033
2947,97670.888051384,4.245061,8.930270,0.542160,-0.136678,-0.971711,-0.202392,-0.058679,0.100461,-0.092947
2948,97670.892964714,4.245508,8.935056,0.541098,-0.119040,-1.001255,-0.191969,-0.059218,0.102146,-0.093855
2949,97670.897908561,4.245865,8.940015,0.540080,-0.104202,-1.032773,-0.175392,-0.059760,0.103842,-0.094769
2950,97670.902852409,4.246142,8.945127,0.539144,-0.093793,-1.065856,-0.151763,-0.061407,0.103008,-0.093662
2951,97670.907796257,4.246363,8.950402,0.538323,-0.088560,-1.100545,-0.121938,-0.063054,0.102174,-0.092556
2952,97670.912709587,4.246551,8.955815,0.537652,-0.088222,-1.136261,-0.087942,-0.064691,0.101346,-0.091456
2953,97670.917653434,4.246734,8.961440,0.537143,-0.091049,-1.173380,-0.051978,-0.066338,0.100512,-0.090350
2954,97670.922597282,4.246924,8.967251,0.536809,-0.094738,-1.211401,-0.018840,-0.067985,0.099678,-0.089244
2955,97670.927541130,4.247128,8.973253,0.536636,-0.096952,-1.249744,0.006709,-0.069632,0.098844,-0.088137
2956,97670.932484977,4.247335,8.979447,0.536587,-0.097212,-1.287179,0.023069,-0.071278,0.098010,-0.087031
2957,97670.937428825,4.247537,8.985826,0.536617,-0.095716,-1.322560,0.029715,-0.072925,0.097176,-0.085925
2958,97670.942372673,4.247725,8.992381,0.536678,-0.092507,-1.355438,0.027253,-0.074572,0.096342,-0.084818
2959,97670.947316520,4.247889,8.999097,0.536724,-0.088066,-1.385342,0.016815,-0.076219,0.095508,-0.083712
2960,97670.952229850,4.248023,9.005916,0.536718,-0.083414,-1.411393,-0.000024,-0.077856,0.094680,-0.082613
2961,97670.957173698,4.248128,9.012905,0.536627,-0.078579,-1.433324,-0.021531,-0.079503,0.093846,-0.081506
2962,97670.962117546,4.248203,9.019999,0.536429,-0.072830,-1.449824,-0.045890,-0.081150,0.093012,-0.080400
2963,97670.967061393,4.248245,9.027172,0.536110,-0.066429,-1.460709,-0.072003,-0.082797,0.092178,-0.079294
2964,97670.971974723,4.248250,9.034351,0.535665,-0.059365,-1.465166,-0.098623,-0.084434,0.091349,-0.078194
2965,97670.976918571,4.248218,9.041594,0.535085,-0.051307,-1.462521,-0.124445,-0.086081,0.090516,-0.077088
2966,97670.981862419,4.248144,9.048820,0.534379,-0.042241,-1.452802,-0.146794,-0.087728,0.089682,-0.075981
2967,97670.986806266,4.248027,9.055995,0.533563,-0.032373,-1.436263,-0.162487,-0.089375,0.088848,-0.074875
2968,97670.991719597,4.247864,9.063041,0.532677,-0.022358,-1.413898,-0.168021,-0.091011,0.088019,-0.073776
2969,97670.996663444,4.247655,9.070018,0.531760,-0.012200,-1.384353,-0.159730,-0.092658,0.087185,-0.072669
2970,97671.001607292,4.247403,9.076848,0.530887,-0.001744,-1.348314,-0.133544,-0.094305,0.086351,-0.071563
2971,97671.006551139,4.247109,9.083499,0.530146,0.009078,-1.308099,-0.088646,-0.095952,0.085517,-0.070457
2972,97671.011494987,4.246773,9.089952,0.529630,0.020617,-1.266698,-0.042378,-0.097599,0.084684,-0.069350
2973,97671.016438835,4.246393,9.096200,0.529347,0.035807,-1.222371,0.003584,-0.099246,0.083850,-0.068244
2974,97671.021382682,4.245951,9.102230,0.529294,0.055280,-1.172083,0.049480,-0.100893,0.083016,-0.067138
2975,97671.026296013,4.245430,9.107974,0.529471,0.072245,-1.115836,0.095201,-0.102530,0.082187,-0.066038
2976,97671.031209343,4.244841,9.113441,0.529878,0.081100,-1.059554,0.141475,-0.104166,0.081358,-0.064939
2977,97671.036122673,4.244224,9.118633,0.530516,0.082704,-1.013204,0.182065,-0.105803,0.080530,-0.063839
2978,97671.041066520,4.243609,9.123630,0.531361,0.077771,-0.986739,0.194423,-0.107450,0.079696,-0.062733
2979,97671.046010368,4.243024,9.128499,0.532269,0.066287,-0.982224,0.182429,-0.109097,0.078862,-0.061626
2980,97671.055898063,4.241969,9.138195,0.533965,0.033754,-1.006468,0.124091,-0.112391,0.077194,-0.059414
2981,97671.060841911,4.241592,9.143166,0.534520,0.019401,-1.021537,0.066803,-0.114038,0.076360,-0.058307
2982,97671.065755241,4.241281,9.148180,0.534789,0.011883,-1.026243,0.002304,-0.115675,0.075531,-0.057208
2983,97671.070699089,4.241000,9.153246,0.534740,0.014069,-1.014460,-0.064646,-0.117322,0.074698,-0.056102
2984,97671.075642936,4.240705,9.158249,0.534361,0.025651,-0.986827,-0.126831,-0.118969,0.073864,-0.054995
2985,97671.080586784,4.240355,9.163109,0.533677,0.041626,-0.946571,-0.176030,-0.120616,0.073030,-0.053889
2986,97671.085530632,4.239931,9.167764,0.532753,0.057268,-0.896673,-0.206202,-0.122263,0.072196,-0.052783
2987,97671.090474479,4.239438,9.172167,0.531684,0.066453,-0.840581,-0.217774,-0.123909,0.071362,-0.051676
2988,97671.095387809,4.238915,9.176265,0.530570,0.064608,-0.780479,-0.214752,-0.125546,0.070533,-0.050577
2989,97671.100331657,4.238411,9.180092,0.529466,0.049792,-0.717811,-0.202476,-0.127193,0.069699,-0.049470
2990,97671.105275505,4.237995,9.183613,0.528426,0.020833,-0.657217,-0.185342,-0.128840,0.068866,-0.048364
2991,97671.110219352,4.237736,9.186843,0.527472,-0.019121,-0.603488,-0.168818,-0.130487,0.068032,-0.047258
2992,97671.115132682,4.237687,9.189799,0.526606,-0.065546,-0.562526,-0.155068,-0.132124,0.067203,-0.046158
2993,97671.120076530,4.237877,9.192581,0.525801,-0.115367,-0.537956,-0.144531,-0.133771,0.066369,-0.045052
2994,97671.125020378,4.238320,9.195254,0.525045,-0.163358,-0.529391,-0.137978,-0.135418,0.065535,-0.043946
2995,97671.129994743,4.239006,9.197911,0.524315,-0.205308,-0.531073,-0.136291,-0.137075,0.064696,-0.042832
2996,97671.134938591,4.239895,9.200570,0.523594,-0.238268,-0.536197,-0.138752,-0.138722,0.063862,-0.041726
2997,97671.139882438,4.240945,9.203261,0.522859,-0.261552,-0.540606,-0.144008,-0.140369,0.063028,-0.040620
2998,97671.144826286,4.242109,9.205978,0.522095,-0.274678,-0.543154,-0.149722,-0.142016,0.062195,-0.039513
2999,97671.149770134,4.243337,9.208711,0.521302,-0.277152,-0.544890,-0.154072,-0.143663,0.061361,-0.038407
3000,97671.154683464,4.244568,9.211435,0.520492,-0.269318,-0.547595,-0.156961,-0.144533,0.059575,-0.037890
3001,97671.159627311,4.245768,9.214188,0.519664,-0.252634,-0.552377,-0.159809,-0.145206,0.058258,-0.037360
3002,97671.164571159,4.246884,9.216961,0.518822,-0.229518,-0.558496,-0.163605,-0.145879,0.056940,-0.036830
3003,97671.169484489,4.247878,9.219741,0.517968,-0.202233,-0.565309,-0.168504,-0.146548,0.055631,-0.036304
3004,97671.174428337,4.248742,9.222566,0.517086,-0.171885,-0.572879,-0.175050,-0.147222,0.054313,-0.035774
3005,97671.179372184,4.249454,9.225421,0.516174,-0.141111,-0.579737,-0.183118,-0.147895,0.052995,-0.035245
3006,97671.184316032,4.250012,9.228304,0.515224,-0.112461,-0.584212,-0.191934,-0.148568,0.051678,-0.034715
3007,97671.189259880,4.250426,9.231201,0.514232,-0.087905,-0.585534,-0.200203,-0.149241,0.050360,-0.034185
3008,97671.194173210,4.250717,9.234081,0.513207,-0.067291,-0.584392,-0.206659,-0.149910,0.049051,-0.033659
3009,97671.199086540,4.250906,9.236951,0.512152,-0.049725,-0.581097,-0.210627,-0.150579,0.047742,-0.033132
3010,97671.204030388,4.251011,9.239819,0.511072,-0.034571,-0.576290,-0.212338,-0.151253,0.046424,-0.032603
3011,97671.208974235,4.251041,9.242659,0.509986,-0.022141,-0.570211,-0.212666,-0.151926,0.045106,-0.032073
3012,97671.213918083,4.251011,9.245466,0.508899,-0.012474,-0.563575,-0.212364,-0.152599,0.043789,-0.031543
3013,97671.218861930,4.250935,9.248239,0.507814,-0.005877,-0.557459,-0.212288,-0.153272,0.042471,-0.031014
3014,97671.223775261,4.250828,9.250963,0.506738,-0.001560,-0.552966,-0.212896,-0.153941,0.041162,-0.030487
3015,97671.228719108,4.250701,9.253681,0.505652,0.000808,-0.550831,-0.215298,-0.154614,0.039844,-0.029958
3016,97671.233662956,4.250561,9.256387,0.504555,0.001512,-0.551432,-0.219241,-0.155288,0.038527,-0.029428
3017,97671.238576286,4.250419,9.259080,0.503446,0.001570,-0.554763,-0.224463,-0.155957,0.037217,-0.028902
3018,97671.243520134,4.250275,9.261805,0.502303,0.002130,-0.559961,-0.230721,-0.156630,0.035900,-0.028372
3019,97671.248463981,4.250126,9.264556,0.501129,0.003464,-0.565742,-0.237441,-0.157303,0.034582,-0.027842
3020,97671.253407829,4.249969,9.267334,0.499922,0.005432,-0.570929,-0.243939,-0.157976,0.033265,-0.027313
3021,97671.258351677,4.249801,9.270137,0.498682,0.007240,-0.574572,-0.250005,-0.158650,0.031947,-0.026783
3022,97671.263295524,4.249622,9.272957,0.497413,0.008354,-0.576577,-0.255288,-0.159323,0.030630,-0.026253
3023,97671.268239372,4.249437,9.275787,0.496117,0.007944,-0.577466,-0.259763,-0.159996,0.029312,-0.025724
3024,97671.273183220,4.249254,9.278621,0.494799,0.005560,-0.577797,-0.263635,-0.160669,0.027994,-0.025194
3025,97671.278096550,4.249083,9.281439,0.493470,0.001048,-0.577997,-0.267654,-0.161338,0.026685,-0.024667
3026,97671.283070915,4.248932,9.284294,0.492104,-0.005912,-0.578936,-0.272221,-0.162016,0.025359,-0.024134
3027,97671.288014763,4.248816,9.287137,0.490723,-0.014952,-0.580868,-0.277490,-0.162689,0.024042,-0.023605
3028,97671.292958610,4.248744,9.289992,0.489316,-0.025470,-0.583526,-0.283464,-0.163362,0.022724,-0.023075
3029,97671.297902458,4.248722,9.292861,0.487878,-0.037047,-0.586901,-0.289770,-0.164035,0.021407,-0.022545
3030,97671.302815788,4.248757,9.295732,0.486417,-0.049310,-0.590809,-0.296243,-0.164704,0.020097,-0.022019
3031,97671.307759636,4.248851,9.298642,0.484914,-0.061764,-0.594886,-0.302649,-0.165378,0.018780,-0.021489
3032,97671.312703483,4.249005,9.301574,0.483377,-0.073675,-0.599260,-0.308197,-0.166051,0.017462,-0.020960
3033,97671.317647331,4.249216,9.304530,0.481813,-0.083957,-0.603887,-0.312681,-0.166724,0.016145,-0.020430
3034,97671.322591179,4.249477,9.307511,0.480225,-0.092033,-0.608756,-0.316169,-0.167397,0.014827,-0.019900
3035,97671.327535026,4.249777,9.310517,0.478619,-0.098098,-0.614364,-0.318139,-0.168070,0.013509,-0.019371
3036,97671.332478874,4.250105,9.313553,0.477002,-0.102203,-0.620664,-0.318479,-0.168744,0.012192,-0.018841
3037,97671.337422722,4.250452,9.316620,0.475383,-0.104432,-0.627863,-0.317419,-0.169417,0.010874,-0.018311
3038,97671.342336052,4.250806,9.319704,0.473779,-0.105165,-0.636353,-0.314485,-0.170086,0.009565,-0.017785
3039,97671.347279899,4.251165,9.322850,0.472178,-0.104921,-0.646388,-0.309845,-0.170759,0.008247,-0.017255
3040,97671.352223747,4.251520,9.326045,0.470600,-0.103908,-0.658144,-0.304309,-0.171432,0.006930,-0.016726
3041,97671.357137077,4.251867,9.329279,0.469059,-0.102374,-0.671588,-0.298330,-0.172101,0.005620,-0.016199
3042,97671.362080925,4.252205,9.332599,0.467536,-0.100523,-0.686502,-0.292436,-0.172775,0.004303,-0.015669
3043,97671.367024772,4.252531,9.335993,0.466042,-0.098375,-0.702569,-0.287562,-0.173448,0.002985,-0.015140
3044,97671.371968620,4.252844,9.339466,0.464571,-0.096150,-0.719468,-0.284424,-0.174121,0.001668,-0.014610
3045,97671.376881950,4.253140,9.343000,0.463124,-0.094068,-0.736954,-0.283220,-0.174790,0.000358,-0.014084
3046,97671.381825798,4.253424,9.346642,0.461673,-0.092220,-0.754813,-0.283704,-0.175463,-0.000959,-0.013554
3047,97671.386769645,4.253695,9.350372,0.460219,-0.091474,-0.772988,-0.283579,-0.176137,-0.002277,-0.013024
3048,97671.391682975,4.253957,9.354168,0.458773,-0.092496,-0.791390,-0.280048,-0.176806,-0.003586,-0.012498
3049,97671.396626823,4.254222,9.358079,0.457335,-0.095865,-0.809551,-0.273424,-0.177479,-0.004904,-0.011968
3050,97671.401540153,4.254498,9.362056,0.455936,-0.101851,-0.827033,-0.265536,-0.176583,-0.003643,-0.013588
3051,97671.406484001,4.254802,9.366145,0.454567,-0.110739,-0.844964,-0.257378,-0.175683,-0.002374,-0.015218
3052,97671.411427848,4.255147,9.370326,0.453236,-0.122440,-0.863913,-0.249293,-0.174782,-0.001105,-0.016848
3053,97671.416371696,4.255546,9.374604,0.451943,-0.136554,-0.883686,-0.241506,-0.173881,0.000164,-0.018477
3054,97671.421315544,4.256011,9.378982,0.450686,-0.152317,-0.904088,-0.233903,-0.172980,0.001433,-0.020107
3055,97671.426228874,4.256547,9.383438,0.449472,-0.168457,-0.924338,-0.226030,-0.172085,0.002695,-0.021727
3056,97671.431172722,4.257161,9.388025,0.448287,-0.184518,-0.944321,-0.217835,-0.171184,0.003964,-0.023357
3057,97671.436116569,4.257852,9.392715,0.447140,-0.199631,-0.964253,-0.209456,-0.170283,0.005233,-0.024986
3058,97671.441060417,4.258613,9.397507,0.446032,-0.213502,-0.984675,-0.201086,-0.168860,0.006599,-0.026717
3059,97671.446004264,4.259439,9.402404,0.444963,-0.225703,-1.006365,-0.192760,-0.167437,0.007965,-0.028448
3060,97671.450948112,4.260321,9.407410,0.443933,-0.235957,-1.029459,-0.184633,-0.166015,0.009331,-0.030179
3061,97671.455861442,4.261244,9.412502,0.442948,-0.244210,-1.053311,-0.177126,-0.164601,0.010689,-0.031899
3062,97671.460805290,4.262208,9.417746,0.441991,-0.250747,-1.077465,-0.170111,-0.163178,0.012055,-0.033629
3063,97671.465749138,4.263200,9.423111,0.441067,-0.255708,-1.101541,-0.163295,-0.161755,0.013421,-0.035360
3064,97671.470692985,4.264212,9.428596,0.440175,-0.259552,-1.125406,-0.156063,-0.160333,0.014788,-0.037091
3065,97671.475636833,4.265238,9.434201,0.439317,-0.262640,-1.148658,-0.148137,-0.158910,0.016154,-0.038821
3066,97671.480580680,4.266275,9.439921,0.438496,-0.265094,-1.171467,-0.139341,-0.157487,0.017520,-0.040552
3067,97671.485494011,4.267313,9.445719,0.437722,-0.266812,-1.195150,-0.128134,-0.156074,0.018878,-0.042272
3068,97671.490437858,4.268362,9.451671,0.436998,-0.268563,-1.220520,-0.113519,-0.154651,0.020244,-0.044003
3069,97671.495381706,4.269415,9.457750,0.436344,-0.270936,-1.246875,-0.096920,-0.153228,0.021610,-0.045734
3070,97671.500325554,4.270475,9.463960,0.435770,-0.273746,-1.274380,-0.079700,-0.151806,0.022976,-0.047464
3071,97671.505238884,4.271537,9.470269,0.435282,-0.276611,-1.303528,-0.062748,-0.150392,0.024334,-0.049184
3072,97671.510182731,4.272616,9.476763,0.434873,-0.280282,-1.334218,-0.046178,-0.148969,0.025700,-0.050915
3073,97671.515126579,4.273707,9.483410,0.434545,-0.285186,-1.365755,-0.030793,-0.147546,0.027067,-0.052646
3074,97671.520070427,4.274816,9.490215,0.434289,-0.292165,-1.397168,-0.017637,-0.146124,0.028433,-0.054376
3075,97671.525014274,4.275954,9.497177,0.434097,-0.301810,-1.427374,-0.007107,-0.144701,0.029799,-0.056107
3076,97671.529988639,4.277141,9.504335,0.433953,-0.313448,-1.455891,0.001659,-0.143269,0.031174,-0.057849
3077,97671.534932487,4.278373,9.511593,0.433851,-0.325487,-1.482600,0.011886,-0.141847,0.032540,-0.059579
3078,97671.539845817,4.279651,9.518941,0.433797,-0.337400,-1.505716,0.027079,-0.140433,0.033898,-0.061299
3079,97671.544759147,4.280984,9.526406,0.433815,-0.349195,-1.523769,0.046328,-0.139019,0.035255,-0.063019
3080,97671.549702995,4.282380,9.534010,0.433927,-0.360466,-1.537543,0.066099,-0.137596,0.036622,-0.064750
3081,97671.554646843,4.283831,9.541685,0.434135,-0.372140,-1.547281,0.083835,-0.136174,0.037988,-0.066481
3082,97671.559560173,4.285329,9.549365,0.434428,-0.382494,-1.555804,0.101927,-0.134760,0.039346,-0.068201
3083,97671.564504020,4.286887,9.557138,0.434810,-0.389257,-1.565022,0.122520,-0.133337,0.040712,-0.069932
3084,97671.569447868,4.288478,9.564959,0.435293,-0.392841,-1.573880,0.142337,-0.131914,0.042078,-0.071662
3085,97671.574391716,4.290087,9.572826,0.435873,-0.394849,-1.579930,0.161343,-0.130492,0.043444,-0.073393
3086,97671.579305046,4.291695,9.580676,0.436542,-0.396919,-1.580599,0.180789,-0.129078,0.044802,-0.075113
3087,97671.584248893,4.293324,9.588579,0.437312,-0.399037,-1.574400,0.201987,-0.127655,0.046168,-0.076844
3088,97671.589192741,4.294967,9.596454,0.438186,-0.400159,-1.561236,0.225357,-0.126232,0.047534,-0.078574
3089,97671.594167106,4.296631,9.604313,0.439183,-0.399404,-1.541530,0.251485,-0.124801,0.048909,-0.080316
3090,97671.599110954,4.298286,9.612029,0.440304,-0.396201,-1.516776,0.279274,-0.123378,0.050275,-0.082047
3091,97671.604024284,4.299923,9.619576,0.441557,-0.390390,-1.488335,0.307357,-0.121964,0.051633,-0.083767
3092,97671.608937614,4.301539,9.626984,0.442949,-0.382810,-1.457809,0.334163,-0.120551,0.052991,-0.085487
3093,97671.613881462,4.303137,9.634288,0.444485,-0.374204,-1.426749,0.359395,-0.119128,0.054357,-0.087217
3094,97671.618825309,4.304701,9.641438,0.446149,-0.366332,-1.397128,0.383084,-0.117705,0.055723,-0.088948
3095,97671.623738639,4.306224,9.648398,0.447920,-0.360021,-1.370022,0.405780,-0.116291,0.057081,-0.090668
3096,97671.628713005,4.307743,9.655310,0.449829,-0.355831,-1.344824,0.428133,-0.114860,0.058456,-0.092409
3097,97671.633687370,4.309248,9.662098,0.451851,-0.353687,-1.321328,0.449512,-0.113428,0.059830,-0.094151
3098,97671.638631218,4.310740,9.668728,0.453967,-0.352536,-1.299047,0.469342,-0.112006,0.061196,-0.095882
3099,97671.643575065,4.312232,9.675250,0.456183,-0.352256,-1.277680,0.487191,-0.110583,0.062563,-0.097612
3100,97671.648488395,4.313720,9.681627,0.458474,-0.353029,-1.258285,0.502395,-0.109353,0.063591,-0.097953
3101,97671.653432243,4.315226,9.687949,0.460856,-0.354754,-1.241865,0.514768,-0.108115,0.064626,-0.098295
3102,97671.658376091,4.316744,9.694192,0.463300,-0.357460,-1.229363,0.524194,-0.106878,0.065661,-0.098638
3103,97671.663289421,4.318271,9.700336,0.465775,-0.360684,-1.221394,0.531362,-0.105648,0.066689,-0.098979
3104,97671.668233268,4.319825,9.706479,0.468302,-0.364441,-1.217897,0.536769,-0.104410,0.067724,-0.099321
3105,97671.673177116,4.321398,9.712607,0.470855,-0.368399,-1.218328,0.540400,-0.103172,0.068759,-0.099664
3106,97671.678120964,4.322991,9.718738,0.473426,-0.372498,-1.221846,0.541967,-0.101935,0.069794,-0.100006
3107,97671.683064811,4.324604,9.724887,0.476004,-0.376550,-1.227615,0.541409,-0.100697,0.070829,-0.100349
3108,97671.687978141,4.326226,9.731027,0.478563,-0.380504,-1.234113,0.538982,-0.099467,0.071857,-0.100690
3109,97671.692921989,4.327875,9.737238,0.481125,-0.383923,-1.239957,0.536257,-0.098229,0.072892,-0.101032
3110,97671.697865837,4.329540,9.743479,0.483673,-0.386999,-1.244004,0.533342,-0.096992,0.073927,-0.101375
3111,97671.702809684,4.331219,9.749740,0.486206,-0.389796,-1.245248,0.528387,-0.095754,0.074962,-0.101717
3112,97671.707723014,4.332901,9.755969,0.488699,-0.392428,-1.242877,0.521128,-0.094524,0.075991,-0.102058
3113,97671.712636345,4.334596,9.762186,0.491156,-0.394622,-1.236741,0.512293,-0.093294,0.077019,-0.102398
3114,97671.717580192,4.336313,9.768412,0.493585,-0.396247,-1.226659,0.502232,-0.092056,0.078054,-0.102741
3115,97671.722524040,4.338039,9.774587,0.495964,-0.397975,-1.213036,0.490721,-0.090818,0.079089,-0.103084
3116,97671.727437370,4.339765,9.780658,0.498273,-0.401012,-1.196380,0.478230,-0.089588,0.080117,-0.103424
3117,97671.732381218,4.341520,9.786683,0.500536,-0.405723,-1.177251,0.464446,-0.088351,0.081152,-0.103767
3118,97671.737355583,4.343312,9.792651,0.502745,-0.411702,-1.156136,0.449073,-0.087105,0.082194,-0.104112
3119,97671.742299430,4.345126,9.798478,0.504864,-0.418017,-1.133787,0.432095,-0.085868,0.083228,-0.104454
3120,97671.747212761,4.346964,9.804160,0.506889,-0.424185,-1.110760,0.413634,-0.084638,0.084257,-0.104795
3121,97671.752156608,4.348847,9.809764,0.508835,-0.430283,-1.087403,0.393536,-0.083400,0.085292,-0.105137
3122,97671.757100456,4.350764,9.815252,0.510683,-0.436000,-1.064305,0.371850,-0.082162,0.086327,-0.105480
3123,97671.762013786,4.352700,9.820593,0.512415,-0.440970,-1.041460,0.348746,-0.080932,0.087355,-0.105820
3124,97671.766957634,4.354677,9.825854,0.514043,-0.445377,-1.019124,0.323637,-0.079695,0.088390,-0.106163
3125,97671.771901481,4.356678,9.831004,0.515549,-0.449450,-0.998034,0.296725,-0.078457,0.089425,-0.106506
3126,97671.776845329,4.358702,9.836049,0.516922,-0.452977,-0.978236,0.267787,-0.077219,0.090460,-0.106848
3127,97671.781819694,4.360758,9.841025,0.518162,-0.455801,-0.959452,0.236699,-0.075974,0.091501,-0.107193
3128,97671.786733024,4.362805,9.845847,0.519234,-0.457625,-0.942303,0.204431,-0.074744,0.092530,-0.107534
3129,97671.791646354,4.364862,9.850584,0.520148,-0.458540,-0.926711,0.170666,-0.073514,0.093558,-0.107874
3130,97671.796590202,4.366937,9.855270,0.520902,-0.458329,-0.912606,0.135511,-0.072276,0.094593,-0.108217
3131,97671.801534050,4.369012,9.859885,0.521483,-0.456982,-0.899982,0.099801,-0.071039,0.095628,-0.108559
3132,97671.806477897,4.371080,9.864435,0.521889,-0.454859,-0.888603,0.064085,-0.069801,0.096663,-0.108902
3133,97671.811421745,4.373138,9.868926,0.522118,-0.451584,-0.878027,0.028915,-0.068563,0.097698,-0.109245
3134,97671.816365593,4.375180,9.873362,0.522175,-0.447087,-0.867553,-0.005762,-0.067326,0.098733,-0.109587
3135,97671.821309440,4.377199,9.877743,0.522062,-0.441800,-0.857474,-0.040157,-0.066088,0.099768,-0.109930
3136,97671.826222770,4.379179,9.882044,0.521781,-0.435835,-0.848119,-0.074294,-0.064858,0.100796,-0.110270
3137,97671.831197136,4.381154,9.886349,0.521327,-0.428543,-0.838678,-0.108986,-0.063613,0.101837,-0.110615
3138,97671.836110466,4.383068,9.890551,0.520710,-0.420214,-0.828787,-0.143337,-0.062383,0.102866,-0.110956
3139,97671.841023796,4.384942,9.894700,0.519926,-0.410549,-0.818631,-0.177263,-0.061153,0.103894,-0.111296
3140,97671.845967643,4.386778,9.898821,0.518970,-0.399419,-0.808446,-0.210889,-0.059915,0.104929,-0.111639
3141,97671.850911491,4.388560,9.902886,0.517850,-0.387290,-0.798007,-0.243403,-0.058677,0.105964,-0.111981
3142,97671.855855339,4.390282,9.906896,0.516570,-0.375081,-0.787147,-0.274687,-0.057439,0.106999,-0.112324
3143,97671.860799186,4.391944,9.910847,0.515137,-0.363043,-0.775692,-0.303913,-0.056202,0.108034,-0.112667
3144,97671.865743034,4.393546,9.914738,0.513562,-0.351387,-0.763474,-0.329852,-0.054964,0.109069,-0.113009
3145,97671.870656364,4.395082,9.918540,0.511870,-0.340551,-0.750441,-0.351639,-0.053734,0.110097,-0.113350
3146,97671.875600212,4.396576,9.922298,0.510062,-0.330841,-0.735909,-0.369054,-0.052496,0.111132,-0.113692
3147,97671.880544059,4.398023,9.925980,0.508169,-0.321971,-0.719564,-0.380225,-0.051259,0.112167,-0.114035
3148,97671.885487907,4.399430,9.929580,0.506222,-0.314052,-0.701702,-0.383346,-0.050021,0.113202,-0.114378
3149,97671.890431755,4.400801,9.933089,0.504262,-0.306703,-0.684020,-0.377310,-0.048783,0.114237,-0.114720
3150,97671.895345085,4.402132,9.936489,0.502345,-0.299921,-0.670584,-0.361554,-0.050373,0.112813,-0.113368
3151,97671.900288932,4.403441,9.939843,0.500496,-0.293912,-0.666229,-0.336922,-0.051972,0.111380,-0.112007
3152,97671.905232780,4.404724,9.943175,0.498769,-0.287105,-0.673396,-0.306522,-0.053571,0.109947,-0.110646
3153,97671.910176628,4.405973,9.946544,0.497192,-0.277868,-0.691150,-0.275413,-0.055170,0.108515,-0.109286
3154,97671.915120475,4.407176,9.950000,0.495769,-0.265574,-0.717793,-0.248222,-0.056770,0.107082,-0.107925
3155,97671.920033805,4.408306,9.953565,0.494487,-0.250428,-0.749323,-0.226708,-0.058359,0.105658,-0.106573
3156,97671.925008171,4.409370,9.957328,0.493295,-0.233638,-0.783214,-0.211338,-0.059968,0.104216,-0.105204
3157,97671.929952018,4.410339,9.961234,0.492187,-0.215913,-0.816840,-0.201876,-0.061567,0.102784,-0.103843
3158,97671.934895866,4.411213,9.965302,0.491124,-0.196114,-0.849733,-0.197456,-0.063167,0.101351,-0.102482
3159,97671.939839714,4.411983,9.969528,0.490082,-0.173750,-0.881551,-0.197105,-0.064766,0.099918,-0.101121
3160,97671.944783561,4.412635,9.973907,0.489042,-0.149543,-0.912832,-0.198614,-0.066365,0.098485,-0.099761
3161,97671.949727409,4.413161,9.978435,0.487995,-0.125320,-0.944077,-0.199225,-0.067964,0.097052,-0.098400
3162,97671.954640739,4.413558,9.983084,0.486951,-0.103414,-0.975301,-0.196378,-0.069554,0.095629,-0.097048
3163,97671.959554069,4.413841,9.987881,0.485921,-0.087007,-1.006950,-0.187797,-0.071143,0.094205,-0.095695
3164,97671.964497917,4.414038,9.992861,0.484926,-0.079665,-1.038875,-0.171561,-0.072742,0.092772,-0.094335
3165,97671.969411247,4.414193,9.997966,0.484015,-0.081818,-1.070476,-0.147465,-0.074331,0.091348,-0.092982
3166,97671.974355095,4.414354,10.003261,0.483216,-0.092317,-1.102524,-0.116022,-0.075931,0.089915,-0.091622
3167,97671.979298942,4.414562,10.008719,0.482570,-0.108463,-1.135118,-0.080099,-0.077530,0.088482,-0.090261
3168,97671.984242790,4.414845,10.014343,0.482098,-0.127224,-1.167695,-0.042703,-0.079129,0.087050,-0.088900
3169,97671.989186638,4.415216,10.020135,0.481807,-0.145158,-1.199030,-0.008301,-0.080728,0.085617,-0.087539
3170,97671.994130485,4.415672,10.026088,0.481684,-0.159043,-1.227834,0.018123,-0.082328,0.084184,-0.086179
3171,97671.999043815,4.416189,10.032149,0.481688,-0.168315,-1.253668,0.034953,-0.083917,0.082760,-0.084826
3172,97672.003987663,4.416750,10.038380,0.481773,-0.174457,-1.276873,0.043481,-0.085516,0.081327,-0.083466
3173,97672.008931511,4.417337,10.044726,0.481899,-0.178543,-1.297001,0.044644,-0.087115,0.079895,-0.082105
3174,97672.013875358,4.417940,10.051173,0.482029,-0.181281,-1.314054,0.039569,-0.088715,0.078462,-0.080744
3175,97672.018819206,4.418553,10.057705,0.482132,-0.183749,-1.328173,0.029366,-0.090314,0.077029,-0.079383
3176,97672.023763054,4.419174,10.064306,0.482184,-0.186642,-1.339150,0.015105,-0.091913,0.075596,-0.078023
3177,97672.028706901,4.419806,10.070961,0.482165,-0.189532,-1.345880,-0.001470,-0.093512,0.074163,-0.076662
3178,97672.033650749,4.420449,10.077648,0.482063,-0.191998,-1.347390,-0.018291,-0.095111,0.072731,-0.075301
3179,97672.038594597,4.421103,10.084343,0.481877,-0.194131,-1.343087,-0.032891,-0.096711,0.071298,-0.073941
3180,97672.043507927,4.421763,10.090975,0.481622,-0.196091,-1.333557,-0.042163,-0.098300,0.069874,-0.072588
3181,97672.048451774,4.422439,10.097601,0.481319,-0.198045,-1.319455,-0.042488,-0.099899,0.068441,-0.071228
3182,97672.053365104,4.423123,10.104117,0.481017,-0.199954,-1.300555,-0.029876,-0.101489,0.067017,-0.069875
3183,97672.058308952,4.423826,10.110581,0.480777,-0.200831,-1.276714,-0.001449,-0.103088,0.065584,-0.068515
3184,97672.063252800,4.424540,10.116930,0.480678,-0.198953,-1.249402,0.043301,-0.104687,0.064152,-0.067154
3185,97672.068196647,4.425254,10.123146,0.480803,-0.191606,-1.220675,0.090729,-0.106286,0.062719,-0.065793
3186,97672.073109977,4.425937,10.129185,0.481162,-0.174929,-1.187831,0.136758,-0.107876,0.061295,-0.064441
3187,97672.078053825,4.426553,10.135097,0.481753,-0.148614,-1.148510,0.182129,-0.109475,0.059862,-0.063080
3188,97672.082997673,4.427050,10.140813,0.482574,-0.115670,-1.103121,0.227070,-0.111074,0.058429,-0.061719
3189,97672.087941520,4.427398,10.146301,0.483622,-0.080992,-1.053917,0.271550,-0.112673,0.056997,-0.060359
3190,97672.092885368,4.427588,10.151540,0.484895,-0.050369,-1.008993,0.301456,-0.114272,0.055564,-0.058998
3191,97672.097829216,4.427639,10.156553,0.486321,-0.026410,-0.976414,0.304201,-0.115872,0.054131,-0.057637
3192,97672.102742546,4.427580,10.161370,0.487755,-0.007968,-0.958422,0.287098,-0.117461,0.052707,-0.056285
3193,97672.107686393,4.427431,10.166124,0.489116,0.006405,-0.952259,0.254603,-0.119060,0.051274,-0.054924
3194,97672.112630241,4.427211,10.170841,0.490318,0.016910,-0.951766,0.209037,-0.120660,0.049842,-0.053563
3195,97672.117543571,4.426937,10.175522,0.491290,0.025308,-0.951572,0.154510,-0.122249,0.048418,-0.052211
3196,97672.122487419,4.426617,10.180226,0.491998,0.033415,-0.948447,0.094933,-0.123848,0.046985,-0.050850
3197,97672.127461784,4.426250,10.184938,0.492416,0.042311,-0.939475,0.036413,-0.125343,0.045058,-0.049503
3198,97672.132405632,4.425839,10.189571,0.492543,0.052509,-0.923797,-0.013665,-0.126828,0.043144,-0.048165
3199,97672.137349479,4.425378,10.194121,0.492424,0.062787,-0.900499,-0.052112,-0.128314,0.041229,-0.046826
3200,97672.142293327,4.424869,10.198551,0.492117,0.070123,-0.869222,-0.078504,-0.130282,0.039491,-0.046520
3201,97672.147237175,4.424328,10.202824,0.491682,0.071451,-0.830361,-0.093579,-0.132250,0.037753,-0.046214
3202,97672.152181022,4.423788,10.206903,0.491175,0.064430,-0.784438,-0.097994,-0.134218,0.036015,-0.045909
3203,97672.157124870,4.423292,10.210757,0.490649,0.047183,-0.732392,-0.092573,-0.136186,0.034277,-0.045603
3204,97672.162038200,4.422896,10.214336,0.490154,0.018816,-0.677621,-0.078950,-0.138142,0.032550,-0.045299
3205,97672.166982048,4.422650,10.217674,0.489725,-0.021064,-0.623878,-0.059513,-0.140110,0.030812,-0.044993
3206,97672.171925895,4.422614,10.220756,0.489391,-0.069267,-0.575646,-0.040080,-0.142079,0.029074,-0.044687
3207,97672.176839225,4.422827,10.223594,0.489155,-0.120880,-0.538048,-0.023691,-0.144035,0.027346,-0.044383
3208,97672.181783073,4.423305,10.226275,0.488997,-0.171234,-0.513816,-0.011547,-0.146003,0.025608,-0.044077
3209,97672.186726921,4.424039,10.228849,0.488896,-0.215573,-0.503069,-0.004081,-0.147971,0.023870,-0.043771
3210,97672.191670768,4.424994,10.231380,0.488830,-0.251457,-0.503458,-0.001219,-0.149939,0.022132,-0.043465
3211,97672.196614616,4.426126,10.233921,0.488775,-0.278116,-0.511890,-0.003193,-0.151907,0.020394,-0.043159
3212,97672.201558464,4.427388,10.236509,0.488708,-0.294856,-0.524119,-0.009170,-0.153875,0.018656,-0.042853
3213,97672.206471794,4.428721,10.239144,0.488610,-0.300788,-0.536832,-0.017240,-0.155831,0.016929,-0.042549
3214,97672.211415641,4.430089,10.241860,0.488470,-0.296317,-0.547807,-0.025741,-0.157799,0.015191,-0.042243
3215,97672.216359489,4.431431,10.244628,0.488288,-0.282534,-0.556431,-0.032823,-0.159768,0.013453,-0.041937
3216,97672.221303337,4.432703,10.247435,0.488072,-0.261438,-0.562947,-0.037957,-0.161736,0.011715,-0.041631
3217,97672.226247184,4.433869,10.250269,0.487831,-0.235149,-0.567545,-0.041795,-0.163704,0.009977,-0.041325
3218,97672.231191032,4.434904,10.253120,0.487573,-0.206478,-0.570574,-0.045142,-0.165672,0.008238,-0.041019
3219,97672.236134880,4.435797,10.255980,0.487300,-0.178109,-0.572197,-0.048877,-0.167640,0.006500,-0.040713
3220,97672.241078727,4.436549,10.258842,0.487011,-0.152514,-0.572510,-0.054082,-0.169608,0.004762,-0.040408
3221,97672.245992057,4.437170,10.261681,0.486700,-0.131421,-0.571297,-0.060433,-0.171564,0.003035,-0.040103
3222,97672.250935905,4.437690,10.264527,0.486358,-0.114590,-0.568088,-0.067228,-0.173533,0.001297,-0.039798
3223,97672.255849235,4.438125,10.267336,0.485985,-0.101422,-0.563406,-0.073673,-0.175489,-0.000430,-0.039494
3224,97672.260793083,4.438498,10.270136,0.485580,-0.090601,-0.557627,-0.079275,-0.177457,-0.002168,-0.039188
3225,97672.265736930,4.438819,10.272904,0.485148,-0.082031,-0.551419,-0.084040,-0.179425,-0.003906,-0.038882
3226,97672.270680778,4.439098,10.275640,0.484693,-0.075322,-0.545376,-0.088058,-0.181393,-0.005644,-0.038576
3227,97672.275624626,4.439345,10.278344,0.484220,-0.070438,-0.540081,-0.091889,-0.183361,-0.007382,-0.038270
3228,97672.280537956,4.439568,10.281004,0.483731,-0.067283,-0.535656,-0.095828,-0.185317,-0.009110,-0.037966
3229,97672.285481804,4.439777,10.283658,0.483220,-0.065152,-0.532674,-0.099614,-0.187285,-0.010848,-0.037660
3230,97672.290425651,4.439976,10.286297,0.482691,-0.064134,-0.531563,-0.103564,-0.189254,-0.012586,-0.037354
3231,97672.295369499,4.440169,10.288929,0.482143,-0.063756,-0.532356,-0.107776,-0.191222,-0.014324,-0.037048
3232,97672.300313347,4.440361,10.291566,0.481573,-0.063038,-0.534841,-0.112252,-0.193190,-0.016062,-0.036742
3233,97672.305257194,4.440548,10.294214,0.480982,-0.061909,-0.538324,-0.117046,-0.195158,-0.017800,-0.036436
3234,97672.310170524,4.440727,10.296862,0.480370,-0.060244,-0.542137,-0.121566,-0.197114,-0.019527,-0.036132
3235,97672.315114372,4.440898,10.299545,0.479732,-0.057590,-0.545480,-0.125550,-0.199082,-0.021265,-0.035826
3236,97672.320058220,4.441055,10.302243,0.479075,-0.054091,-0.547870,-0.129225,-0.201050,-0.023003,-0.035520
3237,97672.325002067,4.441194,10.304952,0.478399,-0.050506,-0.549341,-0.132548,-0.203018,-0.024741,-0.035214
3238,97672.329915397,4.441313,10.307651,0.477712,-0.047711,-0.549684,-0.136014,-0.204974,-0.026469,-0.034910
3239,97672.334828727,4.441419,10.310351,0.477007,-0.046120,-0.549026,-0.139715,-0.206930,-0.028196,-0.034606
3240,97672.339772575,4.441518,10.313064,0.476281,-0.046185,-0.547543,-0.143624,-0.208899,-0.029934,-0.034300
3241,97672.344716423,4.441616,10.315769,0.475534,-0.047917,-0.545751,-0.147750,-0.210867,-0.031672,-0.033994
3242,97672.349660270,4.441724,10.318465,0.474768,-0.051198,-0.544094,-0.152387,-0.212835,-0.033410,-0.033689
3243,97672.354604118,4.441848,10.321154,0.473978,-0.055413,-0.542835,-0.157327,-0.214803,-0.035148,-0.033383
3244,97672.359547966,4.441992,10.323837,0.473164,-0.059987,-0.542485,-0.162605,-0.216771,-0.036886,-0.033077
3245,97672.364461296,4.442158,10.326502,0.472329,-0.063893,-0.542820,-0.168159,-0.218727,-0.038613,-0.032773
3246,97672.369405143,4.442343,10.329186,0.471460,-0.066662,-0.543283,-0.174501,-0.220695,-0.040351,-0.032467
3247,97672.374348991,4.442542,10.331873,0.470560,-0.068516,-0.543983,-0.181187,-0.222664,-0.042090,-0.032161
3248,97672.379292839,4.442749,10.334563,0.469627,-0.070240,-0.545167,-0.187199,-0.224632,-0.043828,-0.031855
3249,97672.384236686,4.442964,10.337258,0.468664,-0.072413,-0.547321,-0.191869,-0.226600,-0.045566,-0.031549
3250,97672.389150016,4.443188,10.339948,0.467683,-0.075115,-0.550879,-0.195152,-0.225142,-0.046168,-0.032420
3251,97672.394093864,4.443425,10.342673,0.466680,-0.078488,-0.555632,-0.197272,-0.223674,-0.046775,-0.033297
3252,97672.399037712,4.443678,10.345422,0.465666,-0.082617,-0.561538,-0.198453,-0.222207,-0.047382,-0.034173
3253,97672.403981559,4.443949,10.348200,0.464645,-0.087610,-0.568860,-0.198252,-0.220739,-0.047988,-0.035049
3254,97672.408894889,4.444242,10.350999,0.463631,-0.093207,-0.576989,-0.196583,-0.219281,-0.048591,-0.035921
3255,97672.413838737,4.444563,10.353856,0.462618,-0.099286,-0.585847,-0.193816,-0.217814,-0.049198,-0.036797
3256,97672.418782585,4.444912,10.356759,0.461617,-0.105686,-0.595354,-0.190548,-0.216346,-0.049804,-0.037674
3257,97672.423756950,4.445293,10.359728,0.460626,-0.112041,-0.605295,-0.186963,-0.214870,-0.050414,-0.038555
3258,97672.428700798,4.445702,10.362730,0.459657,-0.117450,-0.615492,-0.183454,-0.213402,-0.051021,-0.039432
3259,97672.433644645,4.446135,10.365783,0.458705,-0.121544,-0.626021,-0.180006,-0.211935,-0.051628,-0.040308
3260,97672.438557975,4.446583,10.368871,0.457774,-0.124645,-0.636277,-0.176644,-0.210477,-0.052230,-0.041179
3261,97672.443501823,4.447048,10.372029,0.456854,-0.126997,-0.646926,-0.173037,-0.209009,-0.052837,-0.042056
3262,97672.448445671,4.447522,10.375241,0.455950,-0.129221,-0.658484,-0.168008,-0.207542,-0.053444,-0.042932
3263,97672.453359001,4.448002,10.378490,0.455076,-0.132185,-0.671317,-0.161246,-0.206083,-0.054046,-0.043804
3264,97672.458302848,4.448498,10.381824,0.454229,-0.136617,-0.685905,-0.153705,-0.204616,-0.054653,-0.044680
3265,97672.463216179,4.449009,10.385210,0.453423,-0.142640,-0.702592,-0.146128,-0.203158,-0.055256,-0.045551
3266,97672.468160026,4.449550,10.388702,0.452648,-0.150565,-0.721677,-0.138608,-0.201690,-0.055862,-0.046428
3267,97672.473103874,4.450127,10.392290,0.451909,-0.160450,-0.742897,-0.131831,-0.200223,-0.056469,-0.047304
3268,97672.478047722,4.450749,10.395985,0.451201,-0.172140,-0.765155,-0.126166,-0.198755,-0.057076,-0.048181
3269,97672.482991569,4.451423,10.399793,0.450519,-0.185967,-0.787417,-0.121411,-0.197288,-0.057682,-0.049057
3270,97672.487935417,4.452162,10.403715,0.449858,-0.201810,-0.809138,-0.116657,-0.195821,-0.058289,-0.049934
3271,97672.492848747,4.452969,10.407722,0.449222,-0.219432,-0.829882,-0.110759,-0.194362,-0.058891,-0.050805
3272,97672.497792595,4.453865,10.411861,0.448608,-0.238110,-0.849744,-0.103797,-0.192895,-0.059498,-0.051681
3273,97672.502736442,4.454849,10.416103,0.448026,-0.256784,-0.868703,-0.096105,-0.191427,-0.060105,-0.052558
3274,97672.507680290,4.455921,10.420443,0.447480,-0.274825,-0.887920,-0.087721,-0.189960,-0.060711,-0.053434
3275,97672.512593620,4.457072,10.424854,0.446976,-0.291714,-0.907619,-0.079134,-0.188502,-0.061314,-0.054305
3276,97672.517537468,4.458310,10.429395,0.446509,-0.307483,-0.928478,-0.070785,-0.187034,-0.061921,-0.055182
3277,97672.522481315,4.459621,10.434043,0.446081,-0.321684,-0.949836,-0.062888,-0.185567,-0.062527,-0.056058
3278,97672.527425163,4.460999,10.438799,0.445689,-0.334112,-0.971896,-0.055607,-0.184099,-0.063134,-0.056935
3279,97672.532338493,4.462425,10.443638,0.445334,-0.344933,-0.994196,-0.048935,-0.182641,-0.063737,-0.057806
3280,97672.537282341,4.463909,10.448619,0.445007,-0.354465,-1.016178,-0.042527,-0.181174,-0.064343,-0.058682
3281,97672.542226188,4.465436,10.453712,0.444709,-0.362609,-1.037558,-0.036394,-0.179706,-0.064950,-0.059559
3282,97672.547170036,4.466998,10.458912,0.444440,-0.368862,-1.058802,-0.029703,-0.178239,-0.065556,-0.060435
3283,97672.552113884,4.468588,10.464219,0.444203,-0.373372,-1.080484,-0.021423,-0.176771,-0.066163,-0.061312
3284,97672.557057731,4.470195,10.469635,0.444004,-0.376540,-1.102223,-0.011933,-0.175304,-0.066769,-0.062188
3285,97672.562001579,4.471814,10.475159,0.443851,-0.378259,-1.124299,-0.001616,-0.173837,-0.067376,-0.063065
3286,97672.566914909,4.473428,10.480759,0.443749,-0.378603,-1.147248,0.009445,-0.172378,-0.067979,-0.063936
3287,97672.571858757,4.475049,10.486507,0.443698,-0.378146,-1.171689,0.020817,-0.170911,-0.068585,-0.064812
3288,97672.576802604,4.476663,10.492377,0.443703,-0.377486,-1.197525,0.032001,-0.169444,-0.069192,-0.065689
3289,97672.581746452,4.478270,10.498375,0.443762,-0.377413,-1.224392,0.042112,-0.167976,-0.069799,-0.066565
3290,97672.586690300,4.479870,10.504506,0.443868,-0.378528,-1.251313,0.050487,-0.166509,-0.070405,-0.067442
3291,97672.591603630,4.481462,10.510733,0.444014,-0.381523,-1.277473,0.057569,-0.165050,-0.071008,-0.068313
3292,97672.596547477,4.483072,10.517128,0.444194,-0.386904,-1.303422,0.064788,-0.163583,-0.071615,-0.069189
3293,97672.601491325,4.484704,10.523653,0.444407,-0.394830,-1.328798,0.073398,-0.162116,-0.072221,-0.070066
3294,97672.606435173,4.486371,10.530306,0.444661,-0.404907,-1.352568,0.083904,-0.160648,-0.072828,-0.070942
3295,97672.611379020,4.488082,10.537078,0.444965,-0.415697,-1.372585,0.096591,-0.159181,-0.073434,-0.071819
3296,97672.616322868,4.489844,10.543953,0.445329,-0.426302,-1.388217,0.112376,-0.157713,-0.074041,-0.072695
3297,97672.621236198,4.491644,10.550866,0.445767,-0.435935,-1.399803,0.128935,-0.156255,-0.074644,-0.073566
3298,97672.626180046,4.493502,10.557881,0.446288,-0.444129,-1.409312,0.143855,-0.154788,-0.075250,-0.074443
3299,97672.631154411,4.495411,10.564990,0.446886,-0.450908,-1.417091,0.157120,-0.153311,-0.075861,-0.075325
3300,97672.636098259,4.497342,10.572096,0.447544,-0.456858,-1.423825,0.169183,-0.150484,-0.074658,-0.075656
3301,97672.641042106,4.499300,10.579238,0.448261,-0.462273,-1.431247,0.180755,-0.147658,-0.073456,-0.075986
3302,97672.645985954,4.501285,10.586418,0.449034,-0.463247,-1.441102,0.195874,-0.144831,-0.072253,-0.076317
3303,97672.650929802,4.503274,10.593648,0.449882,-0.458297,-1.450663,0.212819,-0.142005,-0.071051,-0.076648
3304,97672.655843132,4.505225,10.600880,0.450807,-0.452071,-1.455093,0.227790,-0.139195,-0.069856,-0.076977
3305,97672.660786979,4.507158,10.608178,0.451813,-0.446186,-1.451894,0.243872,-0.136369,-0.068653,-0.077308
3306,97672.665730827,4.509063,10.615461,0.452898,-0.439744,-1.440536,0.263508,-0.133542,-0.067451,-0.077639
3307,97672.670644157,4.510929,10.622642,0.454074,-0.431525,-1.421912,0.287191,-0.130733,-0.066256,-0.077968
3308,97672.675588005,4.512772,10.629776,0.455377,-0.420714,-1.396773,0.314248,-0.127906,-0.065053,-0.078299
3309,97672.680531852,4.514568,10.636785,0.456815,-0.407757,-1.366373,0.342046,-0.125080,-0.063851,-0.078630
3310,97672.685475700,4.516310,10.643643,0.458394,-0.393406,-1.332658,0.368501,-0.122253,-0.062648,-0.078961
3311,97672.690419548,4.517989,10.650333,0.460106,-0.378934,-1.298121,0.392273,-0.119426,-0.061446,-0.079292
3312,97672.695332878,4.519597,10.656811,0.461928,-0.365502,-1.265567,0.413530,-0.116617,-0.060251,-0.079621
3313,97672.700276725,4.521156,10.663166,0.463869,-0.353829,-1.236020,0.433672,-0.113790,-0.059048,-0.079952
3314,97672.705220573,4.522666,10.669374,0.465912,-0.344326,-1.210156,0.452965,-0.110964,-0.057846,-0.080283
3315,97672.710164421,4.524136,10.675454,0.468053,-0.336673,-1.187722,0.471041,-0.108137,-0.056643,-0.080614
3316,97672.715108268,4.525574,10.681422,0.470286,-0.330350,-1.167921,0.487390,-0.105311,-0.055441,-0.080945
3317,97672.720052116,4.526987,10.687293,0.472600,-0.325218,-1.151181,0.500745,-0.102484,-0.054239,-0.081275
3318,97672.724995964,4.528379,10.693080,0.474982,-0.321391,-1.137882,0.510765,-0.099657,-0.053036,-0.081606
3319,97672.729939811,4.529755,10.698801,0.477415,-0.319038,-1.128266,0.517856,-0.096831,-0.051834,-0.081937
3320,97672.734883659,4.531123,10.704475,0.479883,-0.317885,-1.123260,0.522655,-0.094004,-0.050631,-0.082268
3321,97672.739827507,4.532486,10.710124,0.482376,-0.317638,-1.123001,0.525684,-0.091177,-0.049429,-0.082599
3322,97672.744740837,4.533840,10.715738,0.484868,-0.318369,-1.126595,0.526883,-0.088368,-0.048234,-0.082928
3323,97672.749654167,4.535197,10.721369,0.487366,-0.320134,-1.133026,0.526585,-0.085559,-0.047039,-0.083257
3324,97672.754567497,4.536561,10.727032,0.489862,-0.322186,-1.141175,0.524787,-0.082750,-0.045844,-0.083586
3325,97672.759511345,4.537941,10.732770,0.492363,-0.323975,-1.149594,0.521748,-0.079923,-0.044641,-0.083917
3326,97672.764455192,4.539329,10.738551,0.494849,-0.324883,-1.156903,0.517206,-0.077096,-0.043439,-0.084248
3327,97672.769399040,4.540719,10.744367,0.497313,-0.325088,-1.162204,0.511053,-0.074270,-0.042236,-0.084579
3328,97672.774312370,4.542100,10.750174,0.499730,-0.324613,-1.164539,0.504462,-0.071461,-0.041041,-0.084908
3329,97672.779256218,4.543486,10.756027,0.502130,-0.323843,-1.163990,0.497031,-0.068634,-0.039839,-0.085239
3330,97672.784200065,4.544868,10.761877,0.504493,-0.322763,-1.160130,0.488556,-0.065807,-0.038636,-0.085570
3331,97672.789143913,4.546245,10.767707,0.506814,-0.321786,-1.152422,0.479285,-0.062981,-0.037434,-0.085901
3332,97672.794087761,4.547618,10.773499,0.509090,-0.321163,-1.140999,0.468693,-0.060154,-0.036231,-0.086231
3333,97672.799001091,4.548981,10.779197,0.511301,-0.320217,-1.126644,0.457529,-0.057345,-0.035036,-0.086560
3334,97672.803944938,4.550350,10.784860,0.513471,-0.318583,-1.109688,0.446023,-0.054518,-0.033834,-0.086891
3335,97672.808888786,4.551715,10.790437,0.515586,-0.317168,-1.090863,0.433974,-0.051692,-0.032631,-0.087222
3336,97672.813832634,4.553075,10.795921,0.517642,-0.316357,-1.070613,0.421391,-0.049412,-0.031092,-0.087368
3337,97672.818776481,4.554435,10.801303,0.519638,-0.316436,-1.049764,0.407363,-0.047132,-0.029553,-0.087514
3338,97672.823689811,4.555790,10.806549,0.521553,-0.317546,-1.029054,0.392127,-0.044866,-0.028023,-0.087659
3339,97672.828633659,4.557163,10.811725,0.523406,-0.319309,-1.008311,0.375413,-0.042587,-0.026483,-0.087805
3340,97672.833577507,4.558547,10.816797,0.525177,-0.321357,-0.987780,0.356927,-0.040307,-0.024944,-0.087951
3341,97672.838521354,4.559945,10.821768,0.526859,-0.324252,-0.967934,0.335962,-0.038027,-0.023405,-0.088097
3342,97672.843465202,4.561360,10.826640,0.528437,-0.327382,-0.948722,0.313181,-0.035747,-0.021865,-0.088243
3343,97672.848409050,4.562794,10.831416,0.529904,-0.330259,-0.930048,0.288786,-0.033468,-0.020326,-0.088389
3344,97672.853322380,4.564234,10.836070,0.531243,-0.333054,-0.911986,0.262748,-0.031202,-0.018796,-0.088534
3345,97672.858266227,4.565700,10.840662,0.532463,-0.335688,-0.894664,0.234980,-0.028922,-0.017256,-0.088680
3346,97672.863210075,4.567180,10.845168,0.533546,-0.338088,-0.878514,0.205760,-0.026642,-0.015717,-0.088826
3347,97672.868153923,4.568673,10.849593,0.534485,-0.339733,-0.863377,0.175853,-0.024363,-0.014178,-0.088972
3348,97672.873097770,4.570176,10.853942,0.535277,-0.340227,-0.849709,0.145683,-0.022083,-0.012638,-0.089118
3349,97672.878011100,4.571673,10.858195,0.535917,-0.339442,-0.837333,0.115231,-0.019817,-0.011108,-0.089263
3350,97672.882985466,4.573185,10.862437,0.536414,-0.337233,-0.825849,0.084030,-0.019797,-0.010566,-0.089582
3351,97672.887898796,4.574667,10.866568,0.536753,-0.333706,-0.815361,0.052816,-0.019776,-0.010031,-0.089897
3352,97672.897786491,4.577617,10.874773,0.537128,-0.324187,-0.795350,-0.010348,-0.019736,-0.008954,-0.090530
3353,97672.902730339,4.579044,10.878770,0.537005,-0.316618,-0.786308,-0.041426,-0.019715,-0.008415,-0.090847
3354,97672.907643669,4.580425,10.882695,0.536732,-0.307729,-0.777317,-0.071945,-0.019695,-0.007880,-0.091162
3355,97672.912587516,4.581771,10.886596,0.536307,-0.297320,-0.768394,-0.102257,-0.019674,-0.007341,-0.091479
3356,97672.917531364,4.583065,10.890449,0.535733,-0.285307,-0.759561,-0.131364,-0.019654,-0.006802,-0.091796
3357,97672.922475212,4.584299,10.894253,0.535017,-0.272204,-0.750700,-0.158446,-0.019634,-0.006264,-0.092113
3358,97672.927419059,4.585469,10.898010,0.534169,-0.258455,-0.741879,-0.182817,-0.019613,-0.005725,-0.092429
3359,97672.932362907,4.586571,10.901718,0.533201,-0.244866,-0.732888,-0.204936,-0.019593,-0.005186,-0.092746
3360,97672.937276237,4.587600,10.905355,0.532133,-0.231939,-0.723328,-0.224822,-0.019573,-0.004651,-0.093061
3361,97672.942220085,4.588572,10.908964,0.530961,-0.219626,-0.712801,-0.242103,-0.019552,-0.004112,-0.093378
3362,97672.947194450,4.589490,10.912538,0.529698,-0.208335,-0.701641,-0.255876,-0.019532,-0.003570,-0.093697
3363,97672.952107780,4.590343,10.916011,0.528384,-0.198288,-0.690400,-0.265023,-0.019511,-0.003035,-0.094012
3364,97672.957021110,4.591148,10.919425,0.527026,-0.189518,-0.679766,-0.268980,-0.019491,-0.002500,-0.094326
3365,97672.961964958,4.591917,10.922807,0.525642,-0.181397,-0.673021,-0.266964,-0.019471,-0.001961,-0.094643
3366,97672.966908805,4.592648,10.926153,0.524268,-0.173537,-0.673222,-0.259603,-0.019450,-0.001422,-0.094960
3367,97672.971852653,4.593340,10.929499,0.522932,-0.165747,-0.680567,-0.249098,-0.019430,-0.000884,-0.095277
3368,97672.976796501,4.593993,10.932880,0.521648,-0.156837,-0.695032,-0.238182,-0.019409,-0.000345,-0.095594
3369,97672.981709831,4.594595,10.936310,0.520425,-0.145922,-0.715692,-0.228956,-0.019389,0.000190,-0.095909
3370,97672.986653679,4.595144,10.939862,0.519239,-0.132894,-0.740879,-0.222022,-0.019369,0.000729,-0.096225
3371,97672.991597526,4.595623,10.943536,0.518088,-0.117130,-0.769654,-0.217071,-0.019348,0.001268,-0.096542
3372,97672.996541374,4.596019,10.947349,0.516960,-0.098317,-0.801436,-0.214242,-0.019328,0.001806,-0.096859
3373,97673.001485222,4.596315,10.951314,0.515846,-0.075912,-0.836036,-0.213988,-0.019308,0.002345,-0.097176
3374,97673.006398552,4.596492,10.955421,0.514739,-0.049629,-0.871399,-0.215798,-0.019287,0.002880,-0.097491
3375,97673.011342399,4.596532,10.959721,0.513617,-0.019352,-0.906390,-0.218028,-0.019267,0.003419,-0.097808
3376,97673.016286247,4.596415,10.964188,0.512483,0.013024,-0.939598,-0.218714,-0.019247,0.003958,-0.098124
3377,97673.021230095,4.596131,10.968812,0.511347,0.044671,-0.970638,-0.215481,-0.019226,0.004496,-0.098441
3378,97673.026173942,4.595684,10.973583,0.510227,0.072552,-0.999384,-0.205439,-0.019206,0.005035,-0.098758
3379,97673.031117790,4.595094,10.978490,0.509157,0.093474,-1.026506,-0.185963,-0.019185,0.005574,-0.099075
3380,97673.036061638,4.594395,10.983527,0.508183,0.105279,-1.053004,-0.156752,-0.019165,0.006112,-0.099392
3381,97673.041005485,4.593635,10.988695,0.507353,0.107812,-1.079626,-0.119272,-0.019145,0.006651,-0.099709
3382,97673.045979850,4.592855,10.994029,0.506703,0.102741,-1.107010,-0.076772,-0.019124,0.007193,-0.100027
3383,97673.050923698,4.592102,10.999469,0.506265,0.092400,-1.135620,-0.034027,-0.019104,0.007731,-0.100344
3384,97673.055867546,4.591396,11.005055,0.506036,0.079667,-1.164938,0.003744,-0.019083,0.008270,-0.100661
3385,97673.060780876,4.590754,11.010756,0.505991,0.068185,-1.192840,0.030461,-0.019063,0.008805,-0.100976
3386,97673.070668571,4.589566,11.022513,0.506159,0.049302,-1.244331,0.058702,-0.019022,0.009883,-0.101610
3387,97673.075612419,4.589056,11.028651,0.506379,0.040747,-1.262018,0.050726,-0.019002,0.010421,-0.101926
3388,97673.080556266,4.588585,11.034878,0.506557,0.030760,-1.274912,0.034836,-0.018981,0.010960,-0.102243
3389,97673.085500114,4.588158,11.041170,0.506655,0.020206,-1.282552,0.013564,-0.018961,0.011499,-0.102560
3390,97673.090413444,4.587783,11.047462,0.506647,0.009943,-1.284555,-0.011129,-0.018941,0.012034,-0.102875
3391,97673.095357292,4.587454,11.053803,0.506516,0.001591,-1.280873,-0.038503,-0.018920,0.012573,-0.103192
3392,97673.100301139,4.587165,11.060126,0.506249,-0.003712,-1.271772,-0.067221,-0.018900,0.013111,-0.103509
3393,97673.105244987,4.586902,11.066403,0.505840,-0.006020,-1.258146,-0.095439,-0.018879,0.013650,-0.103826
3394,97673.110188835,4.586651,11.072612,0.505293,-0.006072,-1.241778,-0.119870,-0.018859,0.014189,-0.104142
3395,97673.115102165,4.586404,11.078701,0.504630,-0.005084,-1.225474,-0.135947,-0.018839,0.014724,-0.104457
3396,97673.120046013,4.586153,11.084746,0.503884,-0.003378,-1.210717,-0.140506,-0.018818,0.015263,-0.104774
3397,97673.124989860,4.585897,11.090717,0.503117,-0.000540,-1.197570,-0.131028,-0.018798,0.015801,-0.105091
3398,97673.129933708,4.585630,11.096623,0.502397,0.003567,-1.185424,-0.104405,-0.018778,0.016340,-0.105408
3399,97673.134877555,4.585347,11.102471,0.501811,0.009559,-1.173397,-0.058645,-0.018757,0.016879,-0.105725
3400,97673.139790886,4.585043,11.108224,0.501453,0.017038,-1.160458,-0.009570,-0.020477,0.016330,-0.105823
3401,97673.144734733,4.584706,11.113951,0.501338,0.029382,-1.141968,0.038513,-0.022298,0.016297,-0.106069
3402,97673.149678581,4.584315,11.119587,0.501462,0.049596,-1.113925,0.084903,-0.024118,0.016264,-0.106314
3403,97673.154622429,4.583834,11.125083,0.501819,0.075138,-1.077153,0.130330,-0.025939,0.016231,-0.106559
3404,97673.159566276,4.583238,11.130395,0.502404,0.103421,-1.034888,0.175280,-0.027760,0.016198,-0.106805
3405,97673.164510124,4.582515,11.135494,0.503216,0.133802,-0.995184,0.218002,-0.029581,0.016165,-0.107050
3406,97673.169423454,4.581659,11.140364,0.504238,0.163967,-0.969201,0.237250,-0.031390,0.016132,-0.107294
3407,97673.174367302,4.580656,11.145130,0.505365,0.192386,-0.963141,0.228819,-0.033211,0.016099,-0.107539
3408,97673.179311149,4.579513,11.149859,0.506453,0.217389,-0.971648,0.199046,-0.035032,0.016066,-0.107785
3409,97673.184254997,4.578242,11.154623,0.507394,0.237291,-0.984192,0.148138,-0.036852,0.016033,-0.108030
3410,97673.189198845,4.576867,11.159442,0.508085,0.252294,-0.991357,0.079346,-0.038673,0.016000,-0.108275
3411,97673.194112175,4.575420,11.164259,0.508435,0.264184,-0.987684,0.001872,-0.040482,0.015967,-0.108519
3412,97673.199056022,4.573901,11.169079,0.508405,0.275523,-0.974087,-0.073539,-0.042303,0.015934,-0.108765
3413,97673.203999870,4.572323,11.173826,0.508003,0.286828,-0.950665,-0.136537,-0.044124,0.015901,-0.109010
3414,97673.208943718,4.570691,11.178450,0.507293,0.293523,-0.916926,-0.180575,-0.045945,0.015868,-0.109255
3415,97673.213887565,4.569029,11.182904,0.506367,0.289923,-0.870319,-0.204370,-0.047765,0.015835,-0.109501
3416,97673.218800895,4.567403,11.187100,0.505333,0.273334,-0.808969,-0.209787,-0.049575,0.015802,-0.109745
3417,97673.223744743,4.565863,11.191023,0.504268,0.243020,-0.733948,-0.199530,-0.051395,0.015769,-0.109990
3418,97673.228688591,4.564489,11.194583,0.503256,0.198640,-0.653929,-0.176178,-0.053216,0.015736,-0.110235
3419,97673.233632438,4.563353,11.197758,0.502361,0.139682,-0.580119,-0.145270,-0.055037,0.015703,-0.110481
3420,97673.238515251,4.562537,11.200549,0.501627,0.072552,-0.523451,-0.115550,-0.056835,0.015670,-0.110723
3421,97673.243459098,4.562056,11.203111,0.501030,0.003530,-0.488845,-0.091225,-0.058656,0.015637,-0.110968
3422,97673.248372429,4.561927,11.205504,0.500553,-0.057082,-0.480126,-0.076546,-0.060465,0.015605,-0.111212
3423,97673.253316276,4.562099,11.207883,0.500142,-0.104811,-0.490109,-0.072700,-0.062286,0.015572,-0.111458
3424,97673.258260124,4.562505,11.210321,0.499746,-0.138315,-0.507844,-0.077022,-0.064107,0.015539,-0.111703
3425,97673.263203972,4.563072,11.212854,0.499324,-0.157348,-0.524601,-0.084951,-0.065927,0.015506,-0.111948
3426,97673.268117302,4.563725,11.215458,0.498864,-0.161253,-0.536023,-0.092112,-0.067737,0.015473,-0.112192
3427,97673.273061149,4.564398,11.218134,0.498365,-0.150062,-0.542969,-0.097266,-0.069558,0.015440,-0.112438
3428,97673.278004997,4.565014,11.220842,0.497840,-0.124817,-0.547479,-0.099758,-0.071378,0.015407,-0.112683
3429,97673.282948845,4.565505,11.223567,0.497305,-0.088387,-0.550725,-0.100408,-0.073199,0.015374,-0.112928
3430,97673.287892692,4.565814,11.226299,0.496769,-0.045225,-0.553416,-0.101049,-0.075020,0.015341,-0.113174
3431,97673.292806022,4.565910,11.229019,0.496237,-0.000769,-0.555335,-0.102862,-0.076829,0.015308,-0.113418
3432,97673.297749870,4.565785,11.231755,0.495695,0.040035,-0.556687,-0.106262,-0.078650,0.015275,-0.113663
3433,97673.302693718,4.565459,11.234489,0.495139,0.073705,-0.557802,-0.110940,-0.080471,0.015242,-0.113908
3434,97673.307637565,4.564966,11.237221,0.494563,0.099483,-0.557916,-0.116138,-0.082291,0.015209,-0.114154
3435,97673.312581413,4.564345,11.239948,0.493963,0.118277,-0.557053,-0.120577,-0.084112,0.015176,-0.114399
3436,97673.317525261,4.563631,11.242666,0.493342,0.131934,-0.554799,-0.123923,-0.085933,0.015143,-0.114645
3437,97673.322438591,4.562855,11.245353,0.492710,0.141686,-0.550848,-0.126498,-0.087742,0.015110,-0.114888
3438,97673.327412956,4.562021,11.248051,0.492059,0.147960,-0.544882,-0.128670,-0.089574,0.015077,-0.115135
3439,97673.332356804,4.561163,11.250702,0.491401,0.150872,-0.537464,-0.130751,-0.091395,0.015044,-0.115381
3440,97673.337270134,4.560297,11.253299,0.490738,0.151084,-0.529900,-0.133069,-0.093204,0.015011,-0.115625
3441,97673.342213981,4.559426,11.255875,0.490060,0.149448,-0.523570,-0.135978,-0.095025,0.014978,-0.115870
3442,97673.347157829,4.558565,11.258420,0.489367,0.146965,-0.518845,-0.139378,-0.096846,0.014945,-0.116115
3443,97673.352101677,4.557716,11.260942,0.488658,0.144338,-0.515473,-0.143478,-0.098667,0.014912,-0.116361
3444,97673.357045524,4.556881,11.263447,0.487929,0.142929,-0.513166,-0.147842,-0.100487,0.014879,-0.116606
3445,97673.366902702,4.555230,11.268420,0.486432,0.143842,-0.509449,-0.156448,-0.104118,0.014813,-0.117095
3446,97673.371846550,4.554398,11.270895,0.485639,0.147455,-0.506975,-0.160328,-0.105938,0.014780,-0.117341
3447,97673.376790397,4.553548,11.273357,0.484827,0.151822,-0.504197,-0.164263,-0.107759,0.014747,-0.117586
3448,97673.381734245,4.552677,11.275804,0.483996,0.155825,-0.501521,-0.168770,-0.109580,0.014714,-0.117831
3449,97673.386678093,4.551786,11.278236,0.483143,0.158611,-0.499480,-0.173532,-0.111400,0.014681,-0.118077
3450,97673.391591423,4.550887,11.280643,0.482273,0.159441,-0.498190,-0.178518,-0.111661,0.013593,-0.117821
3451,97673.396535270,4.549979,11.283057,0.481373,0.157972,-0.497745,-0.183564,-0.111923,0.012499,-0.117564
3452,97673.401479118,4.549077,11.285470,0.480447,0.154110,-0.497903,-0.188889,-0.112184,0.011405,-0.117307
3453,97673.406422966,4.548195,11.287884,0.479495,0.148302,-0.498658,-0.194268,-0.112446,0.010310,-0.117050
3454,97673.411366813,4.547340,11.290302,0.478516,0.141526,-0.499697,-0.199180,-0.112708,0.009216,-0.116793
3455,97673.416310661,4.546518,11.292727,0.477512,0.134500,-0.500807,-0.203561,-0.112970,0.008122,-0.116536
3456,97673.421254509,4.545731,11.295158,0.476486,0.127162,-0.502035,-0.207252,-0.113232,0.007027,-0.116278
3457,97673.426198356,4.544979,11.297597,0.475441,0.120024,-0.503593,-0.210323,-0.113494,0.005933,-0.116021
3458,97673.431111686,4.544266,11.300030,0.474387,0.113842,-0.505835,-0.213097,-0.113754,0.004845,-0.115766
3459,97673.436025016,4.543583,11.302475,0.473318,0.109010,-0.509242,-0.216137,-0.114014,0.003758,-0.115510
3460,97673.440938347,4.542922,11.304937,0.472234,0.105809,-0.514298,-0.219737,-0.114275,0.002670,-0.115255
3461,97673.445882194,4.542272,11.307440,0.471125,0.104161,-0.521117,-0.223527,-0.114537,0.001576,-0.114998
3462,97673.450826042,4.541628,11.309977,0.469997,0.104378,-0.529257,-0.226614,-0.114798,0.000481,-0.114740
3463,97673.455769889,4.540982,11.312554,0.468853,0.106106,-0.538020,-0.228980,-0.115060,-0.000613,-0.114483
3464,97673.460713737,4.540324,11.315174,0.467697,0.108352,-0.546662,-0.230875,-0.115322,-0.001707,-0.114226
3465,97673.465657585,4.539654,11.317836,0.466531,0.110439,-0.554380,-0.231905,-0.115584,-0.002802,-0.113969
3466,97673.470601432,4.538971,11.320535,0.465360,0.112275,-0.561494,-0.232296,-0.115846,-0.003896,-0.113712
3467,97673.475514763,4.538282,11.323252,0.464193,0.113750,-0.568302,-0.232515,-0.116106,-0.004984,-0.113456
3468,97673.480458610,4.537581,11.326020,0.463019,0.115320,-0.574995,-0.232792,-0.116368,-0.006078,-0.113199
3469,97673.485402458,4.536869,11.328820,0.461842,0.116993,-0.581542,-0.233196,-0.116630,-0.007172,-0.112942
3470,97673.490346305,4.536149,11.331652,0.460663,0.118161,-0.588393,-0.233002,-0.116892,-0.008267,-0.112685
3471,97673.495290153,4.535420,11.334518,0.459485,0.118704,-0.596232,-0.231361,-0.117154,-0.009361,-0.112428
3472,97673.500203483,4.534693,11.337404,0.458322,0.118240,-0.605039,-0.229521,-0.117414,-0.010449,-0.112172
3473,97673.505147331,4.533961,11.340352,0.457160,0.116848,-0.614817,-0.228982,-0.117676,-0.011543,-0.111915
3474,97673.510091179,4.533234,11.343349,0.456000,0.115113,-0.625663,-0.229309,-0.117938,-0.012637,-0.111658
3475,97673.515035026,4.532513,11.346399,0.454838,0.112892,-0.637984,-0.229331,-0.117648,-0.013118,-0.111822
3476,97673.519978874,4.531800,11.349511,0.453674,0.110559,-0.651920,-0.227824,-0.117358,-0.013600,-0.111986
3477,97673.524922722,4.531096,11.352693,0.452517,0.107951,-0.666531,-0.224400,-0.117068,-0.014081,-0.112150
3478,97673.529866569,4.530402,11.355947,0.451376,0.105170,-0.682552,-0.219251,-0.116778,-0.014562,-0.112315
3479,97673.534779899,4.529723,11.359261,0.450266,0.101929,-0.700842,-0.213005,-0.116490,-0.015040,-0.112478
3480,97673.539723747,4.529052,11.362686,0.449179,0.098086,-0.721910,-0.206756,-0.116200,-0.015521,-0.112642
3481,97673.544667595,4.528396,11.366217,0.448121,0.093588,-0.744420,-0.201348,-0.115910,-0.016002,-0.112806
3482,97673.549611442,4.527757,11.369861,0.447088,0.088015,-0.767518,-0.196548,-0.115620,-0.016483,-0.112970
3483,97673.554524772,4.527146,11.373597,0.446084,0.080813,-0.790447,-0.191795,-0.115332,-0.016961,-0.113133
3484,97673.559468620,4.526561,11.377471,0.445094,0.071380,-0.813079,-0.186115,-0.115042,-0.017442,-0.113297
3485,97673.564412468,4.526018,11.381459,0.444131,0.059401,-0.835017,-0.179095,-0.114752,-0.017923,-0.113461
3486,97673.569356315,4.525531,11.385559,0.443200,0.045566,-0.856529,-0.170594,-0.114462,-0.018405,-0.113626
3487,97673.574269645,4.525110,11.389743,0.442315,0.031087,-0.877708,-0.161385,-0.114174,-0.018883,-0.113789
3488,97673.579213493,4.524754,11.394061,0.441467,0.017177,-0.899008,-0.151964,-0.113884,-0.019364,-0.113953
3489,97673.584157341,4.524463,11.398487,0.440663,0.005166,-0.920495,-0.142920,-0.113594,-0.019845,-0.114117
3490,97673.589101188,4.524227,11.403023,0.439902,-0.004447,-0.941855,-0.134840,-0.113304,-0.020326,-0.114281
3491,97673.594045036,4.524035,11.407667,0.439179,-0.011393,-0.962648,-0.127728,-0.113014,-0.020807,-0.114445
3492,97673.598988884,4.523873,11.412416,0.438489,-0.015765,-0.982556,-0.120841,-0.112724,-0.021288,-0.114609
3493,97673.603902214,4.523729,11.417234,0.437836,-0.017718,-1.001274,-0.113650,-0.112436,-0.021766,-0.114772
3494,97673.608846061,4.523591,11.422176,0.437213,-0.017587,-1.018753,-0.105875,-0.112146,-0.022247,-0.114937
3495,97673.613789909,4.523449,11.427204,0.436627,-0.015369,-1.034483,-0.097488,-0.111856,-0.022728,-0.115101
3496,97673.618733757,4.523293,11.432311,0.436082,-0.010776,-1.048582,-0.088544,-0.111566,-0.023209,-0.115265
3497,97673.623647087,4.523113,11.437454,0.435584,-0.003076,-1.062289,-0.077945,-0.111278,-0.023688,-0.115428
3498,97673.628590934,4.522892,11.442696,0.435135,0.007736,-1.076533,-0.064808,-0.110988,-0.024169,-0.115592
3499,97673.633548698,4.522614,11.448022,0.434750,0.021010,-1.091176,-0.050787,-0.110697,-0.024651,-0.115757
3500,97673.638492546,4.522270,11.453403,0.434435,0.036239,-1.105942,-0.037180,-0.108433,-0.023186,-0.116377
3501,97673.643436393,4.521848,11.458855,0.434188,0.052881,-1.121284,-0.024683,-0.106168,-0.021720,-0.116998
3502,97673.648380241,4.521341,11.464380,0.434003,0.070122,-1.137896,-0.013003,-0.103904,-0.020254,-0.117619
3503,97673.653324089,4.520747,11.469983,0.433875,0.087081,-1.155827,-0.001599,-0.101639,-0.018789,-0.118240
3504,97673.658237419,4.520069,11.475638,0.433805,0.102601,-1.174587,0.008869,-0.099388,-0.017332,-0.118857
3505,97673.663181266,4.519308,11.481417,0.433786,0.116176,-1.193645,0.018597,-0.097124,-0.015867,-0.119477
3506,97673.668125114,4.518476,11.487288,0.433815,0.128173,-1.212898,0.027274,-0.094859,-0.014401,-0.120098
3507,97673.673068962,4.517582,11.493252,0.433887,0.139326,-1.232724,0.036651,-0.092595,-0.012936,-0.120719
3508,97673.677982292,4.516634,11.499275,0.434004,0.149189,-1.252864,0.047928,-0.090344,-0.011479,-0.121336
3509,97673.682926139,4.515629,11.505433,0.434177,0.157251,-1.273246,0.060890,-0.088080,-0.010014,-0.121956
3510,97673.687869987,4.514580,11.511691,0.434414,0.162894,-1.292937,0.075255,-0.085815,-0.008548,-0.122577
3511,97673.692813835,4.513500,11.518046,0.434720,0.166580,-1.310715,0.090729,-0.083551,-0.007082,-0.123198
3512,97673.697757682,4.512398,11.524489,0.435103,0.168879,-1.325076,0.108003,-0.081286,-0.005617,-0.123819
3513,97673.702671013,4.511291,11.530963,0.435567,0.169979,-1.336067,0.126609,-0.079036,-0.004160,-0.124436
3514,97673.707614860,4.510170,11.537533,0.436126,0.169991,-1.343749,0.144506,-0.076771,-0.002695,-0.125056
3515,97673.712558708,4.509049,11.544141,0.436772,0.168999,-1.348869,0.161558,-0.074507,-0.001229,-0.125677
3516,97673.717502555,4.507933,11.550777,0.437502,0.167798,-1.351816,0.178841,-0.072242,0.000236,-0.126298
3517,97673.722446403,4.506823,11.557428,0.438318,0.167550,-1.353363,0.195928,-0.069978,0.001702,-0.126919
3518,97673.727390251,4.505716,11.564088,0.439218,0.169480,-1.355210,0.212357,-0.067713,0.003167,-0.127539
3519,97673.732334098,4.504599,11.570758,0.440199,0.173764,-1.356747,0.228489,-0.065449,0.004633,-0.128160
3520,97673.737277946,4.503463,11.577435,0.441260,0.178809,-1.355206,0.244363,-0.063184,0.006099,-0.128781
3521,97673.742221794,4.502303,11.584105,0.442400,0.183874,-1.347857,0.260867,-0.060920,0.007564,-0.129402
3522,97673.747135124,4.501128,11.590697,0.443615,0.189001,-1.334648,0.279003,-0.058669,0.009021,-0.130018
3523,97673.752078971,4.499924,11.597265,0.444928,0.194138,-1.315284,0.299591,-0.056404,0.010486,-0.130639
3524,97673.757022819,4.498701,11.603738,0.446345,0.199665,-1.289412,0.321984,-0.054140,0.011952,-0.131260
3525,97673.761936149,4.497466,11.610044,0.447865,0.205373,-1.258383,0.344029,-0.051889,0.013408,-0.131877
3526,97673.766879997,4.496203,11.616236,0.449505,0.211088,-1.223562,0.364472,-0.049625,0.014874,-0.132498
3527,97673.771823845,4.494920,11.622256,0.451249,0.216791,-1.187116,0.381570,-0.047360,0.016339,-0.133118
3528,97673.776767692,4.493619,11.628096,0.453080,0.222996,-1.151467,0.395308,-0.045096,0.017805,-0.133739
3529,97673.781681022,4.492304,11.633724,0.454970,0.229747,-1.118692,0.406398,-0.042845,0.019262,-0.134356
3530,97673.786624870,4.490955,11.639225,0.456929,0.237177,-1.089656,0.416688,-0.040581,0.020727,-0.134977
3531,97673.791568718,4.489577,11.644582,0.458941,0.245014,-1.064921,0.426708,-0.038316,0.022193,-0.135598
3532,97673.796512565,4.488166,11.649815,0.461005,0.252768,-1.044119,0.435834,-0.036052,0.023658,-0.136218
3533,97673.801456413,4.486722,11.654944,0.463116,0.259990,-1.026930,0.443705,-0.033787,0.025124,-0.136839
3534,97673.806369743,4.485256,11.659956,0.465253,0.266262,-1.013772,0.449814,-0.031537,0.026580,-0.137456
3535,97673.811313591,4.483753,11.664934,0.467436,0.271188,-1.004733,0.453673,-0.029272,0.028046,-0.138077
3536,97673.816257438,4.482228,11.669866,0.469638,0.274995,-0.999992,0.455694,-0.027008,0.029511,-0.138697
3537,97673.821170768,4.480695,11.674743,0.471838,0.278032,-0.999420,0.455955,-0.024757,0.030968,-0.139314
3538,97673.826145134,4.479127,11.679678,0.474066,0.280549,-1.002192,0.454666,-0.022478,0.032443,-0.139939
3539,97673.831119499,4.477547,11.684626,0.476288,0.282508,-1.007771,0.452073,-0.020200,0.033917,-0.140563
3540,97673.836032829,4.475975,11.689540,0.478470,0.284901,-1.014485,0.448195,-0.017949,0.035374,-0.141180
3541,97673.840976677,4.474379,11.694517,0.480646,0.287962,-1.020721,0.442903,-0.015685,0.036839,-0.141801
3542,97673.845920524,4.472767,11.699523,0.482795,0.291327,-1.025313,0.436800,-0.013420,0.038305,-0.142422
3543,97673.850833854,4.471147,11.704521,0.484901,0.294514,-1.027330,0.429670,-0.011170,0.039761,-0.143039
3544,97673.855777702,4.469500,11.709558,0.486986,0.297559,-1.026038,0.420782,-0.008905,0.041227,-0.143660
3545,97673.860691032,4.467848,11.714556,0.489014,0.300482,-1.020498,0.411336,-0.006655,0.042683,-0.144276
3546,97673.865634880,4.466172,11.719557,0.491008,0.302655,-1.010686,0.401576,-0.004390,0.044149,-0.144897
3547,97673.870578727,4.464486,11.724508,0.492955,0.303688,-0.997485,0.390812,-0.002126,0.045615,-0.145518
3548,97673.875522575,4.462798,11.729393,0.494850,0.303300,-0.981456,0.378943,0.000139,0.047080,-0.146139
3549,97673.880466423,4.461114,11.734199,0.496687,0.301381,-0.962964,0.366738,0.002403,0.048546,-0.146759
3550,97673.885410270,4.459442,11.738912,0.498464,0.297622,-0.943171,0.354700,0.002379,0.050243,-0.147541
3551,97673.890354118,4.457793,11.743528,0.500183,0.292088,-0.923581,0.342607,0.002355,0.051941,-0.148323
3552,97673.895297966,4.456174,11.748048,0.501843,0.284742,-0.905498,0.331124,0.002332,0.053639,-0.149104
3553,97673.900211296,4.454605,11.752452,0.503437,0.276102,-0.889542,0.320201,0.002308,0.055326,-0.149881
3554,97673.905155143,4.453071,11.756806,0.504987,0.266682,-0.875775,0.309273,0.002284,0.057024,-0.150663
3555,97673.910068473,4.451595,11.761066,0.506474,0.256400,-0.863969,0.298158,0.002260,0.058711,-0.151439
3556,97673.915012321,4.450162,11.765296,0.507915,0.245384,-0.853505,0.286272,0.002236,0.060408,-0.152221
3557,97673.919956169,4.448785,11.769476,0.509297,0.233807,-0.843991,0.273320,0.002212,0.062106,-0.153003
3558,97673.924869499,4.447475,11.773586,0.510607,0.221957,-0.835379,0.258950,0.002188,0.063793,-0.153779
3559,97673.929843864,4.446208,11.777705,0.511861,0.209629,-0.826819,0.242806,0.002164,0.065501,-0.154566
3560,97673.934818229,4.445003,11.781783,0.513034,0.196993,-0.818183,0.224878,0.002140,0.067210,-0.155352
3561,97673.939731559,4.443875,11.785771,0.514105,0.184706,-0.809350,0.205458,0.002116,0.068897,-0.156129
3562,97673.944644889,4.442809,11.789717,0.515080,0.173208,-0.799773,0.184908,0.002093,0.070584,-0.156906
3563,97673.949588737,4.441793,11.793641,0.515959,0.163015,-0.789166,0.163241,0.002069,0.072282,-0.157687
3564,97673.954532585,4.440828,11.797513,0.516731,0.154137,-0.778368,0.139976,0.002045,0.073979,-0.158469
3565,97673.959476432,4.439908,11.801333,0.517387,0.147118,-0.767488,0.115305,0.002021,0.075677,-0.159251
3566,97673.964389763,4.439028,11.805075,0.517919,0.141898,-0.756877,0.089732,0.001997,0.077364,-0.160027
3567,97673.969333610,4.438169,11.808788,0.518328,0.138724,-0.746438,0.062806,0.001973,0.079062,-0.160809
3568,97673.974277458,4.437326,11.812449,0.518604,0.137527,-0.736357,0.034777,0.001949,0.080759,-0.161591
3569,97673.979221305,4.436490,11.816058,0.518742,0.138213,-0.726564,0.005971,0.001925,0.082457,-0.162372
3570,97673.984165153,4.435649,11.819616,0.518738,0.140612,-0.717405,-0.023351,0.001901,0.084155,-0.163154
3571,97673.989078483,4.434803,11.823106,0.518591,0.144571,-0.709342,-0.052714,0.001878,0.085842,-0.163931
3572,97673.994022331,4.433931,11.826574,0.518299,0.149681,-0.701825,-0.082355,0.001854,0.087540,-0.164712
3573,97673.998966179,4.433033,11.830003,0.517861,0.155572,-0.694849,-0.111655,0.001830,0.089237,-0.165494
3574,97674.003910026,4.432106,11.833394,0.517279,0.161817,-0.688419,-0.140351,0.001806,0.090935,-0.166276
3575,97674.008853874,4.431147,11.836750,0.516556,0.168073,-0.682759,-0.167718,0.001782,0.092633,-0.167057
3576,97674.013767204,4.430163,11.840054,0.515704,0.174212,-0.678060,-0.192468,0.001758,0.094320,-0.167834
3577,97674.018711052,4.429141,11.843353,0.514725,0.179726,-0.674414,-0.214633,0.001734,0.096017,-0.168616
3578,97674.023624382,4.428098,11.846611,0.513644,0.184280,-0.671894,-0.234036,0.001710,0.097705,-0.169392
3579,97674.028568229,4.427025,11.849875,0.512461,0.187900,-0.670182,-0.250344,0.001686,0.099402,-0.170174
3580,97674.033542595,4.425927,11.853149,0.511189,0.190921,-0.669460,-0.262638,0.001662,0.101110,-0.170960
3581,97674.038486442,4.424820,11.856397,0.509865,0.194554,-0.670319,-0.269816,0.001638,0.102808,-0.171742
3582,97674.043399772,4.423701,11.859628,0.508514,0.199166,-0.673224,-0.270915,0.001615,0.104495,-0.172519
3583,97674.048343620,4.422552,11.862893,0.507150,0.205078,-0.678548,-0.265906,0.001591,0.106193,-0.173300
3584,97674.053287468,4.421372,11.866183,0.505810,0.214436,-0.687392,-0.255672,0.001567,0.107891,-0.174082
3585,97674.058231315,4.420146,11.869515,0.504521,0.228015,-0.699643,-0.242210,0.001543,0.109588,-0.174864
3586,97674.063175163,4.418850,11.872906,0.503299,0.245866,-0.714288,-0.228029,0.001519,0.111286,-0.175645
3587,97674.068088493,4.417473,11.876345,0.502154,0.267627,-0.729876,-0.215209,0.001495,0.112973,-0.176422
3588,97674.073032341,4.415977,11.879878,0.501067,0.293053,-0.745106,-0.204573,0.001471,0.114671,-0.177204
3589,97674.077976188,4.414353,11.883481,0.500033,0.321074,-0.759493,-0.196252,0.001447,0.116368,-0.177985
3590,97674.082920036,4.412589,11.887150,0.499041,0.350952,-0.772078,-0.191236,0.001423,0.118066,-0.178767
3591,97674.087863884,4.410674,11.890875,0.498076,0.382092,-0.782506,-0.189396,0.001399,0.119764,-0.179548
3592,97674.092807731,4.408603,11.894645,0.497121,0.414109,-0.790597,-0.189278,0.001375,0.121461,-0.180330
3593,97674.097721061,4.406387,11.898425,0.496175,0.445666,-0.797784,-0.188980,0.001352,0.123149,-0.181107
3594,97674.102664909,4.403999,11.902257,0.495226,0.475958,-0.805055,-0.187257,0.001328,0.124846,-0.181888
3595,97674.107608757,4.401460,11.906118,0.494288,0.504283,-0.812754,-0.182989,0.001304,0.126544,-0.182670
3596,97674.112552604,4.398780,11.910011,0.493372,0.529377,-0.821863,-0.174981,0.001280,0.128242,-0.183452
3597,97674.117496452,4.395974,11.913944,0.492497,0.550394,-0.833312,-0.161924,0.001256,0.129939,-0.184233
3598,97674.122440300,4.393063,11.917930,0.491688,0.567660,-0.847587,-0.143527,0.001232,0.131637,-0.185015
3599,97674.127384147,4.390065,11.921984,0.490970,0.582112,-0.864457,-0.120301,0.001208,0.133335,-0.185796
3600,97674.132327995,4.386994,11.926120,0.490367,0.594699,-0.883189,-0.093736,0.000093,0.133368,-0.185225
3601,97674.137271843,4.383858,11.930347,0.489895,0.606579,-0.903184,-0.065877,-0.001023,0.133402,-0.184654
3602,97674.142215690,4.380662,11.934673,0.489560,0.618636,-0.923221,-0.039155,-0.002138,0.133436,-0.184083
3603,97674.147159538,4.377403,11.939096,0.489358,0.631702,-0.942537,-0.015723,-0.003253,0.133470,-0.183512
3604,97674.152103386,4.374078,11.943613,0.489271,0.645859,-0.960435,0.002459,-0.004368,0.133504,-0.182941
3605,97674.157016716,4.370700,11.948188,0.489273,0.660770,-0.976368,0.014222,-0.005477,0.133537,-0.182373
3606,97674.161960563,4.367226,11.952868,0.489334,0.676383,-0.990663,0.019185,-0.006592,0.133571,-0.181802
3607,97674.166904411,4.363672,11.957615,0.489420,0.692709,-1.003081,0.017527,-0.007707,0.133605,-0.181231
3608,97674.171848259,4.360034,11.962421,0.489498,0.708970,-1.012884,0.009493,-0.008823,0.133639,-0.180660
3609,97674.176761589,4.356336,11.967240,0.489537,0.724405,-1.020091,-0.003525,-0.009931,0.133672,-0.180093
3610,97674.181705436,4.352537,11.972121,0.489512,0.738318,-1.024201,-0.019705,-0.011046,0.133706,-0.179522
3611,97674.186649284,4.348666,11.977018,0.489408,0.750318,-1.024369,-0.037797,-0.012162,0.133740,-0.178950
3612,97674.191593132,4.344736,11.981913,0.489216,0.760500,-1.019015,-0.057758,-0.013277,0.133774,-0.178379
3613,97674.196536979,4.340754,11.986777,0.488926,0.769264,-1.007654,-0.079461,-0.014392,0.133808,-0.177808
3614,97674.201480827,4.336731,11.991582,0.488530,0.777254,-0.990345,-0.102179,-0.016279,0.132630,-0.175931
3615,97674.206394157,4.332695,11.996269,0.488027,0.784707,-0.968191,-0.123979,-0.018154,0.131460,-0.174066
3616,97674.211338005,4.328600,12.000873,0.487414,0.790186,-0.942400,-0.141389,-0.020041,0.130283,-0.172189
3617,97674.216281852,4.324483,12.005347,0.486718,0.791945,-0.915329,-0.149853,-0.021928,0.129106,-0.170312
3618,97674.221225700,4.320362,12.009687,0.485981,0.789545,-0.889436,-0.145038,-0.023815,0.127928,-0.168435
3619,97674.226169548,4.316259,12.013900,0.485270,0.783795,-0.865382,-0.123018,-0.025702,0.126751,-0.166558
3620,97674.231113395,4.312191,12.017996,0.484668,0.775261,-0.842850,-0.079824,-0.027589,0.125574,-0.164681
3621,97674.236026725,4.308199,12.021961,0.484283,0.764024,-0.823008,-0.030152,-0.029464,0.124404,-0.162815
3622,97674.241001091,4.304220,12.025883,0.484141,0.750696,-0.802471,0.020257,-0.031363,0.123219,-0.160927
3623,97674.245944938,4.300340,12.029685,0.484249,0.736931,-0.776557,0.069547,-0.033250,0.122042,-0.159050
3624,97674.250888786,4.296537,12.033365,0.484601,0.725221,-0.742468,0.117940,-0.035137,0.120864,-0.157172
3625,97674.255802116,4.292825,12.036860,0.485190,0.716879,-0.702600,0.165203,-0.037012,0.119694,-0.155307
3626,97674.260745964,4.289144,12.040186,0.486018,0.714304,-0.661771,0.209515,-0.038899,0.118517,-0.153430
3627,97674.265689811,4.285487,12.043313,0.487067,0.719002,-0.626656,0.229262,-0.040786,0.117339,-0.151553
3628,97674.270633659,4.281817,12.046266,0.488216,0.733396,-0.600962,0.218988,-0.042673,0.116162,-0.149676
3629,97674.275577507,4.278080,12.049089,0.489317,0.755627,-0.583713,0.186329,-0.044560,0.114985,-0.147799
3630,97674.280490837,4.274259,12.051804,0.490253,0.779927,-0.570501,0.136441,-0.046435,0.113815,-0.145933
3631,97674.285404167,4.270317,12.054444,0.490947,0.802161,-0.556961,0.072130,-0.048311,0.112645,-0.144068
3632,97674.290348014,4.266240,12.057026,0.491330,0.817755,-0.540366,0.000773,-0.050197,0.111467,-0.142191
3633,97674.295291862,4.262084,12.059518,0.491362,0.824318,-0.519982,-0.066466,-0.052084,0.110290,-0.140314
3634,97674.300235710,4.257895,12.061903,0.491064,0.821596,-0.496200,-0.120518,-0.053971,0.109113,-0.138437
3635,97674.305149040,4.253747,12.064154,0.490503,0.808741,-0.470946,-0.157130,-0.055847,0.107942,-0.136571
3636,97674.310092888,4.249639,12.066295,0.489758,0.783733,-0.445292,-0.178181,-0.057734,0.106765,-0.134694
3637,97674.315036735,4.245659,12.068314,0.488909,0.745237,-0.420458,-0.185340,-0.059621,0.105588,-0.132817
3638,97674.319950065,4.241898,12.070206,0.488029,0.692133,-0.396815,-0.180729,-0.061496,0.104418,-0.130952
3639,97674.324893913,4.238380,12.072004,0.487163,0.624504,-0.375665,-0.165551,-0.063383,0.103240,-0.129075
3640,97674.329837761,4.235203,12.073714,0.486369,0.546806,-0.360873,-0.141040,-0.065270,0.102063,-0.127198
3641,97674.334720573,4.232448,12.075348,0.485699,0.466449,-0.356592,-0.111689,-0.067133,0.100900,-0.125344
3642,97674.339694938,4.230044,12.077012,0.485157,0.389959,-0.363875,-0.082356,-0.069032,0.099716,-0.123455
3643,97674.344638786,4.228033,12.078719,0.484757,0.327213,-0.382092,-0.058154,-0.070919,0.098538,-0.121578
3644,97674.349582634,4.226330,12.080532,0.484471,0.282299,-0.408381,-0.041880,-0.072806,0.097361,-0.119701
3645,97674.354526481,4.224844,12.082485,0.484261,0.255201,-0.438330,-0.034316,-0.074693,0.096184,-0.117824
3646,97674.359439811,4.223495,12.084579,0.484085,0.243567,-0.467358,-0.034591,-0.076568,0.095013,-0.115959
3647,97674.364383659,4.222188,12.086833,0.483904,0.245126,-0.491723,-0.041161,-0.078455,0.093836,-0.114082
3648,97674.369327507,4.220867,12.089205,0.483690,0.257644,-0.506215,-0.051452,-0.080342,0.092659,-0.112205
3649,97674.374271354,4.219481,12.091646,0.483424,0.277989,-0.508633,-0.062774,-0.082229,0.091481,-0.110328
3650,97674.379184684,4.218003,12.094079,0.483106,0.303421,-0.499886,-0.072466,-0.084113,0.089319,-0.108410
3651,97674.384128532,4.216390,12.096478,0.482740,0.331477,-0.482561,-0.079108,-0.086010,0.087143,-0.106481
3652,97674.389072380,4.214643,12.098784,0.482345,0.359003,-0.459613,-0.082868,-0.087906,0.084967,-0.104552
3653,97674.394016227,4.212764,12.100971,0.481935,0.383375,-0.434686,-0.084569,-0.089802,0.082791,-0.102622
3654,97674.398960075,4.210770,12.103030,0.481519,0.402542,-0.410353,-0.084585,-0.091698,0.080615,-0.100693
3655,97674.403873405,4.208700,12.104952,0.481109,0.416293,-0.388214,-0.084164,-0.093583,0.078452,-0.098776
3656,97674.408817253,4.206554,12.106774,0.480701,0.425730,-0.369403,-0.084618,-0.095479,0.076276,-0.096846
3657,97674.413761100,4.204365,12.108501,0.480292,0.431780,-0.354606,-0.085933,-0.097375,0.074100,-0.094917
3658,97674.418704948,4.202149,12.110153,0.479878,0.436085,-0.343859,-0.087474,-0.099271,0.071924,-0.092988
3659,97674.423618278,4.199928,12.111742,0.479460,0.439689,-0.336685,-0.089012,-0.101156,0.069762,-0.091070
3660,97674.428592643,4.197663,12.113313,0.479030,0.443087,-0.332319,-0.090675,-0.103064,0.067572,-0.089129
3661,97674.433536491,4.195396,12.114853,0.478595,0.446034,-0.329790,-0.092410,-0.104960,0.065396,-0.087200
3662,97674.438480339,4.193115,12.116379,0.478152,0.448136,-0.328715,-0.094231,-0.106856,0.063220,-0.085270
3663,97674.443424186,4.190824,12.117900,0.477699,0.448950,-0.328892,-0.096318,-0.108752,0.061044,-0.083341
3664,97674.448368034,4.188529,12.119421,0.477237,0.449105,-0.330421,-0.098874,-0.110649,0.058868,-0.081412
3665,97674.453311882,4.186232,12.120949,0.476762,0.449413,-0.333120,-0.101986,-0.112545,0.056692,-0.079482
3666,97674.458225212,4.183947,12.122481,0.476274,0.450182,-0.336679,-0.105621,-0.114429,0.054530,-0.077565
3667,97674.463169059,4.181643,12.124040,0.475766,0.451831,-0.340142,-0.109280,-0.116325,0.052354,-0.075636
3668,97674.468112907,4.179330,12.125615,0.475239,0.454513,-0.343052,-0.112385,-0.118222,0.050178,-0.073706
3669,97674.473056755,4.177002,12.127204,0.474696,0.457540,-0.344449,-0.114941,-0.120118,0.048002,-0.071777
3670,97674.478000602,4.174660,12.128799,0.474142,0.460316,-0.344483,-0.117416,-0.122014,0.045826,-0.069848
3671,97674.482913932,4.172318,12.130383,0.473578,0.463042,-0.344139,-0.119723,-0.123899,0.043663,-0.067930
3672,97674.487857780,4.169948,12.131975,0.473000,0.465367,-0.344286,-0.121916,-0.125795,0.041487,-0.066001
3673,97674.492801628,4.167566,12.133567,0.472412,0.467016,-0.345265,-0.124183,-0.127691,0.039311,-0.064072
3674,97674.497745475,4.165175,12.135163,0.471812,0.468083,-0.347746,-0.126695,-0.129587,0.037135,-0.062142
3675,97674.502689323,4.162779,12.136771,0.471200,0.468704,-0.351883,-0.129010,-0.131483,0.034959,-0.060213
3676,97674.507633171,4.160379,12.138399,0.470576,0.468895,-0.358155,-0.131890,-0.133380,0.032783,-0.058284
3677,97674.512577018,4.157976,12.140059,0.469937,0.468604,-0.366685,-0.135608,-0.135276,0.030607,-0.056354
3678,97674.517490348,4.155587,12.141749,0.469284,0.468270,-0.376561,-0.138998,-0.137160,0.028445,-0.054437
3679,97674.522434196,4.153183,12.143499,0.468609,0.467819,-0.387409,-0.141915,-0.139056,0.026269,-0.052508
3680,97674.527378044,4.150778,12.145302,0.467919,0.467252,-0.398541,-0.144133,-0.140953,0.024093,-0.050578
3681,97674.532321891,4.148373,12.147160,0.467218,0.466842,-0.409569,-0.144975,-0.142849,0.021917,-0.048649
3682,97674.537235221,4.145983,12.149061,0.466516,0.467218,-0.420072,-0.144811,-0.144733,0.019754,-0.046731
3683,97674.542179069,4.143574,12.151025,0.465810,0.468816,-0.429801,-0.144331,-0.146630,0.017578,-0.044802
3684,97674.547122917,4.141155,12.153037,0.465105,0.471966,-0.438244,-0.144124,-0.148526,0.015402,-0.042873
3685,97674.552066764,4.138719,12.155090,0.464402,0.476883,-0.445343,-0.144434,-0.150422,0.013226,-0.040944
3686,97674.557010612,4.136257,12.157177,0.463697,0.483718,-0.451252,-0.144977,-0.152318,0.011050,-0.039014
3687,97674.561923942,4.133775,12.159279,0.462993,0.492146,-0.456082,-0.145654,-0.154203,0.008888,-0.037097
3688,97674.566867790,4.131235,12.161416,0.462283,0.501586,-0.459885,-0.146523,-0.156099,0.006712,-0.035167
3689,97674.571811638,4.128647,12.163569,0.461568,0.511449,-0.462607,-0.147614,-0.157995,0.004536,-0.033238
3690,97674.576755485,4.126010,12.165734,0.460849,0.521054,-0.464013,-0.148796,-0.159891,0.002360,-0.031309
3691,97674.581699333,4.123325,12.167903,0.460124,0.530307,-0.464213,-0.149549,-0.161788,0.000184,-0.029379
3692,97674.586612663,4.120612,12.170058,0.459401,0.538469,-0.464108,-0.149419,-0.163672,-0.001979,-0.027462
3693,97674.591556511,4.117841,12.172224,0.458675,0.545589,-0.463865,-0.148422,-0.165568,-0.004155,-0.025533
3694,97674.596500358,4.115035,12.174388,0.457954,0.551918,-0.463315,-0.147565,-0.167464,-0.006331,-0.023603
3695,97674.601444206,4.112198,12.176547,0.457238,0.558356,-0.463176,-0.146616,-0.169361,-0.008507,-0.021674
3696,97674.606388054,4.109329,12.178705,0.456527,0.565700,-0.464255,-0.144380,-0.171257,-0.010683,-0.019745
3697,97674.611301384,4.106442,12.180853,0.455832,0.573857,-0.467419,-0.141876,-0.173141,-0.012845,-0.017827
3698,97674.616245231,4.103497,12.183028,0.455145,0.582089,-0.473094,-0.142315,-0.175038,-0.015021,-0.015898
3699,97674.621189079,4.100509,12.185230,0.454457,0.590466,-0.481235,-0.145946,-0.176934,-0.017197,-0.013969
3700,97674.626102409,4.097497,12.187455,0.453755,0.598722,-0.492208,-0.149991,-0.176698,-0.017293,-0.014374
3701,97674.631076774,4.094403,12.189761,0.453024,0.606570,-0.505773,-0.152651,-0.176460,-0.017390,-0.014785
3702,97674.636020622,4.091287,12.192118,0.452285,0.613549,-0.520947,-0.152109,-0.176223,-0.017487,-0.015193
3703,97674.640964470,4.088132,12.194549,0.451547,0.619767,-0.537766,-0.147886,-0.175987,-0.017583,-0.015601
3704,97674.645877800,4.084964,12.197046,0.450834,0.626186,-0.556092,-0.140944,-0.175751,-0.017679,-0.016007
3705,97674.650821647,4.081741,12.199648,0.450151,0.633518,-0.575993,-0.133730,-0.175514,-0.017776,-0.016415
3706,97674.655765495,4.078477,12.202347,0.449503,0.642348,-0.597029,-0.127697,-0.175278,-0.017872,-0.016823
3707,97674.660709343,4.075166,12.205148,0.448883,0.652595,-0.618150,-0.122847,-0.175041,-0.017969,-0.017232
3708,97674.665653190,4.071800,12.208052,0.448288,0.663614,-0.638404,-0.118520,-0.174804,-0.018065,-0.017640
3709,97674.670566520,4.068397,12.211035,0.447717,0.674340,-0.656882,-0.114178,-0.174569,-0.018161,-0.018046
3710,97674.675510368,4.064915,12.214126,0.447163,0.684542,-0.673895,-0.109273,-0.174332,-0.018258,-0.018454
3711,97674.680454216,4.061380,12.217300,0.446633,0.694032,-0.690135,-0.103333,-0.174095,-0.018354,-0.018862
3712,97674.685398063,4.057795,12.220551,0.446133,0.703336,-0.706173,-0.096142,-0.173858,-0.018451,-0.019270
3713,97674.690311393,4.054184,12.223860,0.445671,0.713119,-0.722129,-0.088148,-0.173623,-0.018547,-0.019676
3714,97674.695255241,4.050499,12.227266,0.445245,0.723882,-0.737658,-0.080143,-0.173386,-0.018643,-0.020084
3715,97674.700199089,4.046758,12.230748,0.444858,0.735608,-0.752715,-0.072614,-0.173149,-0.018740,-0.020492
3716,97674.705142936,4.042956,12.234301,0.444509,0.748306,-0.767868,-0.064845,-0.172912,-0.018836,-0.020900
3717,97674.710086784,4.039089,12.237928,0.444198,0.761924,-0.783307,-0.056291,-0.172676,-0.018933,-0.021308
3718,97674.715030632,4.035152,12.241628,0.443930,0.776084,-0.799033,-0.047568,-0.172439,-0.019029,-0.021717
3719,97674.719943962,4.031167,12.245380,0.443706,0.790416,-0.814391,-0.039402,-0.172203,-0.019125,-0.022122
3720,97674.724887809,4.027084,12.249228,0.443521,0.805375,-0.829597,-0.031614,-0.171967,-0.019222,-0.022531
3721,97674.729831657,4.022924,12.253149,0.443375,0.821392,-0.843965,-0.023263,-0.171730,-0.019318,-0.022939
3722,97674.734744987,4.018709,12.257113,0.443271,0.838603,-0.857262,-0.013549,-0.171495,-0.019414,-0.023344
3723,97674.739688835,4.014380,12.261165,0.443215,0.856974,-0.869823,-0.002575,-0.171258,-0.019511,-0.023753
3724,97674.744632682,4.009958,12.265275,0.443214,0.876332,-0.881020,0.009333,-0.171021,-0.019607,-0.024161
3725,97674.749546013,4.005468,12.269411,0.443273,0.896815,-0.890326,0.021674,-0.170786,-0.019703,-0.024566
3726,97674.754489860,4.000847,12.273616,0.443393,0.918487,-0.898126,0.034033,-0.170549,-0.019800,-0.024975
3727,97674.759433708,3.996118,12.277854,0.443576,0.941021,-0.905086,0.046545,-0.170312,-0.019896,-0.025383
3728,97674.764377555,3.991277,12.282124,0.443822,0.963985,-0.911886,0.059341,-0.170075,-0.019993,-0.025791
3729,97674.769290886,3.986353,12.286396,0.444130,0.986768,-0.918829,0.072710,-0.169840,-0.020089,-0.026197
3730,97674.774234733,3.981286,12.290725,0.444508,1.008964,-0.925842,0.087043,-0.169603,-0.020185,-0.026605
3731,97674.779178581,3.976108,12.295084,0.444958,1.029780,-0.932821,0.101934,-0.169366,-0.020282,-0.027013
3732,97674.784122429,3.970827,12.299475,0.445482,1.049550,-0.939775,0.118084,-0.169129,-0.020378,-0.027421
3733,97674.789066276,3.965448,12.303896,0.446088,1.068263,-0.946736,0.136619,-0.168893,-0.020475,-0.027829
3734,97674.793979606,3.960010,12.308322,0.446782,1.085690,-0.953730,0.156808,-0.168657,-0.020571,-0.028235
3735,97674.798923454,3.954452,12.312807,0.447580,1.101755,-0.960506,0.177395,-0.168420,-0.020667,-0.028643
3736,97674.803867302,3.948815,12.317323,0.448482,1.115473,-0.965859,0.197415,-0.168184,-0.020764,-0.029051
3737,97674.808811149,3.943110,12.321865,0.449483,1.126153,-0.968401,0.216448,-0.167947,-0.020860,-0.029460
3738,97674.813754997,3.937354,12.326417,0.450578,1.134221,-0.968438,0.233730,-0.167710,-0.020957,-0.029868
3739,97674.818668327,3.931595,12.330941,0.451753,1.140641,-0.966886,0.248028,-0.167475,-0.021053,-0.030273
3740,97674.823642692,3.925733,12.335513,0.453013,1.146373,-0.963860,0.259349,-0.167236,-0.021150,-0.030684
3741,97674.828586540,3.919881,12.340042,0.454323,1.152820,-0.959823,0.269368,-0.167000,-0.021246,-0.031092
3742,97674.833530388,3.913998,12.344549,0.455682,1.161130,-0.955506,0.279963,-0.166763,-0.021343,-0.031501
3743,97674.838474235,3.908076,12.349035,0.457095,1.171498,-0.950625,0.291801,-0.166526,-0.021439,-0.031909
3744,97674.848361930,3.896134,12.357954,0.460041,1.192134,-0.937495,0.315659,-0.166052,-0.021632,-0.032725
3745,97674.853275261,3.890103,12.362319,0.461624,1.193724,-0.925397,0.332008,-0.165817,-0.021728,-0.033131
3746,97674.858219108,3.884030,12.366652,0.463298,1.188671,-0.909289,0.350721,-0.165580,-0.021825,-0.033539
3747,97674.863162956,3.877988,12.370907,0.465066,1.176581,-0.890904,0.370247,-0.165343,-0.021921,-0.033947
3748,97674.868106804,3.872010,12.375076,0.466930,1.158732,-0.870296,0.391011,-0.165107,-0.022018,-0.034355
3749,97674.873020134,3.866163,12.379123,0.468884,1.136777,-0.847855,0.411565,-0.164871,-0.022114,-0.034761
3750,97674.877963981,3.860394,12.383090,0.470953,1.112109,-0.824416,0.430783,-0.163642,-0.022195,-0.033703
3751,97674.882907829,3.854753,12.386948,0.473115,1.087054,-0.801225,0.447728,-0.162412,-0.022276,-0.032645
3752,97674.887851677,3.849243,12.390698,0.475361,1.063203,-0.778927,0.462665,-0.161182,-0.022356,-0.031587
3753,97674.892795524,3.843856,12.394344,0.477681,1.041581,-0.758306,0.476598,-0.160004,-0.022572,-0.031355
3754,97674.897708854,3.838614,12.397872,0.480054,1.022676,-0.740245,0.490219,-0.158834,-0.022785,-0.031125
3755,97674.902652702,3.833438,12.401337,0.482508,1.006213,-0.724514,0.503830,-0.157656,-0.023001,-0.030893
3756,97674.907596550,3.828347,12.404729,0.485030,0.991450,-0.711071,0.516405,-0.156478,-0.023216,-0.030661
3757,97674.912540397,3.823333,12.408059,0.487614,0.978172,-0.700164,0.527319,-0.155300,-0.023431,-0.030429
3758,97674.917484245,3.818388,12.411339,0.490251,0.966105,-0.691848,0.536039,-0.154122,-0.023646,-0.030197
3759,97674.922428093,3.813505,12.414580,0.492931,0.955807,-0.686025,0.541736,-0.152945,-0.023861,-0.029965
3760,97674.927371940,3.808674,12.417795,0.495639,0.948206,-0.682958,0.544770,-0.151767,-0.024076,-0.029733
3761,97674.932315788,3.803882,12.420998,0.498361,0.943844,-0.682833,0.545245,-0.150589,-0.024291,-0.029501
3762,97674.937259636,3.799112,12.424200,0.501086,0.942568,-0.684129,0.544149,-0.149411,-0.024506,-0.029269
3763,97674.942142448,3.794406,12.427369,0.503771,0.944244,-0.686387,0.542160,-0.148248,-0.024719,-0.029040
3764,97674.947086296,3.789632,12.430589,0.506480,0.948325,-0.690102,0.538941,-0.147070,-0.024934,-0.028808
3765,97674.952030143,3.784838,12.433826,0.509173,0.953444,-0.694624,0.534714,-0.145892,-0.025149,-0.028576
3766,97674.956943473,3.780046,12.437064,0.511829,0.957831,-0.698649,0.529823,-0.144721,-0.025363,-0.028345
3767,97674.966831169,3.770358,12.443617,0.517126,0.963094,-0.703509,0.518643,-0.142366,-0.025793,-0.027882
3768,97674.971744499,3.765516,12.446895,0.519703,0.960587,-0.701166,0.510744,-0.141195,-0.026007,-0.027651
3769,97674.976688346,3.760656,12.450182,0.522257,0.954691,-0.697264,0.501817,-0.140017,-0.026222,-0.027419
3770,97674.981632194,3.755826,12.453451,0.524767,0.945440,-0.692943,0.491558,-0.138839,-0.026437,-0.027187
3771,97674.986576042,3.751041,12.456700,0.527225,0.933058,-0.687597,0.480807,-0.137661,-0.026652,-0.026955
3772,97674.991519889,3.746318,12.459924,0.529630,0.918281,-0.681394,0.469886,-0.136483,-0.026868,-0.026723
3773,97674.996463737,3.741669,12.463120,0.531980,0.901704,-0.675444,0.458816,-0.135306,-0.027083,-0.026491
3774,97675.001377067,3.737130,12.466270,0.534260,0.884003,-0.670399,0.447455,-0.134135,-0.027297,-0.026261
3775,97675.006320915,3.732651,12.469418,0.536498,0.865498,-0.666794,0.435839,-0.132957,-0.027512,-0.026029
3776,97675.011264763,3.728263,12.472551,0.538676,0.847475,-0.665826,0.422902,-0.131779,-0.027727,-0.025797
3777,97675.016208610,3.723963,12.475683,0.540790,0.829720,-0.666614,0.408364,-0.130601,-0.027942,-0.025565
3778,97675.021152458,3.719750,12.478821,0.542830,0.812459,-0.668080,0.392295,-0.129424,-0.028157,-0.025333
3779,97675.026035270,3.715671,12.481930,0.544766,0.795987,-0.670359,0.374698,-0.128260,-0.028370,-0.025104
3780,97675.031009636,3.711597,12.485112,0.546648,0.779483,-0.673790,0.355013,-0.127075,-0.028586,-0.024871
3781,97675.035984001,3.707602,12.488313,0.548432,0.763963,-0.677570,0.333923,-0.125890,-0.028802,-0.024637
3782,97675.040897331,3.703729,12.491495,0.550088,0.749690,-0.681827,0.311503,-0.124719,-0.029016,-0.024407
3783,97675.045871696,3.699878,12.494740,0.551652,0.736643,-0.686083,0.287405,-0.123534,-0.029233,-0.024173
3784,97675.050815544,3.696111,12.497987,0.553087,0.724752,-0.689964,0.262338,-0.122356,-0.029448,-0.023941
3785,97675.055728874,3.692424,12.501234,0.554388,0.713585,-0.693700,0.235449,-0.121186,-0.029662,-0.023711
3786,97675.060672721,3.688766,12.504520,0.555563,0.703235,-0.696952,0.206489,-0.120008,-0.029877,-0.023479
3787,97675.065616569,3.685156,12.507823,0.556595,0.693859,-0.699302,0.176507,-0.118830,-0.030092,-0.023247
3788,97675.070560417,3.681590,12.511138,0.557477,0.685472,-0.700717,0.145657,-0.117652,-0.030307,-0.023015
3789,97675.075504264,3.678063,12.514459,0.558206,0.678084,-0.700919,0.114458,-0.116474,-0.030522,-0.022783
3790,97675.080448112,3.674570,12.517781,0.558780,0.671927,-0.700092,0.083153,-0.115296,-0.030737,-0.022551
3791,97675.085361442,3.671127,12.521078,0.559196,0.666869,-0.698354,0.052165,-0.114126,-0.030951,-0.022321
3792,97675.090305290,3.667685,12.524386,0.559462,0.662516,-0.695735,0.021449,-0.112948,-0.031166,-0.022089
3793,97675.095249138,3.664264,12.527680,0.559576,0.658713,-0.692546,-0.009256,-0.111770,-0.031381,-0.021857
3794,97675.100192985,3.660860,12.530957,0.559538,0.655097,-0.688520,-0.040144,-0.110592,-0.031596,-0.021625
3795,97675.105106315,3.657493,12.534193,0.559348,0.651691,-0.683256,-0.070877,-0.109422,-0.031810,-0.021394
3796,97675.110050163,3.654121,12.537422,0.559005,0.648455,-0.676844,-0.102296,-0.108244,-0.032025,-0.021162
3797,97675.114994011,3.650764,12.540618,0.558507,0.645252,-0.669161,-0.133731,-0.107066,-0.032241,-0.020930
3798,97675.119937858,3.647422,12.543775,0.557854,0.641827,-0.660637,-0.164527,-0.105888,-0.032456,-0.020698
3799,97675.124851188,3.644118,12.546869,0.557054,0.638385,-0.651725,-0.193356,-0.104717,-0.032669,-0.020468
3800,97675.129795036,3.640810,12.549937,0.556107,0.635027,-0.642506,-0.219992,-0.106043,-0.033439,-0.019586
3801,97675.134738884,3.637518,12.552959,0.555028,0.631348,-0.633222,-0.242834,-0.108493,-0.035041,-0.018128
3802,97675.139682731,3.634245,12.555935,0.553837,0.627345,-0.624565,-0.260922,-0.110943,-0.036643,-0.016671
3803,97675.144626579,3.630993,12.558867,0.552556,0.623528,-0.616288,-0.272528,-0.113393,-0.038245,-0.015214
3804,97675.149570427,3.627760,12.561759,0.551219,0.620622,-0.608132,-0.276203,-0.115843,-0.039846,-0.013756
3805,97675.154514274,3.624543,12.564610,0.549863,0.619553,-0.599983,-0.271226,-0.118293,-0.041448,-0.012299
3806,97675.159427604,3.621353,12.567405,0.548541,0.621357,-0.592006,-0.257830,-0.120728,-0.043040,-0.010850
3807,97675.164371452,3.618137,12.570178,0.547277,0.628295,-0.583858,-0.237959,-0.123178,-0.044642,-0.009393
3808,97675.174259147,3.611644,12.575643,0.544948,0.658372,-0.566057,-0.190153,-0.128078,-0.047845,-0.006478
3809,97675.179172477,3.608277,12.578268,0.544029,0.686890,-0.552478,-0.167367,-0.130513,-0.049437,-0.005030
3810,97675.184116325,3.604752,12.580837,0.543220,0.719094,-0.535258,-0.148815,-0.132964,-0.051039,-0.003572
3811,97675.189060173,3.601074,12.583315,0.542506,0.752950,-0.515574,-0.135580,-0.135414,-0.052641,-0.002115
3812,97675.194004020,3.597234,12.585690,0.541861,0.787190,-0.494256,-0.128324,-0.137864,-0.054243,-0.000657
3813,97675.198947868,3.593230,12.587953,0.541255,0.821455,-0.471004,-0.126916,-0.140314,-0.055845,0.000800
3814,97675.203891716,3.589061,12.590093,0.540661,0.855929,-0.446101,-0.130225,-0.142764,-0.057446,0.002257
3815,97675.208805046,3.584755,12.592090,0.540058,0.890478,-0.421422,-0.136261,-0.145199,-0.059038,0.003706
3816,97675.213748893,3.580256,12.593970,0.539425,0.925122,-0.399404,-0.142537,-0.147649,-0.060640,0.005163
3817,97675.218692741,3.575590,12.595734,0.538766,0.959091,-0.382507,-0.146487,-0.150099,-0.062242,0.006621
3818,97675.223606071,3.570790,12.597396,0.538094,0.991603,-0.373095,-0.145693,-0.152534,-0.063834,0.008069
3819,97675.228580436,3.565770,12.599024,0.537421,1.022074,-0.372222,-0.138608,-0.154999,-0.065445,0.009535
3820,97675.233524284,3.560632,12.600633,0.536790,1.049081,-0.379824,-0.124352,-0.157449,-0.067047,0.010993
3821,97675.238468132,3.555360,12.602274,0.536230,1.071550,-0.394301,-0.103402,-0.159899,-0.068649,0.012450
3822,97675.243411979,3.549975,12.603983,0.535775,1.089449,-0.413079,-0.077688,-0.162349,-0.070251,0.013908
3823,97675.248325309,3.544533,12.605771,0.535450,1.103439,-0.432916,-0.050261,-0.164784,-0.071843,0.015356
3824,97675.253269157,3.538986,12.607667,0.535257,1.114769,-0.452002,-0.023780,-0.167234,-0.073444,0.016813
3825,97675.258213005,3.533380,12.609657,0.535196,1.124439,-0.468314,-0.001660,-0.169684,-0.075046,0.018271
3826,97675.263126335,3.527760,12.611713,0.535243,1.133382,-0.481424,0.013958,-0.172119,-0.076638,0.019719
3827,97675.268070182,3.522059,12.613846,0.535367,1.142032,-0.491695,0.022021,-0.174569,-0.078240,0.021177
3828,97675.273014030,3.516314,12.616029,0.535532,1.150420,-0.499545,0.022235,-0.177020,-0.079842,0.022634
3829,97675.277957878,3.510526,12.618249,0.535697,1.158548,-0.505385,0.015870,-0.179470,-0.081444,0.024091
3830,97675.282901725,3.504696,12.620495,0.535831,1.166331,-0.509627,0.004806,-0.181920,-0.083045,0.025549
3831,97675.287815055,3.498861,12.622746,0.535911,1.172904,-0.512219,-0.009636,-0.184355,-0.084637,0.026997
3832,97675.292758903,3.492957,12.625021,0.535920,1.177365,-0.512694,-0.026930,-0.186805,-0.086239,0.028455
3833,97675.297702751,3.487029,12.627296,0.535844,1.179065,-0.510652,-0.046598,-0.189255,-0.087841,0.029912
3834,97675.302646598,3.481092,12.629560,0.535670,1.177831,-0.506051,-0.067719,-0.191705,-0.089443,0.031370
3835,97675.307590446,3.475160,12.631800,0.535393,1.173223,-0.498811,-0.089557,-0.194155,-0.091044,0.032827
3836,97675.312534294,3.469251,12.634004,0.535008,1.165677,-0.489480,-0.110050,-0.196605,-0.092646,0.034284
3837,97675.317447624,3.463417,12.636149,0.534524,1.155739,-0.479031,-0.125377,-0.199040,-0.094238,0.035733
3838,97675.322391471,3.457596,12.638257,0.533961,1.144535,-0.468204,-0.132537,-0.201490,-0.095840,0.037190
3839,97675.327335319,3.451832,12.640313,0.533363,1.132153,-0.457411,-0.127632,-0.203940,-0.097442,0.038648
3840,97675.332248649,3.446168,12.642307,0.532793,1.117778,-0.446820,-0.106931,-0.206375,-0.099034,0.040096
3841,97675.337161979,3.440577,12.644253,0.532324,1.100802,-0.435987,-0.066755,-0.208810,-0.100625,0.041544
3842,97675.342136345,3.435007,12.646175,0.532048,1.081510,-0.425616,-0.018180,-0.211275,-0.102237,0.043011
3843,97675.347080192,3.429573,12.648042,0.532013,1.059817,-0.415001,0.029930,-0.213725,-0.103839,0.044468
3844,97675.352024040,3.424251,12.649864,0.532215,1.032531,-0.398907,0.076897,-0.216175,-0.105441,0.045926
3845,97675.356967888,3.419070,12.651615,0.532648,1.000773,-0.375970,0.123101,-0.218626,-0.107043,0.047383
3846,97675.361911735,3.414055,12.653263,0.533308,0.969113,-0.349230,0.168926,-0.221076,-0.108644,0.048840
3847,97675.366825065,3.409235,12.654780,0.534189,0.946129,-0.321500,0.210150,-0.223511,-0.110236,0.050289
3848,97675.371768913,3.404508,12.656176,0.535279,0.937549,-0.295976,0.228301,-0.225961,-0.111838,0.051746
3849,97675.376712761,3.399830,12.657449,0.536459,0.943754,-0.273079,0.222493,-0.228411,-0.113440,0.053204
3850,97675.381656608,3.395125,12.658608,0.537613,0.959208,-0.252185,0.196544,-0.230731,-0.114159,0.053016
3851,97675.386600456,3.390348,12.659658,0.538640,0.975783,-0.232714,0.152041,-0.233052,-0.114878,0.052829
3852,97675.391513786,3.385519,12.660600,0.539445,0.985425,-0.212662,0.094714,-0.235358,-0.115593,0.052642
3853,97675.396457634,3.380613,12.661443,0.539974,0.984182,-0.189667,0.032350,-0.237678,-0.116312,0.052455
3854,97675.401401481,3.375714,12.662168,0.540196,0.971961,-0.163712,-0.026070,-0.239998,-0.117031,0.052268
3855,97675.406345329,3.370876,12.662765,0.540130,0.948972,-0.137728,-0.072084,-0.242319,-0.117750,0.052080
3856,97675.411289177,3.366154,12.663235,0.539836,0.914069,-0.116823,-0.101266,-0.244639,-0.118469,0.051893
3857,97675.416233024,3.361608,12.663608,0.539396,0.865293,-0.105054,-0.115055,-0.246960,-0.119188,0.051705
3858,97675.421146354,3.357330,12.663930,0.538888,0.803129,-0.103920,-0.117294,-0.249266,-0.119903,0.051519
3859,97675.426090202,3.353333,12.664262,0.538362,0.730801,-0.114186,-0.111376,-0.251586,-0.120622,0.051331
3860,97675.431034050,3.349691,12.664661,0.537859,0.657368,-0.137045,-0.098944,-0.253907,-0.121341,0.051144
3861,97675.435977897,3.346407,12.665189,0.537411,0.592559,-0.173064,-0.082970,-0.256227,-0.122060,0.050957
3862,97675.440921745,3.343437,12.665911,0.537034,0.542870,-0.218026,-0.067946,-0.258548,-0.122779,0.050769
3863,97675.445865593,3.340704,12.666866,0.536726,0.509977,-0.266158,-0.056853,-0.260868,-0.123498,0.050582
3864,97675.450809440,3.338124,12.668066,0.536467,0.491114,-0.311151,-0.051474,-0.263188,-0.124217,0.050394
3865,97675.455722770,3.335642,12.669485,0.536232,0.480713,-0.347114,-0.051731,-0.265494,-0.124932,0.050208
3866,97675.460666618,3.333189,12.671092,0.535991,0.474059,-0.371458,-0.056379,-0.267815,-0.125651,0.050020
3867,97675.465610466,3.330763,12.672820,0.535725,0.469142,-0.383405,-0.063381,-0.270135,-0.126370,0.049833
3868,97675.470523796,3.328373,12.674597,0.535426,0.465377,-0.383996,-0.070922,-0.272441,-0.127084,0.049647
3869,97675.475467643,3.325987,12.676388,0.535087,0.463425,-0.374597,-0.078135,-0.274762,-0.127803,0.049459
3870,97675.480411491,3.323611,12.678133,0.534713,0.463704,-0.356956,-0.084617,-0.277082,-0.128522,0.049272
3871,97675.485355339,3.321237,12.679790,0.534307,0.465902,-0.333717,-0.090263,-0.279403,-0.129242,0.049084
3872,97675.490299186,3.318857,12.681332,0.533876,0.469639,-0.307565,-0.095360,-0.281723,-0.129961,0.048897
3873,97675.495212516,3.316479,12.682734,0.533424,0.474490,-0.280955,-0.100642,-0.284029,-0.130675,0.048711
3874,97675.500156364,3.314068,12.684013,0.532945,0.478971,-0.255470,-0.106035,-0.286350,-0.131394,0.048523
3875,97675.505100212,3.311639,12.685164,0.532441,0.482670,-0.232634,-0.111218,-0.288670,-0.132113,0.048336
3876,97675.510044059,3.309197,12.686202,0.531913,0.485897,-0.212696,-0.116100,-0.290990,-0.132832,0.048148
3877,97675.514987907,3.306743,12.687140,0.531363,0.488139,-0.195869,-0.120237,-0.293311,-0.133552,0.047961
3878,97675.519931755,3.304281,12.687994,0.530793,0.489070,-0.182098,-0.123204,-0.295631,-0.134271,0.047773
3879,97675.524875602,3.301817,12.688779,0.530210,0.488018,-0.171439,-0.125396,-0.297952,-0.134990,0.047586
3880,97675.529819450,3.299361,12.689513,0.529616,0.485046,-0.164363,-0.127081,-0.300272,-0.135709,0.047398
3881,97675.534763298,3.296920,12.690211,0.529014,0.481384,-0.160952,-0.128414,-0.302592,-0.136428,0.047211
3882,97675.539707145,3.294499,12.690894,0.528405,0.478163,-0.160395,-0.129954,-0.304913,-0.137147,0.047024
3883,97675.544650993,3.292093,12.691574,0.527789,0.476014,-0.161689,-0.132293,-0.307233,-0.137866,0.046836
3884,97675.549594841,3.289698,12.692262,0.527161,0.475535,-0.163789,-0.135458,-0.309554,-0.138585,0.046649
3885,97675.554508171,3.287319,12.692955,0.526521,0.476241,-0.165935,-0.139480,-0.311860,-0.139300,0.046462
3886,97675.559421501,3.284936,12.693658,0.525861,0.478071,-0.167605,-0.144015,-0.314166,-0.140014,0.046276
3887,97675.564365348,3.282528,12.694373,0.525174,0.480289,-0.168171,-0.148793,-0.316486,-0.140733,0.046089
3888,97675.569309196,3.280109,12.695090,0.524465,0.482833,-0.167589,-0.153536,-0.318807,-0.141452,0.045901
3889,97675.574222526,3.277692,12.695800,0.523736,0.485300,-0.165979,-0.158069,-0.321113,-0.142167,0.045715
3890,97675.579166374,3.275248,12.696504,0.522981,0.487851,-0.163584,-0.162692,-0.323433,-0.142886,0.045527
3891,97675.584110221,3.272791,12.697196,0.522203,0.490499,-0.161026,-0.167430,-0.325754,-0.143605,0.045340
3892,97675.589054069,3.270322,12.697875,0.521402,0.493308,-0.158860,-0.172238,-0.327876,-0.143011,0.045059
3893,97675.593997917,3.267839,12.698542,0.520578,0.496192,-0.157907,-0.177278,-0.329997,-0.142417,0.044778
3894,97675.598941764,3.265341,12.699203,0.519729,0.499473,-0.158672,-0.182898,-0.332119,-0.141823,0.044497
3895,97675.603855095,3.262843,12.699863,0.518858,0.502938,-0.161060,-0.188742,-0.334228,-0.141233,0.044217
3896,97675.608798942,3.260310,12.700538,0.517953,0.506909,-0.164602,-0.194460,-0.336350,-0.140639,0.043936
3897,97675.613742790,3.257757,12.701229,0.517020,0.511127,-0.169316,-0.200405,-0.338471,-0.140045,0.043655
3898,97675.618686638,3.255182,12.701942,0.516057,0.515341,-0.175116,-0.206362,-0.340593,-0.139451,0.043374
3899,97675.623599968,3.252600,12.702677,0.515071,0.519490,-0.181258,-0.212109,-0.342702,-0.138861,0.043095
3900,97675.628543815,3.249980,12.703447,0.514050,0.523828,-0.187456,-0.217526,-0.342077,-0.139298,0.042247
3901,97675.633487663,3.247337,12.704245,0.513003,0.528404,-0.193052,-0.222603,-0.341453,-0.139735,0.041398
3902,97675.638431511,3.244669,12.705070,0.511930,0.533171,-0.198006,-0.226740,-0.340828,-0.140173,0.040550
3903,97675.643375358,3.241977,12.705919,0.510837,0.538242,-0.201831,-0.229819,-0.340203,-0.140610,0.039701
3904,97675.648319206,3.239258,12.706784,0.509729,0.543798,-0.203837,-0.232049,-0.339579,-0.141047,0.038853
3905,97675.653263054,3.236512,12.707659,0.508611,0.549902,-0.203807,-0.233923,-0.338954,-0.141484,0.038004
3906,97675.658176384,3.233752,12.708526,0.507490,0.556774,-0.202638,-0.235841,-0.338333,-0.141919,0.037161
3907,97675.663120231,3.230942,12.709392,0.506353,0.564843,-0.201235,-0.238088,-0.337709,-0.142356,0.036313
3908,97675.668064079,3.228091,12.710248,0.505207,0.573799,-0.200329,-0.239537,-0.337084,-0.142793,0.035464
3909,97675.673007927,3.225197,12.711098,0.504053,0.583665,-0.200217,-0.239468,-0.336459,-0.143231,0.034616
3910,97675.677951774,3.222254,12.711946,0.502901,0.594007,-0.200769,-0.238841,-0.335835,-0.143668,0.033767
3911,97675.682865104,3.219278,12.712788,0.501760,0.604621,-0.201833,-0.238494,-0.335214,-0.144102,0.032924
3912,97675.687808952,3.216231,12.713639,0.500614,0.615471,-0.203496,-0.238522,-0.334589,-0.144540,0.032076
3913,97675.692752800,3.213130,12.714496,0.499468,0.626555,-0.205843,-0.239337,-0.333965,-0.144977,0.031227
3914,97675.697696647,3.209974,12.715362,0.498319,0.637817,-0.208146,-0.241466,-0.333340,-0.145414,0.030379
3915,97675.702609977,3.206782,12.716231,0.497168,0.648739,-0.209679,-0.244741,-0.332719,-0.145849,0.029536
3916,97675.707553825,3.203515,12.717111,0.495994,0.658913,-0.211017,-0.248451,-0.332094,-0.146286,0.028687
3917,97675.712497673,3.200197,12.717995,0.494802,0.667904,-0.212730,-0.251565,-0.331470,-0.146723,0.027839
3918,97675.717441520,3.196834,12.718885,0.493596,0.676181,-0.215359,-0.252449,-0.330845,-0.147160,0.026990
3919,97675.722385368,3.193430,12.719786,0.492385,0.684716,-0.220077,-0.250411,-0.330221,-0.147598,0.026142
3920,97675.727329216,3.189983,12.720709,0.491185,0.693998,-0.226857,-0.246481,-0.329596,-0.148035,0.025293
3921,97675.732273063,3.186488,12.721664,0.490005,0.704798,-0.234968,-0.241683,-0.328971,-0.148472,0.024445
3922,97675.737216911,3.182939,12.722657,0.488849,0.716958,-0.244115,-0.236780,-0.328347,-0.148909,0.023597
3923,97675.742160759,3.179329,12.723692,0.487717,0.730074,-0.254958,-0.231995,-0.327722,-0.149347,0.022748
3924,97675.747074089,3.175674,12.724772,0.486616,0.744163,-0.267582,-0.226649,-0.327101,-0.149781,0.021905
3925,97675.751987419,3.171947,12.725911,0.485542,0.758294,-0.281983,-0.220204,-0.326480,-0.150216,0.021062
3926,97675.756931266,3.168125,12.727126,0.484493,0.771719,-0.297841,-0.212033,-0.325856,-0.150653,0.020213
3927,97675.761844596,3.164258,12.728408,0.483490,0.784163,-0.314356,-0.202118,-0.325235,-0.151087,0.019370
3928,97675.766788444,3.160303,12.729778,0.482531,0.796251,-0.330914,-0.190065,-0.324610,-0.151525,0.018522
3929,97675.771762809,3.156260,12.731237,0.481625,0.809121,-0.346981,-0.176460,-0.323982,-0.151965,0.017668
3930,97675.776676139,3.152202,12.732755,0.480798,0.823355,-0.361580,-0.162907,-0.323361,-0.152399,0.016825
3931,97675.781619987,3.148045,12.734352,0.480032,0.839395,-0.374482,-0.150263,-0.322736,-0.152836,0.015976
3932,97675.786533317,3.143834,12.736001,0.479334,0.856999,-0.385016,-0.139388,-0.322116,-0.153271,0.015133
3933,97675.791477165,3.139508,12.737708,0.478685,0.875753,-0.393642,-0.129886,-0.321491,-0.153708,0.014285
3934,97675.796421013,3.135088,12.739454,0.478085,0.894761,-0.400633,-0.121807,-0.320866,-0.154145,0.013436
3935,97675.801364860,3.130573,12.741231,0.477525,0.912916,-0.406223,-0.114987,-0.320242,-0.154583,0.012588
3936,97675.806278190,3.125997,12.743022,0.477004,0.929934,-0.410649,-0.108886,-0.319621,-0.155017,0.011745
3937,97675.811222038,3.121307,12.744842,0.476510,0.946200,-0.414139,-0.102745,-0.318996,-0.155454,0.010896
3938,97675.816165886,3.116537,12.746676,0.476048,0.962187,-0.416865,-0.096066,-0.318372,-0.155892,0.010048
3939,97675.821109733,3.111688,12.748520,0.475619,0.978305,-0.419211,-0.088583,-0.317747,-0.156329,0.009199
3940,97675.826053581,3.106759,12.750373,0.475229,0.994916,-0.421157,-0.079692,-0.317122,-0.156766,0.008351
3941,97675.830966911,3.101779,12.752221,0.474886,1.012039,-0.422665,-0.070003,-0.316502,-0.157201,0.007508
3942,97675.835880241,3.096716,12.754074,0.474592,1.029955,-0.423851,-0.060411,-0.315881,-0.157635,0.006664
3943,97675.840854606,3.091501,12.755952,0.474343,1.049760,-0.424679,-0.051365,-0.315252,-0.158075,0.005811
3944,97675.845798454,3.086220,12.757819,0.474142,1.071480,-0.424833,-0.042881,-0.314628,-0.158512,0.004962
3945,97675.850742302,3.080833,12.759682,0.473984,1.094960,-0.424651,-0.035001,-0.314003,-0.158950,0.004114
3946,97675.855686149,3.075331,12.761540,0.473867,1.119919,-0.424546,-0.027506,-0.313378,-0.159387,0.003265
3947,97675.860629997,3.069706,12.763393,0.473789,1.145946,-0.424952,-0.020108,-0.312754,-0.159824,0.002417
3948,97675.865573845,3.063953,12.765242,0.473749,1.172290,-0.426418,-0.012374,-0.312129,-0.160261,0.001568
3949,97675.870517692,3.058070,12.767094,0.473750,1.198575,-0.429399,-0.004849,-0.311504,-0.160699,0.000720
3950,97675.875461540,3.052057,12.768955,0.473789,1.224197,-0.434120,0.003070,-0.309742,-0.158600,0.000539
3951,97675.880374870,3.045955,12.770823,0.473869,1.247902,-0.441081,0.011696,-0.307991,-0.156515,0.000359
3952,97675.885318718,3.039697,12.772732,0.473993,1.270099,-0.449918,0.021227,-0.306229,-0.154417,0.000177
3953,97675.890262565,3.033329,12.774680,0.474166,1.290383,-0.459941,0.031962,-0.304467,-0.152318,-0.000004
3954,97675.895206413,3.026858,12.776674,0.474392,1.308474,-0.470090,0.043892,-0.302705,-0.150220,-0.000185
3955,97675.900150261,3.020297,12.778716,0.474678,1.323137,-0.479226,0.057535,-0.300943,-0.148122,-0.000367
3956,97675.905094108,3.013663,12.780800,0.475032,1.333760,-0.486844,0.073323,-0.299180,-0.146023,-0.000548
3957,97675.910007438,3.007017,12.782907,0.475462,1.341176,-0.493373,0.090374,-0.297429,-0.143938,-0.000728
3958,97675.914951286,3.000293,12.785059,0.475979,1.346034,-0.499339,0.106880,-0.295667,-0.141840,-0.000909
3959,97675.919895134,2.993544,12.787240,0.476577,1.349444,-0.504556,0.122428,-0.293905,-0.139741,-0.001091
3960,97675.924838981,2.986779,12.789448,0.477253,1.351242,-0.508449,0.137897,-0.292143,-0.137643,-0.001272
3961,97675.929782829,2.980005,12.791675,0.478004,1.352288,-0.511026,0.153120,-0.290381,-0.135545,-0.001453
3962,97675.934726677,2.973227,12.793916,0.478831,1.354145,-0.511995,0.168289,-0.288619,-0.133446,-0.001634
3963,97675.939670524,2.966440,12.796162,0.479733,1.356492,-0.510459,0.182274,-0.286856,-0.131348,-0.001816
3964,97675.944614372,2.959643,12.798401,0.480704,1.357727,-0.506212,0.195961,-0.285094,-0.129250,-0.001997
3965,97675.949527702,2.952884,12.800606,0.481737,1.355156,-0.498442,0.212407,-0.283343,-0.127164,-0.002177
3966,97675.954471550,2.946098,12.802788,0.482858,1.347474,-0.488312,0.229861,-0.281581,-0.125066,-0.002358
3967,97675.959415397,2.939354,12.804922,0.484065,1.334183,-0.477247,0.247576,-0.279819,-0.122968,-0.002540
3968,97675.964328727,2.932720,12.806993,0.485351,1.315783,-0.465255,0.266193,-0.278068,-0.120882,-0.002720
3969,97675.969272575,2.926140,12.809023,0.486737,1.293028,-0.452049,0.285049,-0.276305,-0.118784,-0.002901
3970,97675.974216423,2.919677,12.810994,0.488215,1.267498,-0.438332,0.303094,-0.274543,-0.116686,-0.003083
3971,97675.979160270,2.913344,12.812903,0.489781,1.240578,-0.424522,0.319237,-0.272781,-0.114587,-0.003264
3972,97675.984104118,2.907148,12.814751,0.491426,1.213253,-0.411380,0.333384,-0.271019,-0.112489,-0.003445
3973,97675.989017448,2.901128,12.816531,0.493129,1.187204,-0.399298,0.346296,-0.269268,-0.110404,-0.003625
3974,97675.993961296,2.895203,12.818267,0.494905,1.163389,-0.388594,0.359064,-0.267506,-0.108305,-0.003807
3975,97675.998905143,2.889399,12.819957,0.496743,1.142119,-0.379410,0.372011,-0.265744,-0.106207,-0.003988
3976,97676.003848991,2.883702,12.821608,0.498644,1.123481,-0.371627,0.385222,-0.263981,-0.104109,-0.004169
3977,97676.008762321,2.878135,12.823214,0.500597,1.106996,-0.365279,0.397213,-0.262230,-0.102023,-0.004349
3978,97676.013706169,2.872618,12.824804,0.502621,1.092697,-0.360044,0.407319,-0.260468,-0.099925,-0.004531
3979,97676.018650016,2.867172,12.826371,0.504694,1.081334,-0.356442,0.415387,-0.258706,-0.097827,-0.004712
3980,97676.023593864,2.861784,12.827923,0.506807,1.072877,-0.354292,0.421305,-0.256944,-0.095728,-0.004893
3981,97676.028507194,2.856472,12.829458,0.508934,1.067795,-0.353491,0.424777,-0.255193,-0.093643,-0.005073
3982,97676.033481559,2.851119,12.831009,0.511106,1.066341,-0.354012,0.426041,-0.253420,-0.091532,-0.005256
3983,97676.038425407,2.845807,12.832553,0.513270,1.067757,-0.355504,0.426367,-0.251657,-0.089433,-0.005437
3984,97676.043369255,2.840487,12.834105,0.515435,1.071074,-0.356792,0.425974,-0.249895,-0.087335,-0.005618
3985,97676.048282585,2.835183,12.835653,0.517586,1.075001,-0.357421,0.424236,-0.248144,-0.085250,-0.005798
3986,97676.053195915,2.829860,12.837202,0.519728,1.078443,-0.357700,0.421522,-0.246393,-0.083164,-0.005979
3987,97676.058139763,2.824487,12.838762,0.521870,1.079738,-0.357915,0.418536,-0.244631,-0.081066,-0.006160
3988,97676.063053093,2.819140,12.840313,0.523985,1.078433,-0.357668,0.414076,-0.242879,-0.078980,-0.006340
3989,97676.067996940,2.813766,12.841872,0.526090,1.074172,-0.356962,0.408592,-0.241117,-0.076882,-0.006521
3990,97676.072940788,2.808413,12.843428,0.528168,1.066277,-0.356113,0.402391,-0.239355,-0.074784,-0.006703
3991,97676.077915153,2.803065,12.844991,0.530228,1.055013,-0.355696,0.395429,-0.237582,-0.072673,-0.006885
3992,97676.082828483,2.797839,12.846535,0.532227,1.040705,-0.354862,0.388274,-0.235831,-0.070587,-0.007065
3993,97676.087772331,2.792650,12.848086,0.534203,1.023014,-0.354424,0.380094,-0.234069,-0.068489,-0.007247
3994,97676.092685661,2.787579,12.849630,0.536124,1.002709,-0.354982,0.371178,-0.232318,-0.066403,-0.007427
3995,97676.097629509,2.782577,12.851189,0.538012,0.980571,-0.356722,0.362044,-0.230555,-0.064305,-0.007608
3996,97676.102573356,2.777683,12.852762,0.539853,0.958003,-0.359900,0.351880,-0.228793,-0.062207,-0.007789
3997,97676.107517204,2.772898,12.854354,0.541642,0.935540,-0.363871,0.340569,-0.227031,-0.060108,-0.007971
3998,97676.112461052,2.768224,12.855970,0.543374,0.913309,-0.367980,0.327841,-0.225269,-0.058010,-0.008152
3999,97676.117374382,2.763685,12.857600,0.545030,0.891707,-0.372312,0.313521,-0.223518,-0.055925,-0.008332
4000,97676.122318229,2.759223,12.859266,0.546623,0.870490,-0.377012,0.297060,-0.224327,-0.053977,-0.009672
4001,97676.127262077,2.754863,12.860958,0.548134,0.850238,-0.381515,0.278379,-0.225136,-0.052030,-0.011011
4002,97676.132205925,2.750601,12.862676,0.549550,0.830996,-0.385840,0.257452,-0.225945,-0.050082,-0.012351
4003,97676.137149772,2.746432,12.864418,0.550862,0.812824,-0.389806,0.234603,-0.226754,-0.048135,-0.013690
4004,97676.142093620,2.742350,12.866182,0.552058,0.795844,-0.393394,0.209899,-0.227563,-0.046187,-0.015030
4005,97676.147037468,2.738349,12.867966,0.553131,0.780441,-0.396583,0.183292,-0.228373,-0.044240,-0.016369
4006,97676.151950798,2.734446,12.869756,0.554066,0.766717,-0.399084,0.155037,-0.229177,-0.042304,-0.017701
4007,97676.156894645,2.730584,12.871571,0.554865,0.754373,-0.400888,0.125042,-0.229986,-0.040357,-0.019040
4008,97676.161838493,2.726780,12.873395,0.555516,0.743140,-0.401708,0.093685,-0.230795,-0.038409,-0.020380
4009,97676.166782341,2.723030,12.875224,0.556010,0.733738,-0.401354,0.061599,-0.231604,-0.036462,-0.021719
4010,97676.171695671,2.719346,12.877040,0.556343,0.726039,-0.399796,0.029344,-0.232408,-0.034526,-0.023051
4011,97676.176639518,2.715676,12.878859,0.556518,0.719188,-0.397175,-0.003626,-0.233217,-0.032579,-0.024390
4012,97676.181583366,2.712037,12.880665,0.556530,0.712872,-0.393507,-0.036200,-0.234027,-0.030631,-0.025730
4013,97676.186527214,2.708429,12.882452,0.556380,0.707389,-0.388819,-0.068181,-0.234836,-0.028684,-0.027070
4014,97676.191440544,2.704868,12.884204,0.556074,0.702636,-0.383899,-0.100254,-0.235640,-0.026748,-0.028401
4015,97676.196384391,2.701307,12.885941,0.555608,0.698188,-0.378448,-0.132473,-0.236449,-0.024801,-0.029740
4016,97676.201328239,2.697767,12.887651,0.554983,0.693853,-0.371549,-0.164281,-0.237258,-0.022853,-0.031080
4017,97676.206272087,2.694248,12.889325,0.554200,0.689722,-0.363120,-0.196152,-0.238067,-0.020906,-0.032420
4018,97676.211215934,2.690749,12.890957,0.553260,0.685641,-0.353446,-0.228457,-0.238876,-0.018958,-0.033759
4019,97676.216159782,2.687270,12.892540,0.552160,0.681611,-0.342930,-0.261215,-0.239685,-0.017011,-0.035099
4020,97676.221073112,2.683832,12.894060,0.550907,0.677479,-0.332370,-0.294103,-0.240490,-0.015075,-0.036430
4021,97676.226016960,2.680393,12.895536,0.549484,0.673273,-0.322012,-0.327061,-0.241299,-0.013128,-0.037770
4022,97676.230960807,2.676974,12.896960,0.547898,0.668802,-0.312112,-0.358567,-0.242108,-0.011180,-0.039109
4023,97676.235904655,2.673578,12.898334,0.546157,0.664171,-0.303018,-0.387455,-0.242917,-0.009233,-0.040449
4024,97676.240848503,2.670204,12.899663,0.544273,0.659150,-0.294882,-0.411655,-0.243726,-0.007285,-0.041788
4025,97676.245792350,2.666855,12.900950,0.542269,0.653722,-0.288031,-0.429763,-0.244535,-0.005338,-0.043128
4026,97676.250736198,2.663534,12.902204,0.540177,0.647835,-0.281989,-0.440025,-0.245344,-0.003390,-0.044467
4027,97676.255649528,2.660262,12.903422,0.538046,0.642850,-0.276746,-0.441366,-0.246148,-0.001455,-0.045799
4028,97676.260593376,2.656995,12.904621,0.535896,0.641275,-0.272187,-0.432839,-0.246958,0.000493,-0.047138
4029,97676.265537223,2.653738,12.905800,0.533788,0.645082,-0.266807,-0.413923,-0.247767,0.002440,-0.048478
4030,97676.270481071,2.650465,12.906951,0.531774,0.655022,-0.259249,-0.387728,-0.248576,0.004388,-0.049817
4031,97676.275394401,2.647166,12.908059,0.529902,0.670973,-0.248658,-0.358932,-0.248699,0.005891,-0.052162
4032,97676.280338249,2.643773,12.909119,0.528163,0.692180,-0.233481,-0.330921,-0.248824,0.007404,-0.054522
4033,97676.285282096,2.640280,12.910101,0.526564,0.716237,-0.213055,-0.306324,-0.248948,0.008917,-0.056882
4034,97676.290225944,2.636675,12.910979,0.525091,0.742423,-0.188795,-0.287247,-0.249072,0.010430,-0.059241
4035,97676.295139274,2.632969,12.911728,0.523723,0.769353,-0.162076,-0.273484,-0.249195,0.011933,-0.061586
4036,97676.300083122,2.629115,12.912345,0.522419,0.796788,-0.133884,-0.263240,-0.249320,0.013446,-0.063946
4037,97676.305026970,2.625132,12.912817,0.521169,0.825215,-0.106739,-0.254403,-0.249444,0.014959,-0.066305
4038,97676.309970817,2.621015,12.913150,0.519967,0.854851,-0.083696,-0.244103,-0.249568,0.016472,-0.068665
4039,97676.314914665,2.616758,12.913363,0.518819,0.886301,-0.065387,-0.230155,-0.249692,0.017985,-0.071024
4040,97676.319858513,2.612350,12.913479,0.517743,0.919615,-0.052038,-0.210774,-0.249817,0.019497,-0.073384
4041,97676.324802360,2.607782,12.913524,0.516766,0.954190,-0.044506,-0.185622,-0.249941,0.021010,-0.075744
4042,97676.329715690,2.603076,12.913525,0.515922,0.989742,-0.042527,-0.155812,-0.250064,0.022514,-0.078089
4043,97676.334659538,2.598168,12.913511,0.515223,1.026264,-0.044319,-0.123552,-0.250188,0.024027,-0.080448
4044,97676.339603386,2.593081,12.913500,0.514686,1.062279,-0.047016,-0.092907,-0.250313,0.025539,-0.082808
4045,97676.344547233,2.587818,12.913497,0.514303,1.096170,-0.047462,-0.067696,-0.250437,0.027052,-0.085167
4046,97676.349491081,2.582390,12.913490,0.514047,1.126745,-0.044132,-0.050121,-0.250561,0.028565,-0.087527
4047,97676.354434929,2.576812,12.913461,0.513880,1.153748,-0.037300,-0.040253,-0.250685,0.030078,-0.089887
4048,97676.359348259,2.571138,12.913393,0.513766,1.176553,-0.028388,-0.037838,-0.250809,0.031581,-0.092232
4049,97676.364292106,2.565319,12.913276,0.513664,1.194543,-0.018181,-0.042312,-0.250933,0.033094,-0.094591
4050,97676.369235954,2.559413,12.913105,0.513543,1.207302,-0.007904,-0.052803,-0.252085,0.033238,-0.096365
4051,97676.374149284,2.553482,12.912881,0.513372,1.214803,0.000946,-0.068008,-0.253231,0.033381,-0.098128
4052,97676.379093132,2.547478,12.912609,0.513127,1.217358,0.007628,-0.086978,-0.254383,0.033524,-0.099901
4053,97676.384036979,2.541461,12.912302,0.512788,1.214360,0.011806,-0.108766,-0.255536,0.033668,-0.101675
4054,97676.388980827,2.535459,12.911974,0.512341,1.205142,0.013288,-0.131531,-0.256688,0.033812,-0.103449
4055,97676.393924675,2.529501,12.911639,0.511781,1.189333,0.012402,-0.152953,-0.257840,0.033956,-0.105223
4056,97676.398899040,2.523582,12.911309,0.511110,1.167462,0.009043,-0.170062,-0.259000,0.034100,-0.107007
4057,97676.403812370,2.517842,12.911003,0.510362,1.141312,0.003203,-0.177991,-0.260145,0.034243,-0.108770
4058,97676.408725700,2.512229,12.910731,0.509572,1.111682,-0.004586,-0.173011,-0.261291,0.034386,-0.110533
4059,97676.413669548,2.506725,12.910502,0.508799,1.079868,-0.013257,-0.151658,-0.262443,0.034529,-0.112307
4060,97676.418613395,2.501378,12.910324,0.508129,1.047769,-0.021435,-0.111182,-0.263595,0.034673,-0.114081
4061,97676.423557243,2.496191,12.910196,0.507656,1.017053,-0.028670,-0.063189,-0.264748,0.034817,-0.115854
4062,97676.428531608,2.491127,12.910113,0.507416,0.985906,-0.032600,-0.015005,-0.265907,0.034961,-0.117639
4063,97676.433475456,2.486250,12.910060,0.507413,0.952815,-0.030395,0.032311,-0.267060,0.035105,-0.119413
4064,97676.438419304,2.481540,12.910006,0.507642,0.917195,-0.021757,0.079440,-0.268212,0.035249,-0.121186
4065,97676.443332634,2.477039,12.909920,0.508099,0.882147,-0.007987,0.126240,-0.269358,0.035391,-0.122949
4066,97676.448276481,2.472690,12.909777,0.508788,0.853656,0.008535,0.166062,-0.270510,0.035535,-0.124723
4067,97676.453220329,2.468488,12.909560,0.509673,0.837129,0.025277,0.180615,-0.271662,0.035679,-0.126497
4068,97676.458133659,2.464397,12.909267,0.510623,0.832136,0.042151,0.173120,-0.272808,0.035822,-0.128260
4069,97676.463077507,2.460309,12.908890,0.511543,0.834782,0.060313,0.148271,-0.273960,0.035965,-0.130033
4070,97676.468021354,2.456211,12.908421,0.512342,0.838865,0.079008,0.106914,-0.275113,0.036109,-0.131807
4071,97676.472965202,2.452093,12.907856,0.512937,0.839726,0.099103,0.051156,-0.276265,0.036253,-0.133581
4072,97676.477878532,2.447996,12.907192,0.513257,0.833891,0.120361,-0.012872,-0.277410,0.036395,-0.135344
4073,97676.482822380,2.443903,12.906416,0.513262,0.820175,0.142065,-0.077924,-0.278563,0.036539,-0.137117
4074,97676.487766227,2.439878,12.905532,0.512947,0.798420,0.163002,-0.134825,-0.279715,0.036683,-0.138891
4075,97676.492710075,2.435961,12.904546,0.512349,0.769314,0.181007,-0.176284,-0.280868,0.036827,-0.140665
4076,97676.497653923,2.432188,12.903474,0.511546,0.733026,0.192277,-0.200657,-0.282020,0.036970,-0.142439
4077,97676.502567253,2.428618,12.902361,0.510626,0.689420,0.193865,-0.210459,-0.283165,0.037113,-0.144201
4078,97676.507511100,2.425240,12.901241,0.509648,0.637791,0.183534,-0.209243,-0.284318,0.037257,-0.145975
4079,97676.512454948,2.422115,12.900183,0.508672,0.580413,0.159919,-0.199457,-0.285470,0.037400,-0.147749
4080,97676.517398796,2.419269,12.899255,0.507739,0.522589,0.122782,-0.182385,-0.286623,0.037544,-0.149523
4081,97676.522342643,2.416702,12.898524,0.506884,0.469621,0.072425,-0.161779,-0.287775,0.037688,-0.151297
4082,97676.527286491,2.414387,12.898054,0.506124,0.426334,0.012535,-0.142228,-0.288927,0.037831,-0.153070
4083,97676.532199821,2.412287,12.897892,0.505457,0.397347,-0.050835,-0.126258,-0.290073,0.037974,-0.154833
4084,97676.537143669,2.410305,12.898049,0.504860,0.383605,-0.112220,-0.115542,-0.291225,0.038118,-0.156607
4085,97676.542087516,2.408378,12.898513,0.504310,0.383819,-0.166143,-0.110591,-0.292378,0.038262,-0.158381
4086,97676.547031364,2.406438,12.899244,0.503782,0.393765,-0.209887,-0.110341,-0.293530,0.038405,-0.160154
4087,97676.551944694,2.404452,12.900182,0.503257,0.409067,-0.241389,-0.113506,-0.294675,0.038548,-0.161917
4088,97676.556858024,2.402384,12.901272,0.502715,0.425450,-0.260218,-0.118589,-0.295821,0.038691,-0.163680
4089,97676.561801872,2.400218,12.902458,0.502145,0.439660,-0.266372,-0.124203,-0.296973,0.038835,-0.165454
4090,97676.566745720,2.397980,12.903670,0.501548,0.450232,-0.260616,-0.129581,-0.298125,0.038978,-0.167227
4091,97676.571689567,2.395691,12.904852,0.500925,0.457819,-0.245450,-0.133991,-0.299278,0.039122,-0.169001
4092,97676.576633415,2.393367,12.905956,0.500282,0.462483,-0.224149,-0.137379,-0.300430,0.039266,-0.170775
4093,97676.581577263,2.391024,12.906955,0.499624,0.465415,-0.199233,-0.139863,-0.301583,0.039409,-0.172549
4094,97676.586490593,2.388687,12.907824,0.498960,0.467484,-0.173625,-0.142237,-0.302728,0.039552,-0.174312
4095,97676.591434440,2.386330,12.908571,0.498281,0.468649,-0.149811,-0.144995,-0.303880,0.039696,-0.176085
4096,97676.596378288,2.383973,12.909200,0.497590,0.469193,-0.129678,-0.147823,-0.305033,0.039839,-0.177859
4097,97676.601322136,2.381617,12.909730,0.496886,0.469015,-0.113701,-0.150673,-0.306185,0.039983,-0.179633
4098,97676.606235466,2.379280,12.910178,0.496174,0.468626,-0.101153,-0.153728,-0.307331,0.040126,-0.181396
4099,97676.611179313,2.376932,12.910566,0.495443,0.468123,-0.091407,-0.156961,-0.308483,0.040270,-0.183169
4100,97676.616123161,2.374589,12.910906,0.494697,0.467602,-0.084709,-0.159622,-0.307500,0.039484,-0.183825
4101,97676.621067009,2.372250,12.911213,0.493937,0.466955,-0.079789,-0.161521,-0.306517,0.038699,-0.184481
4102,97676.626010856,2.369915,12.911496,0.493169,0.466453,-0.075791,-0.163210,-0.305535,0.037914,-0.185136
4103,97676.630924186,2.367598,12.911758,0.492397,0.465952,-0.072729,-0.164991,-0.304558,0.037134,-0.185788
4104,97676.635868034,2.365269,12.912006,0.491612,0.465315,-0.070315,-0.166712,-0.303575,0.036349,-0.186444
4105,97676.640811882,2.362944,12.912242,0.490818,0.465247,-0.068477,-0.168752,-0.302592,0.035563,-0.187100
4106,97676.645755729,2.360619,12.912468,0.490014,0.466453,-0.066673,-0.171601,-0.301609,0.034778,-0.187755
4107,97676.650699577,2.358289,12.912686,0.489197,0.468727,-0.064852,-0.175164,-0.300626,0.033993,-0.188411
4108,97676.655643425,2.355948,12.912894,0.488362,0.472050,-0.062646,-0.179265,-0.299644,0.033208,-0.189067
4109,97676.660556755,2.353604,12.913089,0.487513,0.476222,-0.060075,-0.183644,-0.298667,0.032428,-0.189718
4110,97676.665500602,2.351226,12.913271,0.486637,0.480681,-0.056875,-0.187827,-0.297684,0.031642,-0.190374
4111,97676.670444450,2.348827,12.913436,0.485741,0.484389,-0.052856,-0.191713,-0.296701,0.030857,-0.191030
4112,97676.675388298,2.346409,12.913580,0.484826,0.486924,-0.048562,-0.195346,-0.295718,0.030072,-0.191686
4113,97676.680332145,2.343980,12.913702,0.483894,0.488041,-0.044308,-0.198975,-0.294735,0.029287,-0.192341
4114,97676.685275993,2.341546,12.913802,0.482944,0.487910,-0.040585,-0.202522,-0.293753,0.028502,-0.192997
4115,97676.690189323,2.339128,12.913884,0.481982,0.487247,-0.038010,-0.205916,-0.292776,0.027721,-0.193649
4116,97676.695133171,2.336699,12.913953,0.480999,0.486098,-0.036584,-0.209420,-0.291793,0.026936,-0.194304
4117,97676.700077018,2.334275,12.914016,0.479997,0.485315,-0.036802,-0.213256,-0.290810,0.026151,-0.194960
4118,97676.705020866,2.331855,12.914079,0.478977,0.485119,-0.038992,-0.217177,-0.289827,0.025366,-0.195616
4119,97676.709964714,2.329435,12.914153,0.477937,0.485647,-0.043173,-0.221542,-0.288844,0.024581,-0.196271
4120,97676.714908561,2.327012,12.914247,0.476876,0.486976,-0.049065,-0.226246,-0.287862,0.023796,-0.196927
4121,97676.719821891,2.324595,12.914369,0.475797,0.489008,-0.055804,-0.231043,-0.286885,0.023015,-0.197579
4122,97676.724765739,2.322151,12.914524,0.474688,0.491681,-0.062822,-0.235876,-0.285902,0.022230,-0.198235
4123,97676.729740104,2.319677,12.914714,0.473548,0.494972,-0.069809,-0.240706,-0.284913,0.021440,-0.198894
4124,97676.734683952,2.317200,12.914937,0.472391,0.499266,-0.076144,-0.245473,-0.283930,0.020655,-0.199550
4125,97676.739597282,2.314716,12.915188,0.471218,0.504437,-0.081963,-0.250154,-0.282953,0.019875,-0.200202
4126,97676.744510612,2.312205,12.915466,0.470021,0.510691,-0.087583,-0.254283,-0.281977,0.019094,-0.200853
4127,97676.749454460,2.309645,12.915772,0.468797,0.518170,-0.092988,-0.257189,-0.280994,0.018309,-0.201509
4128,97676.754398307,2.307048,12.916103,0.467559,0.526549,-0.098008,-0.258385,-0.280011,0.017524,-0.202165
4129,97676.759342155,2.304407,12.916456,0.466315,0.535358,-0.103145,-0.258058,-0.279028,0.016739,-0.202821
4130,97676.764286003,2.301723,12.916834,0.465073,0.544635,-0.108374,-0.256339,-0.278045,0.015954,-0.203476
4131,97676.769199333,2.299008,12.917232,0.463847,0.554272,-0.113308,-0.253538,-0.277069,0.015173,-0.204128
4132,97676.774143180,2.296228,12.917656,0.462629,0.564468,-0.117398,-0.249907,-0.276086,0.014388,-0.204784
4133,97676.779087028,2.293397,12.918098,0.461428,0.575256,-0.120756,-0.245202,-0.275103,0.013603,-0.205439
4134,97676.784030876,2.290512,12.918554,0.460252,0.586668,-0.123538,-0.239628,-0.274120,0.012818,-0.206095
4135,97676.788974723,2.287571,12.919022,0.459104,0.598436,-0.125361,-0.234060,-0.273137,0.012033,-0.206751
4136,97676.793888054,2.284590,12.919494,0.457991,0.610684,-0.126322,-0.229326,-0.272160,0.011252,-0.207402
4137,97676.798831901,2.281530,12.919972,0.456895,0.623668,-0.126752,-0.225780,-0.271178,0.010467,-0.208058
4138,97676.803775749,2.278406,12.920448,0.455818,0.637720,-0.126978,-0.223640,-0.270195,0.009682,-0.208714
4139,97676.808719596,2.275213,12.920923,0.454752,0.652708,-0.126445,-0.223173,-0.269212,0.008897,-0.209370
4140,97676.813632927,2.271967,12.921390,0.453696,0.669296,-0.125897,-0.222667,-0.268235,0.008117,-0.210021
4141,97676.818607292,2.268597,12.921855,0.452631,0.687917,-0.127263,-0.220742,-0.267246,0.007326,-0.210681
4142,97676.823551139,2.265156,12.922321,0.451584,0.707711,-0.131906,-0.217888,-0.266263,0.006541,-0.211337
4143,97676.828494987,2.261617,12.922806,0.450552,0.728139,-0.139757,-0.214452,-0.265281,0.005756,-0.211992
4144,97676.833438835,2.257975,12.923325,0.449537,0.748937,-0.150662,-0.210313,-0.264298,0.004971,-0.212648
4145,97676.838352165,2.254252,12.923890,0.448551,0.769484,-0.163641,-0.205877,-0.263321,0.004191,-0.213300
4146,97676.843296013,2.250402,12.924519,0.447580,0.789569,-0.177848,-0.201186,-0.262338,0.003406,-0.213956
4147,97676.848239860,2.246449,12.925213,0.446634,0.808793,-0.192081,-0.195747,-0.261355,0.002620,-0.214611
4148,97676.853153190,2.242424,12.925970,0.445721,0.827383,-0.205457,-0.189257,-0.260378,0.001840,-0.215263
4149,97676.858097038,2.238280,12.926794,0.444834,0.846181,-0.217919,-0.182063,-0.259396,0.001055,-0.215919
4150,97676.863040886,2.234041,12.927675,0.443984,0.865441,-0.229634,-0.174866,-0.256531,0.001670,-0.217440
4151,97676.867954216,2.229731,12.928605,0.443176,0.885880,-0.239920,-0.168270,-0.253684,0.002281,-0.218951
4152,97676.872898063,2.225292,12.929588,0.442395,0.907990,-0.249201,-0.161885,-0.250819,0.002896,-0.220472
4153,97676.877841911,2.220742,12.930612,0.441648,0.931423,-0.258058,-0.155882,-0.247954,0.003511,-0.221993
4154,97676.882785759,2.216075,12.931675,0.440931,0.955396,-0.266608,-0.150230,-0.245090,0.004126,-0.223514
4155,97676.887729606,2.211288,12.932775,0.440244,0.979488,-0.274954,-0.144581,-0.242225,0.004741,-0.225035
4156,97676.892673454,2.206380,12.933912,0.439585,1.003235,-0.283041,-0.138614,-0.239360,0.005356,-0.226556
4157,97676.897586784,2.201385,12.935077,0.438962,1.025867,-0.290922,-0.132491,-0.236513,0.005967,-0.228067
4158,97676.902530632,2.196246,12.936283,0.438366,1.047531,-0.298367,-0.126465,-0.233648,0.006582,-0.229588
4159,97676.907474479,2.190999,12.937522,0.437801,1.068908,-0.304883,-0.119902,-0.230784,0.007197,-0.231109
4160,97676.912418327,2.185645,12.938789,0.437269,1.091346,-0.310679,-0.111440,-0.227919,0.007812,-0.232630
4161,97676.917362175,2.180180,12.940080,0.436781,1.115149,-0.316129,-0.100344,-0.225054,0.008427,-0.234151
4162,97676.922275505,2.174632,12.941386,0.436352,1.139660,-0.321546,-0.088073,-0.222207,0.009038,-0.235663
4163,97676.927219352,2.168927,12.942721,0.435982,1.164705,-0.327110,-0.075512,-0.219342,0.009653,-0.237184
4164,97676.932163200,2.163099,12.944080,0.435675,1.191150,-0.332628,-0.063475,-0.216477,0.010268,-0.238705
4165,97676.937107048,2.157139,12.945461,0.435430,1.219290,-0.338341,-0.051937,-0.213613,0.010883,-0.240226
4166,97676.942050895,2.151041,12.946865,0.435244,1.248819,-0.344781,-0.040729,-0.210748,0.011498,-0.241746
4167,97676.946994743,2.144795,12.948295,0.435115,1.278824,-0.352812,-0.030430,-0.207883,0.012113,-0.243267
4168,97676.951908073,2.138440,12.949749,0.435039,1.307562,-0.362805,-0.020542,-0.205036,0.012724,-0.244779
4169,97676.956851921,2.131903,12.951257,0.435013,1.334652,-0.375062,-0.011092,-0.202171,0.013339,-0.246300
4170,97676.961795768,2.125229,12.952820,0.435035,1.359152,-0.389639,-0.001276,-0.199511,0.013928,-0.246471
4171,97676.966739616,2.118432,12.954450,0.435106,1.380507,-0.405665,0.009546,-0.196851,0.014516,-0.246642
4172,97676.971652946,2.111570,12.956145,0.435231,1.397062,-0.422087,0.022478,-0.194208,0.015101,-0.246811
4173,97676.976627311,2.104537,12.957939,0.435422,1.407315,-0.438451,0.039159,-0.191532,0.015694,-0.246983
4174,97676.981540641,2.097538,12.959791,0.435692,1.412192,-0.454372,0.057025,-0.188888,0.016279,-0.247153
4175,97676.986484489,2.090469,12.961733,0.436052,1.414902,-0.469284,0.073446,-0.186228,0.016867,-0.247324
4176,97676.991428337,2.083385,12.963749,0.436492,1.417457,-0.480356,0.089563,-0.183568,0.017456,-0.247495
4177,97676.996372184,2.076286,12.965820,0.437011,1.420986,-0.487434,0.103968,-0.180908,0.018044,-0.247666
4178,97677.001285514,2.069214,12.967914,0.437598,1.425809,-0.490962,0.117548,-0.178264,0.018629,-0.247835
4179,97677.006229362,2.062075,12.970037,0.438256,1.432250,-0.490361,0.131659,-0.175605,0.019218,-0.248006
4180,97677.011173210,2.054904,12.972157,0.438984,1.438855,-0.486293,0.145963,-0.172945,0.019806,-0.248177
4181,97677.016117057,2.047703,12.974257,0.439783,1.442179,-0.480500,0.160499,-0.170285,0.020395,-0.248348
4182,97677.021060905,2.040488,12.976328,0.440655,1.440327,-0.475238,0.176265,-0.167625,0.020983,-0.248519
4183,97677.026035270,2.033240,12.978387,0.441611,1.432937,-0.470986,0.194176,-0.164948,0.021576,-0.248691
4184,97677.030979118,2.026075,12.980415,0.442649,1.420605,-0.467055,0.214272,-0.162288,0.022164,-0.248862
4185,97677.035922966,2.018973,12.982428,0.443785,1.404126,-0.462890,0.236703,-0.159628,0.022753,-0.249032
4186,97677.040836296,2.011998,12.984412,0.445024,1.384223,-0.458382,0.259675,-0.156985,0.023338,-0.249202
4187,97677.045780143,2.005081,12.986393,0.446384,1.360938,-0.453281,0.281762,-0.154325,0.023926,-0.249373
4188,97677.050723991,1.998282,12.988355,0.447850,1.335511,-0.447815,0.301961,-0.151665,0.024515,-0.249544
4189,97677.055637321,1.991652,12.990285,0.449406,1.309287,-0.442840,0.320520,-0.149021,0.025100,-0.249714
4190,97677.060581169,1.985112,12.992208,0.451061,1.283421,-0.438778,0.338703,-0.146361,0.025688,-0.249884
4191,97677.065525016,1.978703,12.994119,0.452804,1.258392,-0.435864,0.357043,-0.143701,0.026277,-0.250055
4192,97677.070438346,1.972458,12.996010,0.454625,1.234009,-0.433881,0.375015,-0.141058,0.026862,-0.250225
4193,97677.075382194,1.966296,12.997909,0.456545,1.209838,-0.432237,0.391753,-0.138398,0.027450,-0.250396
4194,97677.080326042,1.960256,12.999807,0.458545,1.185995,-0.430971,0.405920,-0.135738,0.028039,-0.250567
4195,97677.085269889,1.954334,13.001704,0.460614,1.164009,-0.429922,0.417130,-0.133078,0.028627,-0.250738
4196,97677.090213737,1.948522,13.003602,0.462737,1.144864,-0.429034,0.425755,-0.130418,0.029216,-0.250908
4197,97677.095157585,1.942805,13.005500,0.464901,1.129224,-0.428002,0.432406,-0.127758,0.029805,-0.251079
4198,97677.100101432,1.937166,13.007397,0.467096,1.118218,-0.427463,0.437684,-0.125098,0.030393,-0.251250
4199,97677.105014763,1.931617,13.009282,0.469303,1.112002,-0.427339,0.441814,-0.122454,0.030978,-0.251420
4200,97677.109958610,1.926064,13.011179,0.471544,1.110254,-0.427913,0.445179,-0.121893,0.032128,-0.250654
4201,97677.114902458,1.920520,13.013080,0.473802,1.112178,-0.428747,0.447534,-0.122960,0.032988,-0.248685
4202,97677.119846305,1.914966,13.014985,0.476071,1.116263,-0.429794,0.449243,-0.124027,0.033847,-0.246715
4203,97677.124790153,1.909392,13.016895,0.478349,1.121258,-0.431288,0.450326,-0.125094,0.034707,-0.244745
4204,97677.129734001,1.903794,13.018811,0.480632,1.125910,-0.432762,0.450256,-0.126161,0.035566,-0.242776
4205,97677.134647331,1.898206,13.020721,0.482902,1.129115,-0.433642,0.448950,-0.127222,0.036420,-0.240818
4206,97677.139591179,1.892568,13.022646,0.485179,1.129795,-0.434092,0.446033,-0.128289,0.037280,-0.238848
4207,97677.144535026,1.886926,13.024574,0.487441,1.127344,-0.434317,0.441766,-0.129356,0.038139,-0.236879
4208,97677.149478874,1.881296,13.026503,0.489683,1.121274,-0.434702,0.435984,-0.130423,0.038998,-0.234909
4209,97677.154422721,1.875695,13.028434,0.491895,1.111539,-0.435387,0.428300,-0.131490,0.039858,-0.232939
4210,97677.159336052,1.870176,13.030359,0.494056,1.098610,-0.436592,0.419296,-0.132550,0.040712,-0.230982
4211,97677.164279899,1.864686,13.032304,0.496184,1.083196,-0.438397,0.409431,-0.133617,0.041571,-0.229012
4212,97677.169223747,1.859270,13.034260,0.498262,1.066034,-0.440761,0.398635,-0.134684,0.042431,-0.227042
4213,97677.174167595,1.853938,13.036232,0.500285,1.047531,-0.443536,0.386756,-0.135751,0.043290,-0.225073
4214,97677.179111442,1.848696,13.038220,0.502248,1.027997,-0.446408,0.373446,-0.136818,0.044150,-0.223103
4215,97677.184024772,1.843581,13.040213,0.504132,1.007788,-0.449140,0.358676,-0.137878,0.045004,-0.221146
4216,97677.188968620,1.838532,13.042236,0.505953,0.987354,-0.451366,0.342304,-0.138945,0.045863,-0.219176
4217,97677.193912468,1.833582,13.044273,0.507691,0.967342,-0.453067,0.324483,-0.140012,0.046723,-0.217206
4218,97677.198856315,1.828730,13.046321,0.509340,0.948042,-0.454080,0.305201,-0.141079,0.047582,-0.215237
4219,97677.203769645,1.824001,13.048365,0.510882,0.929674,-0.454183,0.284661,-0.142140,0.048436,-0.213279
4220,97677.208713493,1.819331,13.050425,0.512331,0.912191,-0.453218,0.262687,-0.143207,0.049296,-0.211309
4221,97677.213657341,1.814746,13.052483,0.513670,0.895522,-0.451233,0.239706,-0.144274,0.050155,-0.209340
4222,97677.218601188,1.810243,13.054532,0.514895,0.879679,-0.448570,0.215623,-0.145341,0.051014,-0.207370
4223,97677.223514518,1.805844,13.056558,0.515992,0.864609,-0.445384,0.190396,-0.146401,0.051869,-0.205412
4224,97677.228458366,1.801491,13.058583,0.516971,0.849973,-0.441543,0.163852,-0.147468,0.052728,-0.203443
4225,97677.233432731,1.797183,13.060602,0.517823,0.835893,-0.437012,0.136227,-0.148542,0.053593,-0.201461
4226,97677.238376579,1.792969,13.062588,0.518532,0.822413,-0.431608,0.108040,-0.149609,0.054452,-0.199491
4227,97677.243320427,1.788822,13.064549,0.519102,0.809581,-0.425311,0.079432,-0.150676,0.055312,-0.197522
4228,97677.248233757,1.784762,13.066467,0.519526,0.797482,-0.418182,0.050964,-0.151736,0.056166,-0.195564
4229,97677.253177604,1.780736,13.068363,0.519813,0.786044,-0.410308,0.022433,-0.152803,0.057025,-0.193594
4230,97677.258090934,1.776791,13.070209,0.519957,0.775405,-0.401924,-0.005942,-0.153863,0.057879,-0.191637
4231,97677.263034782,1.772874,13.072026,0.519961,0.765509,-0.392974,-0.034237,-0.154930,0.058739,-0.189667
4232,97677.267978630,1.769006,13.073799,0.519825,0.756170,-0.383207,-0.062548,-0.155997,0.059598,-0.187698
4233,97677.272922477,1.765184,13.075524,0.519549,0.747722,-0.372182,-0.090698,-0.157064,0.060457,-0.185728
4234,97677.277866325,1.761404,13.077195,0.519134,0.739697,-0.360115,-0.119021,-0.158131,0.061317,-0.183758
4235,97677.282779655,1.757687,13.078795,0.518583,0.731961,-0.347303,-0.147439,-0.159192,0.062171,-0.181801
4236,97677.287723503,1.753986,13.080343,0.517887,0.724233,-0.334120,-0.176101,-0.160259,0.063030,-0.179831
4237,97677.292667350,1.750324,13.081825,0.517051,0.716505,-0.320711,-0.204168,-0.161326,0.063890,-0.177861
4238,97677.297611198,1.746701,13.083241,0.516076,0.708725,-0.307779,-0.230900,-0.162393,0.064749,-0.175892
4239,97677.302555046,1.743118,13.084593,0.514969,0.700916,-0.295321,-0.255221,-0.163460,0.065609,-0.173922
4240,97677.307468376,1.739596,13.085876,0.513749,0.692750,-0.283779,-0.276328,-0.164520,0.066463,-0.171964
4241,97677.312412223,1.736093,13.087110,0.512418,0.683827,-0.272964,-0.293807,-0.165587,0.067322,-0.169995
4242,97677.317356071,1.732636,13.088292,0.511000,0.674112,-0.262818,-0.306686,-0.166654,0.068182,-0.168025
4243,97677.322299919,1.729227,13.089425,0.509519,0.663957,-0.253105,-0.313047,-0.167721,0.069041,-0.166055
4244,97677.327243766,1.725871,13.090511,0.508005,0.653697,-0.244593,-0.311153,-0.168788,0.069900,-0.164086
4245,97677.332187614,1.722567,13.091558,0.506501,0.644416,-0.237618,-0.300716,-0.169855,0.070760,-0.162116
4246,97677.337131462,1.719312,13.092573,0.505049,0.639231,-0.231456,-0.283179,-0.170922,0.071619,-0.160146
4247,97677.342075309,1.716084,13.093560,0.503683,0.641784,-0.225475,-0.261631,-0.171989,0.072479,-0.158177
4248,97677.347019157,1.712847,13.094518,0.502424,0.653503,-0.217899,-0.239941,-0.173056,0.073338,-0.156207
4249,97677.351932487,1.709575,13.095432,0.501280,0.672174,-0.207789,-0.221825,-0.174116,0.074192,-0.154250
4250,97677.356876335,1.706195,13.096299,0.500221,0.695252,-0.195044,-0.208525,-0.175833,0.073512,-0.151680
4251,97677.361789665,1.702725,13.097094,0.499237,0.721067,-0.179980,-0.200318,-0.177540,0.072837,-0.149126
4252,97677.366733513,1.699111,13.097814,0.498289,0.749337,-0.162343,-0.196574,-0.179257,0.072157,-0.146556
4253,97677.371677360,1.695361,13.098441,0.497364,0.780140,-0.142329,-0.196856,-0.180974,0.071477,-0.143986
4254,97677.376621208,1.691463,13.098963,0.496440,0.813039,-0.119582,-0.200955,-0.182691,0.070797,-0.141416
4255,97677.381565055,1.687407,13.099365,0.495500,0.847303,-0.094701,-0.207405,-0.184408,0.070117,-0.138846
4256,97677.386478386,1.683214,13.099634,0.494538,0.881670,-0.069578,-0.213624,-0.186114,0.069441,-0.136292
4257,97677.391422233,1.678829,13.099773,0.493544,0.915843,-0.045737,-0.217160,-0.187831,0.068762,-0.133722
4258,97677.396366081,1.674281,13.099787,0.492536,0.948588,-0.025313,-0.215396,-0.189548,0.068082,-0.131152
4259,97677.401309929,1.669575,13.099694,0.491540,0.979670,-0.010665,-0.206629,-0.191265,0.067402,-0.128582
4260,97677.406253776,1.664720,13.099521,0.490591,1.009543,-0.003736,-0.190428,-0.192982,0.066722,-0.126012
4261,97677.411167106,1.659750,13.099310,0.489730,1.038213,-0.005060,-0.167380,-0.194688,0.066046,-0.123458
4262,97677.416110954,1.654610,13.099100,0.488979,1.066354,-0.013634,-0.138468,-0.196405,0.065366,-0.120888
4263,97677.421054802,1.649331,13.098928,0.488373,1.093982,-0.027465,-0.106736,-0.198122,0.064687,-0.118318
4264,97677.425998649,1.643915,13.098820,0.487925,1.121061,-0.043905,-0.075906,-0.199839,0.064007,-0.115748
4265,97677.430911979,1.638397,13.098790,0.487633,1.146827,-0.060552,-0.049104,-0.201546,0.063331,-0.113194
4266,97677.435886345,1.632682,13.098838,0.487471,1.170869,-0.075674,-0.028840,-0.203273,0.062647,-0.110609
4267,97677.440830192,1.626881,13.098956,0.487411,1.191544,-0.088744,-0.016435,-0.204990,0.061967,-0.108039
4268,97677.445774040,1.620976,13.099136,0.487413,1.208537,-0.100887,-0.011251,-0.206707,0.061287,-0.105469
4269,97677.450687370,1.615022,13.099370,0.487441,1.221059,-0.112776,-0.012208,-0.208414,0.060612,-0.102915
4270,97677.455631218,1.608966,13.099662,0.487464,1.228656,-0.125226,-0.017818,-0.210131,0.059932,-0.100345
4271,97677.460575065,1.602870,13.100014,0.487460,1.231323,-0.138263,-0.026631,-0.211848,0.059252,-0.097775
4272,97677.465518913,1.596757,13.100428,0.487412,1.229340,-0.151013,-0.037593,-0.213565,0.058572,-0.095205
4273,97677.470432243,1.590688,13.100903,0.487309,1.221856,-0.162855,-0.049613,-0.215271,0.057896,-0.092651
4274,97677.475376091,1.584615,13.101439,0.487145,1.208934,-0.172890,-0.061964,-0.216988,0.057216,-0.090081
4275,97677.480319938,1.578603,13.102028,0.486918,1.191278,-0.179957,-0.073136,-0.218705,0.056536,-0.087511
4276,97677.485263786,1.572675,13.102654,0.486634,1.169383,-0.183764,-0.081050,-0.220422,0.055857,-0.084941
4277,97677.490207634,1.566854,13.103303,0.486310,1.144576,-0.184957,-0.082155,-0.222139,0.055177,-0.082371
4278,97677.495120964,1.561191,13.103960,0.485980,1.118953,-0.184281,-0.072533,-0.223845,0.054501,-0.079817
4279,97677.500064811,1.555620,13.104623,0.485693,1.093773,-0.181630,-0.048801,-0.225562,0.053821,-0.077247
4280,97677.505008659,1.550175,13.105280,0.485523,1.069086,-0.176749,-0.008807,-0.227279,0.053141,-0.074677
4281,97677.509952507,1.544856,13.105921,0.485548,1.046434,-0.169911,0.039448,-0.228996,0.052461,-0.072108
4282,97677.514896354,1.539654,13.106537,0.485811,1.026191,-0.158543,0.087641,-0.230713,0.051782,-0.069538
4283,97677.519809684,1.534590,13.107100,0.486307,1.007507,-0.138167,0.134894,-0.232419,0.051106,-0.066984
4284,97677.524753532,1.529594,13.107572,0.487041,0.990392,-0.107341,0.182227,-0.234136,0.050426,-0.064414
4285,97677.529666862,1.524723,13.107898,0.488003,0.976631,-0.069285,0.229261,-0.235843,0.049750,-0.061860
4286,97677.534641227,1.519871,13.108044,0.489212,0.967306,-0.029368,0.270754,-0.237570,0.049066,-0.059274
4287,97677.539585075,1.515107,13.107997,0.490620,0.963809,0.007350,0.283909,-0.239287,0.048386,-0.056704
4288,97677.544528923,1.510369,13.107770,0.492096,0.963450,0.041741,0.268890,-0.241004,0.047707,-0.054134
4289,97677.549472770,1.505639,13.107372,0.493499,0.960850,0.075352,0.230659,-0.242721,0.047027,-0.051564
4290,97677.554386100,1.500956,13.106810,0.494708,0.953053,0.108307,0.172606,-0.244428,0.046351,-0.049010
4291,97677.559329948,1.496285,13.106080,0.495638,0.938356,0.140968,0.101908,-0.246145,0.045671,-0.046440
4292,97677.564273796,1.491689,13.105187,0.496220,0.918279,0.171593,0.028657,-0.247862,0.044991,-0.043870
4293,97677.569187126,1.487221,13.104149,0.496439,0.893668,0.198452,-0.037914,-0.249568,0.044316,-0.041316
4294,97677.574130973,1.482848,13.102973,0.496330,0.864163,0.220795,-0.090178,-0.251285,0.043636,-0.038746
4295,97677.579044304,1.478648,13.101698,0.495964,0.829361,0.236278,-0.124660,-0.252991,0.042960,-0.036192
4296,97677.583988151,1.474595,13.100343,0.495423,0.786889,0.243464,-0.144588,-0.254708,0.042280,-0.033622
4297,97677.588931999,1.470751,13.098962,0.494782,0.736568,0.239739,-0.153489,-0.256425,0.041600,-0.031052
4298,97677.593845329,1.467177,13.097617,0.494096,0.679810,0.222904,-0.152660,-0.258132,0.040925,-0.028498
4299,97677.598789177,1.463857,13.096359,0.493406,0.618069,0.191824,-0.142232,-0.259849,0.040245,-0.025928
4300,97677.603733024,1.460836,13.095269,0.492760,0.556036,0.145844,-0.122898,-0.260627,0.038915,-0.024918
4301,97677.608676872,1.458113,13.094421,0.492203,0.499357,0.086934,-0.099269,-0.261405,0.037586,-0.023908
4302,97677.613620720,1.455659,13.093877,0.491754,0.454352,0.021825,-0.077175,-0.262182,0.036256,-0.022898
4303,97677.618564567,1.453414,13.093666,0.491408,0.426365,-0.041726,-0.060216,-0.262960,0.034926,-0.021888
4304,97677.623508415,1.451295,13.093776,0.491140,0.416595,-0.096729,-0.049657,-0.263738,0.033597,-0.020877
4305,97677.628452263,1.449213,13.094161,0.490919,0.421177,-0.140033,-0.045224,-0.264516,0.032267,-0.019867
4306,97677.633365593,1.447113,13.094754,0.490720,0.434348,-0.171562,-0.045810,-0.265289,0.030946,-0.018863
4307,97677.638339958,1.444914,13.095509,0.490514,0.449654,-0.191074,-0.050301,-0.266072,0.029608,-0.017847
4308,97677.643283805,1.442648,13.096353,0.490288,0.462090,-0.198173,-0.056918,-0.266850,0.028278,-0.016837
4309,97677.648227653,1.440319,13.097228,0.490029,0.470696,-0.193680,-0.063472,-0.267305,0.026777,-0.016497
4310,97677.653140983,1.437962,13.098073,0.489740,0.475250,-0.180166,-0.068362,-0.267758,0.025285,-0.016159
4311,97677.658084831,1.435571,13.098856,0.489427,0.476857,-0.160485,-0.070681,-0.268213,0.023784,-0.015819
4312,97677.663028679,1.433176,13.099541,0.489103,0.476613,-0.137347,-0.071480,-0.268669,0.022283,-0.015480
4313,97677.667972526,1.430787,13.100111,0.488777,0.475583,-0.113464,-0.072155,-0.269124,0.020782,-0.015140
4314,97677.672885856,1.428423,13.100561,0.488451,0.474331,-0.091172,-0.072980,-0.269577,0.019290,-0.014802
4315,97677.677829704,1.426056,13.100904,0.488120,0.473149,-0.072059,-0.074941,-0.270032,0.017788,-0.014462
4316,97677.682773552,1.423698,13.101153,0.487781,0.472519,-0.057142,-0.078137,-0.270488,0.016287,-0.014123
4317,97677.687717399,1.421347,13.101328,0.487426,0.472216,-0.045606,-0.082271,-0.270943,0.014786,-0.013783
4318,97677.692661247,1.418999,13.101446,0.487052,0.472281,-0.036536,-0.086492,-0.271399,0.013285,-0.013443
4319,97677.697574577,1.416667,13.101518,0.486660,0.472830,-0.029884,-0.090008,-0.271851,0.011793,-0.013105
4320,97677.702518425,1.414319,13.101558,0.486248,0.473701,-0.024941,-0.092780,-0.272307,0.010291,-0.012765
4321,97677.707462272,1.411967,13.101573,0.485823,0.474102,-0.020726,-0.094854,-0.272762,0.008790,-0.012426
4322,97677.712406120,1.409615,13.101567,0.485388,0.473671,-0.017398,-0.096507,-0.273217,0.007289,-0.012086
4323,97677.717349968,1.407265,13.101544,0.484946,0.473078,-0.015036,-0.097885,-0.273673,0.005788,-0.011746
4324,97677.722293815,1.404918,13.101510,0.484496,0.473182,-0.013096,-0.099585,-0.274128,0.004286,-0.011406
4325,97677.727237663,1.402571,13.101466,0.484038,0.474445,-0.011434,-0.102113,-0.274584,0.002785,-0.011067
4326,97677.732150993,1.400233,13.101413,0.483571,0.477224,-0.009561,-0.105626,-0.275036,0.001293,-0.010729
4327,97677.737094841,1.397866,13.101351,0.483084,0.481463,-0.006790,-0.109655,-0.275492,-0.000208,-0.010389
4328,97677.742038688,1.395479,13.101273,0.482577,0.486605,-0.002890,-0.114038,-0.275947,-0.001709,-0.010049
4329,97677.751865348,1.390685,13.101078,0.481528,0.497051,0.006869,-0.123526,-0.276852,-0.004693,-0.009374
4330,97677.756809196,1.388223,13.100928,0.480955,0.500785,0.012073,-0.128542,-0.277308,-0.006194,-0.009034
4331,97677.761753044,1.385743,13.100752,0.480358,0.503654,0.016677,-0.133566,-0.277763,-0.007696,-0.008694
4332,97677.766696891,1.383250,13.100553,0.479736,0.505835,0.019593,-0.138413,-0.278219,-0.009197,-0.008355
4333,97677.771671257,1.380731,13.100336,0.479087,0.507518,0.020031,-0.143349,-0.278677,-0.010707,-0.008013
4334,97677.776584587,1.378234,13.100120,0.478421,0.509391,0.017843,-0.147867,-0.279130,-0.012199,-0.007675
4335,97677.781528434,1.375712,13.099912,0.477729,0.511723,0.013024,-0.152145,-0.279585,-0.013701,-0.007335
4336,97677.786472282,1.373177,13.099727,0.477016,0.514398,0.005656,-0.156165,-0.280041,-0.015202,-0.006995
4337,97677.791416130,1.370626,13.099578,0.476283,0.517447,-0.004045,-0.160218,-0.280496,-0.016703,-0.006656
4338,97677.796359977,1.368058,13.099476,0.475529,0.521358,-0.015747,-0.164013,-0.280951,-0.018204,-0.006316
4339,97677.801303825,1.365469,13.099431,0.474756,0.526138,-0.028793,-0.167306,-0.281407,-0.019706,-0.005976
4340,97677.806217155,1.362868,13.099448,0.473971,0.531645,-0.042193,-0.170214,-0.281859,-0.021198,-0.005638
4341,97677.811161003,1.360221,13.099531,0.473167,0.537718,-0.054870,-0.172937,-0.282315,-0.022699,-0.005299
4342,97677.816104850,1.357541,13.099675,0.472349,0.543933,-0.066294,-0.175677,-0.282770,-0.024200,-0.004959
4343,97677.821018180,1.354845,13.099872,0.471522,0.550186,-0.075992,-0.178354,-0.283223,-0.025692,-0.004621
4344,97677.825962028,1.352098,13.100117,0.470677,0.556429,-0.083876,-0.180623,-0.283678,-0.027193,-0.004281
4345,97677.830905876,1.349319,13.100400,0.469820,0.562767,-0.089856,-0.182045,-0.284134,-0.028695,-0.003942
4346,97677.835849723,1.346507,13.100710,0.468957,0.569325,-0.093935,-0.182798,-0.284589,-0.030196,-0.003602
4347,97677.840793571,1.343662,13.101039,0.468090,0.575828,-0.096646,-0.183447,-0.285045,-0.031697,-0.003262
4348,97677.845737419,1.340784,13.101380,0.467220,0.582492,-0.097883,-0.183633,-0.285500,-0.033198,-0.002922
4349,97677.850681266,1.337873,13.101726,0.466350,0.589671,-0.098213,-0.183048,-0.285956,-0.034700,-0.002582
4350,97677.855625114,1.334927,13.102072,0.465483,0.597251,-0.097991,-0.181781,-0.282959,-0.034532,-0.004279
4351,97677.860538444,1.331961,13.102413,0.464629,0.605206,-0.097255,-0.179783,-0.279982,-0.034365,-0.005966
4352,97677.865482292,1.328938,13.102751,0.463779,0.613739,-0.096013,-0.177157,-0.276985,-0.034197,-0.007663
4353,97677.870426139,1.325874,13.103081,0.462943,0.622962,-0.094319,-0.174040,-0.273989,-0.034029,-0.009360
4354,97677.875369987,1.322764,13.103401,0.462124,0.632756,-0.092823,-0.171419,-0.270993,-0.033861,-0.011056
4355,97677.880313835,1.319607,13.103712,0.461318,0.643421,-0.091484,-0.169703,-0.267997,-0.033693,-0.012753
4356,97677.885257682,1.316397,13.104014,0.460521,0.655148,-0.090788,-0.168779,-0.265000,-0.033525,-0.014450
4357,97677.890171013,1.313150,13.104308,0.459735,0.668364,-0.091327,-0.167814,-0.262023,-0.033358,-0.016137
4358,97677.895114860,1.309818,13.104604,0.458950,0.683892,-0.093575,-0.165630,-0.259026,-0.033190,-0.017834
4359,97677.900058708,1.306408,13.104907,0.458177,0.701080,-0.097227,-0.162323,-0.256030,-0.033022,-0.019530
4360,97677.905002555,1.302913,13.105226,0.457421,0.719736,-0.102196,-0.158453,-0.253034,-0.032854,-0.021227
4361,97677.909915886,1.299347,13.105563,0.456689,0.739258,-0.109101,-0.154496,-0.250056,-0.032687,-0.022914
4362,97677.914859733,1.295661,13.105932,0.455974,0.759541,-0.118570,-0.150720,-0.247060,-0.032519,-0.024611
4363,97677.919803581,1.291874,13.106343,0.455278,0.780340,-0.130784,-0.147553,-0.244064,-0.032351,-0.026308
4364,97677.924747429,1.287981,13.106811,0.454599,0.800969,-0.145938,-0.144184,-0.241067,-0.032183,-0.028004
4365,97677.929691276,1.283983,13.107349,0.453937,0.820808,-0.163507,-0.140125,-0.238071,-0.032016,-0.029701
4366,97677.934604606,1.279910,13.107967,0.453300,0.839163,-0.182298,-0.134458,-0.235093,-0.031849,-0.031388
4367,97677.939548454,1.275716,13.108677,0.452687,0.855850,-0.201715,-0.126680,-0.232097,-0.031681,-0.033085
4368,97677.944492302,1.271436,13.109480,0.452112,0.871262,-0.220695,-0.116839,-0.229101,-0.031513,-0.034782
4369,97677.949405632,1.267104,13.110368,0.451590,0.886373,-0.238638,-0.105868,-0.226123,-0.031346,-0.036468
4370,97677.954349479,1.262667,13.111348,0.451118,0.902217,-0.255093,-0.094832,-0.223127,-0.031178,-0.038165
4371,97677.959262809,1.258177,13.112400,0.450703,0.918930,-0.268808,-0.084623,-0.220149,-0.031011,-0.039851
4372,97677.964206657,1.253575,13.113524,0.450337,0.936490,-0.279698,-0.075992,-0.217153,-0.030843,-0.041548
4373,97677.969150505,1.248884,13.114698,0.450015,0.955053,-0.288121,-0.068686,-0.214157,-0.030675,-0.043245
4374,97677.974094352,1.244100,13.115910,0.449729,0.974445,-0.294177,-0.062435,-0.211161,-0.030507,-0.044942
4375,97677.979038200,1.239219,13.117148,0.449475,0.994286,-0.298031,-0.057100,-0.208164,-0.030339,-0.046639
4376,97677.983951530,1.234270,13.118393,0.449250,1.014331,-0.300111,-0.052177,-0.205187,-0.030172,-0.048325
4377,97677.988895378,1.229192,13.119652,0.449050,1.034999,-0.300985,-0.046230,-0.202190,-0.030004,-0.050022
4378,97677.993839225,1.224012,13.120912,0.448880,1.056603,-0.301354,-0.038149,-0.199194,-0.029836,-0.051719
4379,97677.998783073,1.218726,13.122169,0.448752,1.079227,-0.301646,-0.027554,-0.196198,-0.029668,-0.053416
4380,97678.003726921,1.213328,13.123423,0.448678,1.102029,-0.302037,-0.015456,-0.193202,-0.029500,-0.055113
4381,97678.008670768,1.207819,13.124676,0.448666,1.125509,-0.302448,-0.002624,-0.190205,-0.029333,-0.056810
4382,97678.013614616,1.202195,13.125926,0.448718,1.150374,-0.303478,0.010839,-0.187209,-0.029165,-0.058507
4383,97678.018527946,1.196484,13.127168,0.448839,1.177256,-0.305669,0.024405,-0.184231,-0.028998,-0.060193
4384,97678.023441276,1.190642,13.128417,0.449027,1.205901,-0.309883,0.037549,-0.181254,-0.028831,-0.061879
4385,97678.028415641,1.184584,13.129697,0.449286,1.235734,-0.316942,0.050019,-0.178239,-0.028662,-0.063587
4386,97678.033390007,1.178378,13.131006,0.449608,1.265607,-0.326739,0.060529,-0.175224,-0.028493,-0.065294
4387,97678.038333854,1.172061,13.132349,0.449981,1.293828,-0.338383,0.069138,-0.172228,-0.028325,-0.066991
4388,97678.043277702,1.165603,13.133745,0.450399,1.319488,-0.351669,0.077593,-0.169232,-0.028157,-0.068688
4389,97678.048221550,1.159016,13.135201,0.450860,1.341738,-0.366751,0.086859,-0.166236,-0.027989,-0.070385
4390,97678.053134880,1.152358,13.136718,0.451364,1.359998,-0.382865,0.097276,-0.163258,-0.027822,-0.072071
4391,97678.058078727,1.145565,13.138321,0.451923,1.373671,-0.398746,0.110575,-0.160262,-0.027654,-0.073768
4392,97678.062992057,1.138745,13.139989,0.452544,1.381590,-0.413684,0.127577,-0.157284,-0.027487,-0.075455
4393,97678.067935905,1.131841,13.141741,0.453252,1.385430,-0.427604,0.146854,-0.154288,-0.027319,-0.077152
4394,97678.072879753,1.124916,13.143562,0.454056,1.387425,-0.439705,0.165274,-0.151291,-0.027151,-0.078848
4395,97678.077823600,1.117981,13.145444,0.454949,1.388450,-0.450327,0.180903,-0.148295,-0.026983,-0.080545
4396,97678.082767448,1.111039,13.147379,0.455920,1.389308,-0.457866,0.196226,-0.145299,-0.026815,-0.082242
4397,97678.087711296,1.104092,13.149352,0.456966,1.391404,-0.458213,0.214055,-0.142303,-0.026647,-0.083939
4398,97678.092655143,1.097137,13.151327,0.458100,1.395319,-0.453439,0.230565,-0.139306,-0.026480,-0.085636
4399,97678.097598991,1.090164,13.153279,0.459316,1.400027,-0.445377,0.245478,-0.136310,-0.026312,-0.087333
4400,97678.102542839,1.083170,13.155191,0.460607,1.402589,-0.436021,0.260040,-0.133922,-0.025258,-0.088047
4401,97678.107486686,1.076167,13.157058,0.461970,1.400581,-0.427211,0.275837,-0.131534,-0.024204,-0.088762
4402,97678.112430534,1.069178,13.158882,0.463412,1.393203,-0.419018,0.293623,-0.129146,-0.023150,-0.089476
4403,97678.117374382,1.062227,13.160668,0.464942,1.380756,-0.410715,0.313801,-0.126758,-0.022096,-0.090191
4404,97678.122318229,1.055341,13.162418,0.466571,1.363573,-0.401677,0.335772,-0.124370,-0.021043,-0.090905
4405,97678.127231559,1.048586,13.164117,0.468298,1.341983,-0.391697,0.358066,-0.121997,-0.019995,-0.091615
4406,97678.132175407,1.041899,13.165783,0.470144,1.316670,-0.381376,0.380178,-0.119609,-0.018942,-0.092330
4407,97678.137088737,1.035382,13.167396,0.472086,1.289193,-0.371253,0.401287,-0.117236,-0.017894,-0.093040
4408,97678.142032585,1.028963,13.168976,0.474143,1.260763,-0.362055,0.421508,-0.114848,-0.016841,-0.093754
4409,97678.146976432,1.022688,13.170518,0.476299,1.232450,-0.354627,0.440761,-0.112460,-0.015787,-0.094469
4410,97678.151920280,1.016556,13.172030,0.478548,1.204699,-0.349024,0.459223,-0.110072,-0.014733,-0.095183
4411,97678.156833610,1.010601,13.173513,0.480872,1.178097,-0.344730,0.475903,-0.107699,-0.013686,-0.095893
4412,97678.161777458,1.004742,13.174990,0.483291,1.153263,-0.341612,0.490215,-0.105311,-0.012632,-0.096608
4413,97678.166721305,0.999007,13.176459,0.485780,1.130888,-0.339295,0.502064,-0.102923,-0.011578,-0.097322
4414,97678.171634636,0.993419,13.177912,0.488309,1.112052,-0.337609,0.511451,-0.100550,-0.010531,-0.098032
4415,97678.176578483,0.987890,13.179371,0.490900,1.097180,-0.336968,0.518401,-0.098162,-0.009477,-0.098747
4416,97678.181522331,0.982436,13.180831,0.493524,1.087419,-0.337668,0.523451,-0.095774,-0.008423,-0.099461
4417,97678.186466179,0.977030,13.182296,0.496172,1.083175,-0.340200,0.527199,-0.093386,-0.007370,-0.100176
4418,97678.191410026,0.971644,13.183775,0.498838,1.083722,-0.343398,0.529822,-0.090998,-0.006316,-0.100890
4419,97678.196323356,0.966289,13.185261,0.501500,1.087877,-0.346810,0.531455,-0.088625,-0.005269,-0.101600
4420,97678.201297721,0.960846,13.186781,0.504204,1.093985,-0.349950,0.532054,-0.086223,-0.004208,-0.102319
4421,97678.206241569,0.955405,13.188306,0.506894,1.100534,-0.352997,0.531606,-0.083835,-0.003154,-0.103034
4422,97678.211185417,0.949931,13.189845,0.509583,1.105827,-0.355502,0.529692,-0.081447,-0.002101,-0.103748
4423,97678.216129264,0.944431,13.191394,0.512262,1.108800,-0.357270,0.525635,-0.079059,-0.001047,-0.104463
4424,97678.221073112,0.938915,13.192952,0.514921,1.108725,-0.358246,0.519622,-0.076671,0.000007,-0.105177
4425,97678.226016960,0.933399,13.194514,0.517550,1.105425,-0.358918,0.512023,-0.074283,0.001061,-0.105892
4426,97678.230960807,0.927898,13.196080,0.520142,1.098537,-0.359600,0.503443,-0.071895,0.002114,-0.106606
4427,97678.235874138,0.922465,13.197640,0.522675,1.088200,-0.360202,0.494524,-0.069522,0.003162,-0.107316
4428,97678.240817985,0.917048,13.199215,0.525179,1.074098,-0.361412,0.485116,-0.067134,0.004216,-0.108031
4429,97678.245761833,0.911700,13.200798,0.527635,1.056616,-0.363506,0.475299,-0.064746,0.005269,-0.108745
4430,97678.250705680,0.906436,13.202394,0.530041,1.036806,-0.367177,0.464385,-0.062358,0.006323,-0.109460
4431,97678.255619011,0.901302,13.204002,0.532377,1.015286,-0.371487,0.452547,-0.059985,0.007370,-0.110170
4432,97678.260532341,0.896270,13.205636,0.534653,0.992388,-0.375720,0.439412,-0.057612,0.008418,-0.110880
4433,97678.265476188,0.891319,13.207304,0.536876,0.968552,-0.379913,0.424535,-0.055224,0.009471,-0.111594
4434,97678.270420036,0.886484,13.208998,0.539024,0.944317,-0.383888,0.408125,-0.052836,0.010525,-0.112309
4435,97678.275363884,0.881766,13.210715,0.541088,0.920306,-0.387349,0.390070,-0.050448,0.011579,-0.113023
4436,97678.280307731,0.877165,13.212453,0.543062,0.897066,-0.390125,0.370007,-0.048060,0.012633,-0.113738
4437,97678.285251579,0.872676,13.214209,0.544934,0.874998,-0.391979,0.347936,-0.045672,0.013687,-0.114452
4438,97678.290164909,0.868322,13.215967,0.546685,0.854281,-0.392583,0.324171,-0.043299,0.014734,-0.115162
4439,97678.295078239,0.864067,13.217730,0.548317,0.835046,-0.391966,0.298959,-0.040926,0.015781,-0.115872
4440,97678.299991569,0.859906,13.219493,0.549824,0.817735,-0.390318,0.272037,-0.038552,0.016828,-0.116582
4441,97678.304935417,0.855802,13.221261,0.551206,0.802436,-0.388004,0.243297,-0.036165,0.017882,-0.117297
4442,97678.309879264,0.851772,13.223019,0.552445,0.788606,-0.384960,0.213436,-0.033777,0.018936,-0.118011
4443,97678.314823112,0.847809,13.224763,0.553536,0.776239,-0.381003,0.182751,-0.031389,0.019990,-0.118726
4444,97678.319736442,0.843930,13.226477,0.554468,0.765510,-0.376338,0.151515,-0.029016,0.021037,-0.119436
4445,97678.324680290,0.840079,13.228180,0.555251,0.756182,-0.371023,0.119933,-0.026628,0.022091,-0.120150
4446,97678.329624138,0.836272,13.229856,0.555878,0.748449,-0.365466,0.088270,-0.024240,0.023145,-0.120865
4447,97678.334567985,0.832503,13.231505,0.556348,0.741356,-0.359544,0.057012,-0.021852,0.024198,-0.121579
4448,97678.339481315,0.828791,13.233114,0.556662,0.735420,-0.352972,0.026367,-0.020217,0.025043,-0.121388
4449,97678.344425163,0.825084,13.234699,0.556826,0.730245,-0.345469,-0.004158,-0.018573,0.025893,-0.121195
4450,97678.349369011,0.821402,13.236247,0.556839,0.725262,-0.337039,-0.034330,-0.019747,0.026222,-0.120383
4451,97678.354312858,0.817745,13.237753,0.556703,0.720231,-0.327616,-0.064496,-0.020921,0.026550,-0.119570
4452,97678.359256706,0.814112,13.239211,0.556418,0.715213,-0.317570,-0.094663,-0.022095,0.026879,-0.118758
4453,97678.364200554,0.810504,13.240618,0.555984,0.710222,-0.307065,-0.125033,-0.023270,0.027207,-0.117946
4454,97678.369144401,0.806921,13.241973,0.555400,0.704995,-0.296272,-0.155642,-0.024444,0.027536,-0.117133
4455,97678.374088249,0.803364,13.243274,0.554666,0.699576,-0.285594,-0.186739,-0.025618,0.027864,-0.116321
4456,97678.379001579,0.799855,13.244514,0.553783,0.693949,-0.275304,-0.217884,-0.026785,0.028191,-0.115514
4457,97678.383945427,0.796353,13.245709,0.552741,0.687845,-0.265391,-0.248670,-0.027960,0.028519,-0.114701
4458,97678.388889274,0.792880,13.246855,0.551547,0.680818,-0.256132,-0.277533,-0.029134,0.028848,-0.113889
4459,97678.393833122,0.789442,13.247956,0.550211,0.672541,-0.247574,-0.303092,-0.030308,0.029176,-0.113077
4460,97678.398776970,0.786045,13.249014,0.548748,0.662644,-0.239394,-0.323899,-0.031483,0.029505,-0.112264
4461,97678.403690300,0.782718,13.250026,0.547192,0.651689,-0.231099,-0.338346,-0.032650,0.029831,-0.111457
4462,97678.408634147,0.779425,13.251005,0.545554,0.640297,-0.222110,-0.345435,-0.033824,0.030160,-0.110645
4463,97678.413577995,0.776190,13.251941,0.543881,0.630961,-0.212646,-0.344894,-0.034998,0.030488,-0.109832
4464,97678.418521843,0.773003,13.252833,0.542210,0.626652,-0.203311,-0.336961,-0.036173,0.030817,-0.109020
4465,97678.423496208,0.769821,13.253686,0.540569,0.629266,-0.193995,-0.322073,-0.037354,0.031147,-0.108203
4466,97678.428409538,0.766667,13.254482,0.539022,0.638240,-0.183842,-0.302917,-0.038521,0.031474,-0.107395
4467,97678.433322868,0.763474,13.255228,0.537570,0.652556,-0.172133,-0.282825,-0.039688,0.031800,-0.106588
4468,97678.438297233,0.760173,13.255924,0.536202,0.670429,-0.158789,-0.263371,-0.040870,0.032131,-0.105771
4469,97678.443241081,0.756809,13.256546,0.534940,0.690828,-0.144517,-0.245796,-0.042044,0.032459,-0.104958
4470,97678.448184929,0.753348,13.257095,0.533768,0.713203,-0.129330,-0.231560,-0.043219,0.032788,-0.104146
4471,97678.453128776,0.749781,13.257565,0.532669,0.737636,-0.113509,-0.220416,-0.044393,0.033116,-0.103334
4472,97678.458042106,0.746121,13.257949,0.531634,0.763037,-0.097198,-0.211024,-0.045560,0.033443,-0.102526
4473,97678.467929802,0.738511,13.258553,0.529649,0.815339,-0.065376,-0.191544,-0.047909,0.034100,-0.100902
4474,97678.472873649,0.734457,13.258687,0.528759,0.844190,-0.055897,-0.173070,-0.049083,0.034428,-0.100089
4475,97678.477786979,0.730289,13.258769,0.527968,0.875791,-0.053416,-0.146982,-0.050250,0.034755,-0.099282
4476,97678.482730827,0.725942,13.258834,0.527303,0.912165,-0.059863,-0.112804,-0.051424,0.035083,-0.098470
4477,97678.487674675,0.721416,13.258925,0.526810,0.954046,-0.075251,-0.072164,-0.052599,0.035412,-0.097657
4478,97678.492618522,0.716683,13.259086,0.526520,1.001053,-0.098681,-0.027850,-0.053773,0.035740,-0.096845
4479,97678.497562370,0.711716,13.259355,0.526451,1.051649,-0.127707,0.015363,-0.054947,0.036069,-0.096033
4480,97678.502506218,0.706495,13.259759,0.526597,1.102098,-0.156684,0.051164,-0.056122,0.036397,-0.095220
4481,97678.507419548,0.701056,13.260294,0.526921,1.148221,-0.179260,0.075164,-0.057289,0.036724,-0.094413
4482,97678.512363395,0.695352,13.260935,0.527367,1.189560,-0.193531,0.087543,-0.058463,0.037052,-0.093601
4483,97678.517307243,0.689442,13.261639,0.527876,1.225661,-0.201602,0.089361,-0.059637,0.037381,-0.092788
4484,97678.522251091,0.683351,13.262375,0.528397,1.256115,-0.205485,0.081957,-0.060812,0.037709,-0.091976
4485,97678.527194938,0.677109,13.263123,0.528883,1.280335,-0.206236,0.067040,-0.061986,0.038038,-0.091164
4486,97678.532138786,0.670746,13.263869,0.529297,1.297426,-0.205347,0.045827,-0.063160,0.038366,-0.090351
4487,97678.537082634,0.664297,13.264605,0.529608,1.306627,-0.202026,0.019460,-0.064334,0.038694,-0.089539
4488,97678.542026481,0.657802,13.265321,0.529789,1.308000,-0.195748,-0.010760,-0.065509,0.039023,-0.088727
4489,97678.546939811,0.651339,13.266000,0.529822,1.301452,-0.186957,-0.042770,-0.066676,0.039349,-0.087919
4490,97678.551883659,0.644868,13.266639,0.529696,1.286726,-0.176605,-0.074006,-0.067850,0.039678,-0.087107
4491,97678.556827507,0.638470,13.267228,0.529415,1.265647,-0.165993,-0.099900,-0.069024,0.040006,-0.086295
4492,97678.561740837,0.632215,13.267765,0.529008,1.239795,-0.156006,-0.116004,-0.070192,0.040333,-0.085488
4493,97678.566684684,0.626050,13.268259,0.528517,1.208867,-0.146417,-0.119294,-0.071366,0.040661,-0.084675
4494,97678.571628532,0.620040,13.268713,0.528009,1.174105,-0.136415,-0.106410,-0.072540,0.040990,-0.083863
4495,97678.576572380,0.614204,13.269126,0.527562,1.137351,-0.126325,-0.073222,-0.073714,0.041318,-0.083051
4496,97678.581485710,0.608589,13.269497,0.527279,1.100410,-0.116606,-0.026731,-0.074882,0.041645,-0.082243
4497,97678.586429557,0.603128,13.269833,0.527221,1.062534,-0.105364,0.020181,-0.076056,0.041973,-0.081431
4498,97678.591373405,0.597859,13.270125,0.527394,1.020213,-0.089679,0.066470,-0.077230,0.042302,-0.080619
4499,97678.596317253,0.592806,13.270351,0.527793,0.972317,-0.069237,0.112682,-0.078404,0.042630,-0.079806
4500,97678.601261100,0.587997,13.270490,0.528418,0.922157,-0.047634,0.158983,-0.080631,0.042136,-0.078961
4501,97678.606174430,0.583472,13.270535,0.529264,0.876547,-0.028936,0.202489,-0.082843,0.041644,-0.078121
4502,97678.611087761,0.579178,13.270501,0.530322,0.843421,-0.013688,0.222970,-0.085056,0.041153,-0.077280
4503,97678.616031608,0.575026,13.270400,0.531486,0.827474,-0.000781,0.218816,-0.087282,0.040658,-0.076435
4504,97678.621005973,0.570929,13.270238,0.532636,0.828555,0.009818,0.198986,-0.089522,0.040161,-0.075584
4505,97678.625949821,0.566854,13.270023,0.533682,0.840924,0.018041,0.167010,-0.091748,0.039666,-0.074739
4506,97678.630863151,0.562742,13.269764,0.534566,0.856535,0.024158,0.124557,-0.093961,0.039174,-0.073899
4507,97678.635776481,0.558553,13.269469,0.535242,0.869763,0.030072,0.074157,-0.096174,0.038683,-0.073059
4508,97678.640720329,0.554269,13.269137,0.535675,0.876065,0.036921,0.020448,-0.098400,0.038188,-0.072213
4509,97678.645664177,0.549952,13.268766,0.535844,0.871601,0.045555,-0.030657,-0.100626,0.037694,-0.071368
4510,97678.650608024,0.545655,13.268350,0.535760,0.855886,0.056442,-0.074145,-0.102852,0.037199,-0.070522
4511,97678.655551872,0.541435,13.267882,0.535460,0.829569,0.066616,-0.105994,-0.105079,0.036705,-0.069677
4512,97678.660465202,0.537371,13.267370,0.535005,0.793102,0.071739,-0.124379,-0.107291,0.036213,-0.068837
4513,97678.665409050,0.533461,13.266836,0.534453,0.746032,0.069061,-0.130401,-0.109518,0.035719,-0.067991
4514,97678.670352897,0.529782,13.266325,0.533868,0.689795,0.056598,-0.125620,-0.111744,0.035224,-0.067146
4515,97678.675296745,0.526379,13.265889,0.533302,0.628008,0.032224,-0.111820,-0.113970,0.034729,-0.066301
4516,97678.680240593,0.523276,13.265586,0.532798,0.565734,-0.004405,-0.093498,-0.116196,0.034235,-0.065455
4517,97678.685184440,0.520475,13.265480,0.532378,0.508961,-0.051223,-0.075012,-0.118423,0.033740,-0.064610
4518,97678.690097770,0.517960,13.265617,0.532044,0.464812,-0.103508,-0.059135,-0.120635,0.033249,-0.063770
4519,97678.695072136,0.515624,13.266026,0.531778,0.436612,-0.157460,-0.048306,-0.122875,0.032751,-0.062919
4520,97678.699985466,0.513443,13.266702,0.531564,0.426206,-0.206196,-0.043845,-0.125088,0.032260,-0.062079
4521,97678.704929313,0.511291,13.267626,0.531366,0.428937,-0.246870,-0.045240,-0.127314,0.031765,-0.061233
4522,97678.709842643,0.509129,13.268742,0.531161,0.438704,-0.277218,-0.050803,-0.129527,0.031274,-0.060393
4523,97678.714786491,0.506898,13.270013,0.530926,0.450314,-0.295750,-0.058489,-0.131753,0.030779,-0.059548
4524,97678.719730339,0.504606,13.271373,0.530653,0.459922,-0.302325,-0.066280,-0.133979,0.030285,-0.058702
4525,97678.724674186,0.502264,13.272762,0.530341,0.465966,-0.297368,-0.072285,-0.136206,0.029790,-0.057857
4526,97678.729618034,0.499893,13.274125,0.530001,0.468593,-0.282156,-0.075681,-0.138432,0.029295,-0.057011
4527,97678.734531364,0.497527,13.275405,0.529647,0.468846,-0.259432,-0.077526,-0.140644,0.028804,-0.056171
4528,97678.739475212,0.495150,13.276580,0.529283,0.468053,-0.232003,-0.079297,-0.142871,0.028309,-0.055326
4529,97678.744419059,0.492782,13.277619,0.528912,0.467497,-0.202878,-0.081889,-0.145097,0.027815,-0.054480
4530,97678.749362907,0.490423,13.278515,0.528530,0.467021,-0.174612,-0.085490,-0.147323,0.027320,-0.053635
4531,97678.754306755,0.488073,13.279271,0.528131,0.466611,-0.149041,-0.090094,-0.149550,0.026826,-0.052790
4532,97678.759250602,0.485730,13.279900,0.527712,0.465583,-0.127067,-0.095382,-0.151776,0.026331,-0.051944
4533,97678.764163932,0.483410,13.280418,0.527270,0.463477,-0.109252,-0.100484,-0.153988,0.025840,-0.051104
4534,97678.769107780,0.481090,13.280850,0.526801,0.460103,-0.094947,-0.104727,-0.156215,0.025345,-0.050259
4535,97678.774051628,0.478790,13.281213,0.526312,0.456152,-0.083186,-0.107761,-0.158441,0.024850,-0.049413
4536,97678.778995475,0.476511,13.281518,0.525808,0.452104,-0.073355,-0.109680,-0.160667,0.024356,-0.048568
4537,97678.783939323,0.474255,13.281776,0.525296,0.448212,-0.064988,-0.111075,-0.162894,0.023861,-0.047722
4538,97678.788883171,0.472019,13.281993,0.524776,0.444542,-0.057877,-0.112482,-0.165120,0.023367,-0.046877
4539,97678.793796501,0.469817,13.282174,0.524253,0.441883,-0.052112,-0.114282,-0.167332,0.022875,-0.046037
4540,97678.798740348,0.467615,13.282329,0.523718,0.440528,-0.047928,-0.116651,-0.169559,0.022381,-0.045191
4541,97678.803684196,0.465421,13.282463,0.523171,0.440645,-0.044739,-0.119599,-0.171785,0.021886,-0.044346
4542,97678.808628044,0.463226,13.282581,0.522610,0.442209,-0.042054,-0.123050,-0.174011,0.021391,-0.043501
4543,97678.813571891,0.461025,13.282685,0.522032,0.445157,-0.039185,-0.126992,-0.176238,0.020897,-0.042655
4544,97678.818485221,0.458822,13.282774,0.521439,0.448735,-0.035295,-0.131558,-0.178450,0.020405,-0.041815
4545,97678.823429069,0.456589,13.282843,0.520820,0.452244,-0.030476,-0.136767,-0.180676,0.019911,-0.040970
4546,97678.828372917,0.454339,13.282887,0.520175,0.454887,-0.024825,-0.142208,-0.182903,0.019416,-0.040124
4547,97678.833316764,0.452077,13.282902,0.519505,0.456609,-0.018702,-0.147060,-0.185129,0.018922,-0.039279
4548,97678.838260612,0.449807,13.282886,0.518811,0.457101,-0.012810,-0.151777,-0.187355,0.018427,-0.038433
4549,97678.843204460,0.447536,13.282841,0.518094,0.456994,-0.007762,-0.156462,-0.189582,0.017933,-0.037588
4550,97678.848117790,0.445281,13.282771,0.517358,0.457013,-0.004308,-0.160963,-0.189371,0.016556,-0.037344
4551,97678.853061638,0.443011,13.282683,0.516597,0.457582,-0.003504,-0.165434,-0.189159,0.015171,-0.037098
4552,97678.858005485,0.440739,13.282591,0.515813,0.458879,-0.006134,-0.169824,-0.188947,0.013786,-0.036852
4553,97678.862949333,0.438459,13.282511,0.515007,0.460917,-0.012054,-0.174471,-0.188736,0.012401,-0.036606
4554,97678.867862663,0.436182,13.282460,0.514183,0.463827,-0.020419,-0.179344,-0.188525,0.011024,-0.036362
4555,97678.872806511,0.433874,13.282450,0.513330,0.467874,-0.030556,-0.184273,-0.188313,0.009639,-0.036116
4556,97678.877750358,0.431543,13.282488,0.512452,0.473006,-0.041919,-0.188922,-0.188101,0.008254,-0.035871
4557,97678.882694206,0.429185,13.282580,0.511551,0.479138,-0.053751,-0.193027,-0.187890,0.006869,-0.035625
4558,97678.887638054,0.426793,13.282730,0.510629,0.486023,-0.065700,-0.195963,-0.187678,0.005484,-0.035379
4559,97678.892551384,0.424380,13.282936,0.509699,0.493650,-0.077609,-0.197512,-0.187467,0.004108,-0.035135
4560,97678.897495231,0.421911,13.283200,0.508754,0.501539,-0.089093,-0.197942,-0.187256,0.002723,-0.034889
4561,97678.902439079,0.419400,13.283519,0.507808,0.509756,-0.099594,-0.197570,-0.187044,0.001338,-0.034643
4562,97678.907382927,0.416847,13.283888,0.506863,0.518401,-0.108921,-0.196447,-0.186832,-0.000047,-0.034398
4563,97678.912326774,0.414249,13.284301,0.505924,0.527990,-0.117346,-0.194661,-0.186620,-0.001432,-0.034152
4564,97678.917270622,0.411602,13.284754,0.504994,0.538748,-0.125144,-0.191769,-0.186408,-0.002818,-0.033906
4565,97678.922214470,0.408901,13.285243,0.504079,0.550655,-0.131317,-0.189222,-0.186197,-0.004203,-0.033660
4566,97678.927127800,0.406156,13.285758,0.503182,0.563139,-0.135354,-0.187215,-0.185986,-0.005579,-0.033416
4567,97678.932071647,0.403332,13.286292,0.502291,0.576498,-0.137894,-0.185322,-0.185774,-0.006964,-0.033170
4568,97678.937015495,0.400442,13.286837,0.501409,0.590576,-0.139191,-0.183618,-0.185562,-0.008349,-0.032925
4569,97678.941959343,0.397482,13.287385,0.500537,0.604550,-0.138945,-0.182488,-0.185351,-0.009734,-0.032679
4570,97678.946903190,0.394453,13.287929,0.499672,0.617398,-0.135813,-0.181756,-0.185139,-0.011119,-0.032433
4571,97678.951847038,0.391361,13.288454,0.498811,0.629498,-0.130849,-0.180326,-0.184927,-0.012504,-0.032187
4572,97678.956760368,0.388231,13.288950,0.497964,0.641653,-0.125600,-0.177129,-0.184716,-0.013881,-0.031943
4573,97678.961704216,0.385022,13.289420,0.497129,0.654409,-0.121128,-0.172077,-0.184505,-0.015266,-0.031697
4574,97678.966648063,0.381751,13.289866,0.496320,0.668220,-0.118692,-0.166084,-0.184293,-0.016651,-0.031451
4575,97678.971591911,0.378414,13.290297,0.495541,0.683032,-0.118856,-0.159763,-0.184081,-0.018036,-0.031206
4576,97678.976535759,0.375003,13.290726,0.494795,0.698957,-0.122317,-0.153349,-0.183869,-0.019421,-0.030960
4577,97678.981449089,0.371535,13.291167,0.494086,0.715496,-0.129943,-0.146608,-0.183659,-0.020798,-0.030716
4578,97678.986392936,0.367963,13.291644,0.493407,0.732504,-0.141800,-0.139001,-0.183447,-0.022183,-0.030470
4579,97678.991336784,0.364305,13.292177,0.492766,0.749219,-0.157442,-0.130589,-0.183235,-0.023568,-0.030224
4580,97678.996280632,0.360561,13.292784,0.492167,0.765447,-0.176176,-0.121553,-0.183023,-0.024953,-0.029978
4581,97679.001193962,0.356758,13.293477,0.491616,0.781012,-0.196557,-0.111731,-0.182813,-0.026329,-0.029734
4582,97679.006137809,0.352850,13.294272,0.491110,0.796515,-0.217458,-0.101619,-0.182601,-0.027714,-0.029488
4583,97679.011081657,0.348862,13.295167,0.490654,0.812040,-0.237433,-0.091727,-0.182389,-0.029099,-0.029243
4584,97679.016025505,0.344793,13.296158,0.490246,0.828023,-0.255599,-0.082731,-0.182177,-0.030484,-0.028997
4585,97679.020969352,0.340642,13.297236,0.489884,0.844583,-0.271714,-0.074840,-0.181966,-0.031869,-0.028751
4586,97679.025913200,0.336407,13.298390,0.489560,0.861795,-0.285473,-0.067867,-0.181754,-0.033254,-0.028505
4587,97679.030857048,0.332084,13.299609,0.489272,0.879587,-0.297018,-0.061175,-0.181440,-0.034357,-0.029611
4588,97679.035770378,0.327698,13.300874,0.489019,0.897643,-0.306637,-0.054372,-0.181129,-0.035452,-0.030710
4589,97679.040714225,0.323195,13.302191,0.488798,0.915695,-0.314528,-0.047717,-0.180815,-0.036554,-0.031816
4590,97679.045658073,0.318601,13.303543,0.488612,0.933850,-0.320760,-0.040785,-0.180502,-0.037656,-0.032922
4591,97679.050601921,0.313916,13.304922,0.488460,0.952624,-0.325637,-0.032591,-0.180189,-0.038758,-0.034028
4592,97679.055515251,0.309168,13.306314,0.488351,0.971774,-0.329542,-0.023226,-0.179877,-0.039853,-0.035127
4593,97679.060459098,0.304296,13.307729,0.488289,0.991788,-0.332821,-0.013440,-0.179564,-0.040955,-0.036233
4594,97679.065402946,0.299324,13.309158,0.488276,1.012481,-0.335248,-0.002917,-0.179250,-0.042058,-0.037339
4595,97679.070346794,0.294251,13.310594,0.488317,1.034450,-0.337475,0.008434,-0.178937,-0.043160,-0.038445
4596,97679.075260124,0.289102,13.312029,0.488415,1.057761,-0.340362,0.020364,-0.178625,-0.044255,-0.039544
4597,97679.080203971,0.283805,13.313482,0.488574,1.082597,-0.344301,0.032711,-0.178312,-0.045357,-0.040650
4598,97679.085147819,0.278386,13.314950,0.488795,1.108871,-0.349849,0.045096,-0.177998,-0.046459,-0.041756
4599,97679.090091667,0.272837,13.316441,0.489080,1.135720,-0.357096,0.056793,-0.177685,-0.047561,-0.042862
4600,97679.095035514,0.267155,13.317962,0.489424,1.162174,-0.365651,0.067634,-0.175273,-0.046370,-0.043867
4601,97679.099979362,0.261341,13.319521,0.489822,1.187985,-0.375561,0.078707,-0.173885,-0.045243,-0.045403
4602,97679.104923210,0.255398,13.321123,0.490277,1.213017,-0.387387,0.090006,-0.172498,-0.044116,-0.046939
4603,97679.109836540,0.249367,13.322769,0.490786,1.236406,-0.400902,0.100821,-0.171120,-0.042995,-0.048466
4604,97679.114780388,0.243181,13.324488,0.491352,1.257822,-0.414832,0.110869,-0.169733,-0.041868,-0.050002
4605,97679.119724235,0.236887,13.326272,0.491969,1.275608,-0.427853,0.121044,-0.168346,-0.040741,-0.051539
4606,97679.124668083,0.230503,13.328116,0.492636,1.288457,-0.439338,0.132913,-0.166959,-0.039614,-0.053075
4607,97679.129611930,0.224054,13.330015,0.493363,1.297952,-0.449178,0.145910,-0.165572,-0.038487,-0.054611
4608,97679.134525261,0.217597,13.331950,0.494149,1.305771,-0.457219,0.158207,-0.164193,-0.037367,-0.056138
4609,97679.139469108,0.211061,13.333936,0.495001,1.311966,-0.463983,0.168514,-0.162806,-0.036239,-0.057674
4610,97679.144412956,0.204493,13.335954,0.495903,1.317246,-0.469533,0.177237,-0.161419,-0.035112,-0.059210
4611,97679.149356804,0.197898,13.337999,0.496849,1.323270,-0.471759,0.187790,-0.160032,-0.033985,-0.060746
4612,97679.154300651,0.191274,13.340054,0.497848,1.331069,-0.467889,0.202212,-0.158645,-0.032858,-0.062282
4613,97679.159213981,0.184654,13.342077,0.498912,1.338385,-0.461187,0.215044,-0.157267,-0.031738,-0.063809
4614,97679.164157829,0.177960,13.344078,0.500046,1.341401,-0.454545,0.226198,-0.155880,-0.030611,-0.065345
4615,97679.169101677,0.171253,13.346047,0.501237,1.337900,-0.449514,0.238422,-0.154493,-0.029483,-0.066882
4616,97679.174045524,0.164565,13.347993,0.502488,1.327727,-0.445987,0.253601,-0.153106,-0.028356,-0.068418
4617,97679.178989372,0.157929,13.349924,0.503814,1.311717,-0.442724,0.272109,-0.151719,-0.027229,-0.069954
4618,97679.183933220,0.151374,13.351844,0.505230,1.290876,-0.438831,0.293609,-0.150332,-0.026102,-0.071490
4619,97679.188877067,0.144925,13.353750,0.506751,1.265757,-0.434417,0.316498,-0.148945,-0.024975,-0.073026
4620,97679.193820915,0.138602,13.355642,0.508383,1.237599,-0.429421,0.338741,-0.147558,-0.023848,-0.074563
4621,97679.198764763,0.132421,13.357516,0.510124,1.208425,-0.424281,0.359229,-0.146171,-0.022721,-0.076099
4622,97679.203708610,0.126387,13.359372,0.511964,1.180122,-0.419862,0.377943,-0.144784,-0.021593,-0.077635
4623,97679.208621940,0.120531,13.361203,0.513883,1.153883,-0.416804,0.395122,-0.143405,-0.020473,-0.079162
4624,97679.213565788,0.114770,13.363037,0.515897,1.129735,-0.415143,0.411388,-0.142018,-0.019346,-0.080698
4625,97679.218509636,0.109130,13.364868,0.517989,1.107671,-0.414393,0.426475,-0.140631,-0.018219,-0.082234
4626,97679.223453483,0.103600,13.366702,0.520155,1.087280,-0.413997,0.439417,-0.139244,-0.017092,-0.083770
4627,97679.228397331,0.098172,13.368539,0.522383,1.069045,-0.413615,0.449565,-0.137857,-0.015965,-0.085306
4628,97679.233341179,0.092835,13.370379,0.524660,1.053729,-0.413200,0.456591,-0.136470,-0.014838,-0.086843
4629,97679.238285026,0.087574,13.372220,0.526970,1.041899,-0.412876,0.461139,-0.135083,-0.013710,-0.088379
4630,97679.243228874,0.082372,13.374063,0.529302,1.034197,-0.412707,0.463618,-0.133696,-0.012583,-0.089915
4631,97679.248142204,0.077240,13.375895,0.531632,1.031160,-0.413007,0.464505,-0.132318,-0.011463,-0.091442
4632,97679.253086052,0.072091,13.377741,0.533980,1.032177,-0.413756,0.464593,-0.130931,-0.010336,-0.092978
4633,97679.258029899,0.066937,13.379590,0.536328,1.036094,-0.414778,0.464165,-0.129543,-0.009209,-0.094514
4634,97679.262943229,0.061795,13.381432,0.538660,1.041633,-0.415726,0.463460,-0.128165,-0.008089,-0.096041
4635,97679.267887077,0.056594,13.383289,0.541004,1.047811,-0.416383,0.461578,-0.126778,-0.006961,-0.097577
4636,97679.272830925,0.051362,13.385148,0.543338,1.053583,-0.417416,0.458792,-0.125391,-0.005834,-0.099113
4637,97679.277774772,0.046101,13.387011,0.545659,1.057797,-0.418914,0.455801,-0.124004,-0.004707,-0.100649
4638,97679.282718620,0.040818,13.388879,0.547966,1.059857,-0.420996,0.451438,-0.122617,-0.003580,-0.102186
4639,97679.287662468,0.035525,13.390758,0.550251,1.059019,-0.423015,0.445377,-0.121230,-0.002453,-0.103722
4640,97679.292575798,0.030268,13.392634,0.552492,1.054753,-0.424891,0.437913,-0.119851,-0.001333,-0.105249
4641,97679.297519645,0.024998,13.394532,0.554709,1.047410,-0.426918,0.429276,-0.118464,-0.000205,-0.106785
4642,97679.302463493,0.019763,13.396440,0.556884,1.037491,-0.429296,0.420001,-0.117077,0.000922,-0.108321
4643,97679.307407341,0.014576,13.398363,0.559011,1.025067,-0.431654,0.409539,-0.115690,0.002049,-0.109857
4644,97679.312351188,0.009449,13.400298,0.561086,1.010456,-0.434186,0.397982,-0.114303,0.003176,-0.111393
4645,97679.317295036,0.004393,13.402249,0.563102,0.994135,-0.437650,0.386029,-0.112916,0.004303,-0.112930
4646,97679.322238884,-0.000584,13.404220,0.565058,0.976775,-0.442035,0.373713,-0.111529,0.005430,-0.114466
4647,97679.327182731,-0.005477,13.406215,0.566951,0.958820,-0.446869,0.360520,-0.110142,0.006557,-0.116002
4648,97679.332096061,-0.010254,13.408225,0.568767,0.940396,-0.451759,0.346324,-0.108764,0.007678,-0.117529
4649,97679.337039909,-0.014971,13.410274,0.570521,0.921626,-0.456327,0.330605,-0.107377,0.008805,-0.119065
4650,97679.341983757,-0.019598,13.412349,0.572197,0.902792,-0.460156,0.313242,-0.106705,0.009893,-0.120868
4651,97679.346897087,-0.024106,13.414433,0.573775,0.884115,-0.462584,0.294563,-0.106037,0.010975,-0.122660
4652,97679.351840934,-0.028552,13.416545,0.575269,0.866051,-0.463937,0.274591,-0.105365,0.012064,-0.124463
4653,97679.356784782,-0.032910,13.418666,0.576663,0.848525,-0.464346,0.253251,-0.104693,0.013152,-0.126266
4654,97679.361698112,-0.037157,13.420778,0.577942,0.831722,-0.463866,0.230632,-0.104025,0.014234,-0.128058
4655,97679.366641960,-0.041349,13.422904,0.579116,0.815696,-0.462544,0.206415,-0.103353,0.015323,-0.129861
4656,97679.371585807,-0.045463,13.425025,0.580169,0.800324,-0.460403,0.180942,-0.102681,0.016411,-0.131664
4657,97679.376529655,-0.049502,13.427137,0.581096,0.785518,-0.457695,0.154266,-0.102009,0.017500,-0.133468
4658,97679.381473503,-0.053470,13.429237,0.581889,0.771205,-0.453884,0.127114,-0.101337,0.018588,-0.135271
4659,97679.386417350,-0.057368,13.431320,0.582548,0.757311,-0.448724,0.099464,-0.100665,0.019677,-0.137074
4660,97679.391330680,-0.061175,13.433365,0.583066,0.744347,-0.442420,0.071483,-0.099997,0.020759,-0.138866
4661,97679.396244011,-0.064919,13.435381,0.583445,0.732343,-0.434868,0.042817,-0.099330,0.021840,-0.140658
4662,97679.401187858,-0.068627,13.437373,0.583685,0.721364,-0.425732,0.013700,-0.098658,0.022929,-0.142461
4663,97679.406131706,-0.072281,13.439320,0.583781,0.710820,-0.415347,-0.015368,-0.097986,0.024018,-0.144264
4664,97679.411075554,-0.075883,13.441217,0.583733,0.700935,-0.403615,-0.044310,-0.097314,0.025106,-0.146067
4665,97679.415988884,-0.079413,13.443044,0.583543,0.691437,-0.390868,-0.073372,-0.096646,0.026188,-0.147859
4666,97679.420932731,-0.082918,13.444821,0.583209,0.681991,-0.377043,-0.102448,-0.095974,0.027276,-0.149662
4667,97679.425876579,-0.086376,13.446529,0.582731,0.672585,-0.362149,-0.131467,-0.095302,0.028365,-0.151465
4668,97679.430820427,-0.089785,13.448163,0.582109,0.662990,-0.346537,-0.161037,-0.094630,0.029454,-0.153269
4669,97679.435764274,-0.093146,13.449721,0.581342,0.653144,-0.330970,-0.191115,-0.093958,0.030542,-0.155072
4670,97679.440708122,-0.096458,13.451202,0.580426,0.643096,-0.315835,-0.220946,-0.093286,0.031631,-0.156875
4671,97679.445651970,-0.099718,13.452609,0.579362,0.632673,-0.301344,-0.249545,-0.092614,0.032719,-0.158678
4672,97679.450595817,-0.102926,13.453945,0.578158,0.621682,-0.287494,-0.276347,-0.091942,0.033808,-0.160481
4673,97679.455509147,-0.106059,13.455205,0.576829,0.610331,-0.274017,-0.300250,-0.091274,0.034890,-0.162273
4674,97679.460452995,-0.109154,13.456407,0.575374,0.598169,-0.260590,-0.319957,-0.090602,0.035978,-0.164076
4675,97679.465366325,-0.112169,13.457537,0.573831,0.585058,-0.247021,-0.334101,-0.089934,0.037060,-0.165868
4676,97679.470310173,-0.115136,13.458609,0.572208,0.570881,-0.233287,-0.341677,-0.089262,0.038148,-0.167671
4677,97679.475254020,-0.118031,13.459617,0.570548,0.556826,-0.220467,-0.341659,-0.088590,0.039237,-0.169474
4678,97679.480197868,-0.120853,13.460563,0.568887,0.546062,-0.209234,-0.333293,-0.087918,0.040326,-0.171277
4679,97679.485141716,-0.123619,13.461457,0.567268,0.540775,-0.198726,-0.317343,-0.087246,0.041414,-0.173081
4680,97679.490055046,-0.126339,13.462297,0.565737,0.542817,-0.187980,-0.297509,-0.086578,0.042496,-0.174873
4681,97679.494998893,-0.129082,13.463089,0.564296,0.553700,-0.176189,-0.275512,-0.085907,0.043585,-0.176676
4682,97679.499942741,-0.131874,13.463822,0.562965,0.572314,-0.163181,-0.253492,-0.085235,0.044673,-0.178479
4683,97679.504886589,-0.134754,13.464488,0.561744,0.596599,-0.149466,-0.232841,-0.084563,0.045762,-0.180282
4684,97679.509830436,-0.137750,13.465082,0.560629,0.625378,-0.134939,-0.215626,-0.083891,0.046850,-0.182085
4685,97679.514774284,-0.140883,13.465600,0.559601,0.657230,-0.119208,-0.203393,-0.083219,0.047939,-0.183888
4686,97679.519687614,-0.144149,13.466031,0.558644,0.691445,-0.103055,-0.194777,-0.082551,0.049021,-0.185680
4687,97679.524600944,-0.147579,13.466376,0.557732,0.727886,-0.088306,-0.187148,-0.081883,0.050102,-0.187472
4688,97679.529575309,-0.151228,13.466644,0.556850,0.766811,-0.076905,-0.178432,-0.081207,0.051198,-0.189286
4689,97679.534549675,-0.155068,13.466848,0.556016,0.807628,-0.069885,-0.166912,-0.080531,0.052293,-0.191101
4690,97679.539493522,-0.159084,13.467008,0.555246,0.850712,-0.068337,-0.151340,-0.079859,0.053381,-0.192904
4691,97679.544437370,-0.163311,13.467151,0.554557,0.896641,-0.073749,-0.131115,-0.079187,0.054470,-0.194707
4692,97679.549350700,-0.167737,13.467312,0.553975,0.944641,-0.086705,-0.106787,-0.078519,0.055552,-0.196499
4693,97679.554294548,-0.172429,13.467529,0.553512,0.992992,-0.105190,-0.079883,-0.077847,0.056640,-0.198302
4694,97679.559238395,-0.177361,13.467829,0.553185,1.038974,-0.124525,-0.053224,-0.077175,0.057729,-0.200105
4695,97679.564182243,-0.182523,13.468216,0.552992,1.080779,-0.141193,-0.029570,-0.076503,0.058817,-0.201908
4696,97679.569126091,-0.187893,13.468677,0.552918,1.117875,-0.152861,-0.011216,-0.075831,0.059906,-0.203711
4697,97679.574039421,-0.193414,13.469186,0.552936,1.149309,-0.159880,0.001259,-0.075163,0.060988,-0.205503
4698,97679.578983268,-0.199124,13.469727,0.553018,1.174579,-0.163821,0.008012,-0.074491,0.062076,-0.207307
4699,97679.583927116,-0.204960,13.470283,0.553135,1.192546,-0.165659,0.009476,-0.073819,0.063165,-0.209110
4700,97679.588870964,-0.210885,13.470843,0.553261,1.202746,-0.165976,0.006289,-0.074587,0.063109,-0.209818
4701,97679.593784294,-0.216823,13.471400,0.553371,1.204745,-0.165437,-0.000820,-0.075351,0.063054,-0.210523
4702,97679.598728141,-0.222809,13.471956,0.553446,1.198375,-0.163895,-0.011173,-0.076119,0.062998,-0.211231
4703,97679.603671989,-0.228764,13.472505,0.553470,1.184273,-0.160927,-0.023761,-0.076888,0.062942,-0.211940
4704,97679.608615837,-0.234649,13.473042,0.553431,1.162035,-0.156602,-0.037316,-0.077656,0.062887,-0.212649
4705,97679.613559684,-0.240424,13.473562,0.553324,1.132977,-0.151088,-0.049724,-0.078425,0.062831,-0.213357
4706,97679.618503532,-0.246056,13.474060,0.553153,1.099468,-0.145315,-0.057973,-0.079193,0.062775,-0.214066
4707,97679.623447380,-0.251522,13.474536,0.552940,1.064480,-0.140484,-0.058380,-0.079961,0.062720,-0.214775
4708,97679.628360710,-0.256781,13.474993,0.552723,1.031118,-0.137877,-0.046266,-0.080725,0.062664,-0.215479
4709,97679.633304557,-0.261906,13.475448,0.552563,1.000882,-0.137670,-0.017579,-0.081493,0.062609,-0.216187
4710,97679.638217888,-0.266850,13.475907,0.552542,0.974133,-0.139615,0.028428,-0.082257,0.062553,-0.216892
4711,97679.643161735,-0.271689,13.476387,0.552747,0.951341,-0.142987,0.078360,-0.083025,0.062498,-0.217600
4712,97679.648105583,-0.276412,13.476893,0.553197,0.930615,-0.143966,0.128032,-0.083794,0.062442,-0.218309
4713,97679.653049430,-0.281030,13.477410,0.553890,0.908857,-0.137832,0.176801,-0.084562,0.062386,-0.219018
4714,97679.657962761,-0.285508,13.477902,0.554817,0.886143,-0.121203,0.224162,-0.085326,0.062331,-0.219722
4715,97679.662906608,-0.289895,13.478323,0.555984,0.865179,-0.094280,0.270017,-0.086094,0.062275,-0.220431
4716,97679.667850456,-0.294169,13.478619,0.557377,0.849065,-0.061399,0.298907,-0.086862,0.062219,-0.221139
4717,97679.672763786,-0.298328,13.478756,0.558905,0.840492,-0.025229,0.301141,-0.087626,0.062164,-0.221844
4718,97679.677707634,-0.302463,13.478718,0.560454,0.838989,0.014414,0.282202,-0.088394,0.062108,-0.222552
4719,97679.682651481,-0.306583,13.478483,0.561912,0.841629,0.055162,0.245852,-0.089163,0.062053,-0.223261
4720,97679.687595329,-0.310709,13.478044,0.563194,0.843581,0.095201,0.194858,-0.089931,0.061997,-0.223969
4721,97679.692539177,-0.314841,13.477403,0.564225,0.841541,0.133454,0.134276,-0.090699,0.061941,-0.224678
4722,97679.697483024,-0.318958,13.476571,0.564959,0.832136,0.167730,0.072346,-0.091468,0.061885,-0.225387
4723,97679.702396354,-0.323001,13.475573,0.565386,0.814131,0.197033,0.017517,-0.092231,0.061830,-0.226091
4724,97679.707340202,-0.326978,13.474425,0.565545,0.787946,0.220955,-0.024938,-0.093000,0.061774,-0.226800
4725,97679.712284050,-0.330823,13.473161,0.565494,0.753856,0.236910,-0.053464,-0.093768,0.061719,-0.227508
4726,97679.717227897,-0.334498,13.471825,0.565300,0.711985,0.242901,-0.069491,-0.094767,0.061329,-0.226535
4727,97679.722141227,-0.337945,13.470475,0.565025,0.663378,0.237280,-0.074846,-0.095760,0.060942,-0.225568
4728,97679.727115593,-0.341195,13.469147,0.564717,0.608292,0.219055,-0.071615,-0.096765,0.060551,-0.224589
4729,97679.732059440,-0.344156,13.467929,0.564421,0.551308,0.188778,-0.059841,-0.097764,0.060161,-0.223616
4730,97679.737033805,-0.346859,13.466867,0.564176,0.497368,0.147392,-0.041024,-0.098769,0.059769,-0.222637
4731,97679.741947136,-0.349271,13.466034,0.564020,0.453106,0.098663,-0.019956,-0.099762,0.059382,-0.221670
4732,97679.746860466,-0.351475,13.465451,0.563962,0.422389,0.046127,0.000156,-0.100755,0.058995,-0.220703
4733,97679.751804313,-0.353551,13.465132,0.563997,0.407189,-0.005717,0.016484,-0.101754,0.058606,-0.219730
4734,97679.756717643,-0.355550,13.465073,0.564107,0.406388,-0.051661,0.027436,-0.102747,0.058219,-0.218762
4735,97679.761661491,-0.357566,13.465242,0.564270,0.415589,-0.089512,0.033348,-0.103746,0.057830,-0.217789
4736,97679.766605339,-0.359635,13.465596,0.564460,0.429710,-0.117738,0.035005,-0.104745,0.057440,-0.216816
4737,97679.771549186,-0.361781,13.466087,0.564658,0.444659,-0.136233,0.033232,-0.105744,0.057051,-0.215843
4738,97679.776462516,-0.363990,13.466662,0.564846,0.456889,-0.144992,0.029722,-0.106737,0.056664,-0.214876
4739,97679.781436882,-0.366290,13.467285,0.565020,0.465247,-0.144040,0.025459,-0.107742,0.056272,-0.213897
4740,97679.786350212,-0.368603,13.467894,0.565171,0.468614,-0.134954,0.022130,-0.108735,0.055885,-0.212930
4741,97679.791294059,-0.370945,13.468460,0.565307,0.467549,-0.119918,0.020006,-0.109734,0.055496,-0.211957
4742,97679.796237907,-0.373278,13.468952,0.565433,0.463715,-0.100925,0.017760,-0.110733,0.055106,-0.210984
4743,97679.801181755,-0.375589,13.469352,0.565549,0.459104,-0.079941,0.014183,-0.111732,0.054717,-0.210011
4744,97679.806095085,-0.377859,13.469646,0.565648,0.455284,-0.059515,0.009323,-0.112725,0.054330,-0.209044
4745,97679.811038932,-0.380119,13.469842,0.565725,0.452562,-0.041244,0.003532,-0.113724,0.053940,-0.208070
4746,97679.815982780,-0.382363,13.469948,0.565773,0.450813,-0.026202,-0.002558,-0.114723,0.053551,-0.207097
4747,97679.820926628,-0.384595,13.469980,0.565793,0.449311,-0.014696,-0.008062,-0.115722,0.053161,-0.206124
4748,97679.825870475,-0.386818,13.469955,0.565785,0.447470,-0.006211,-0.012610,-0.116721,0.052772,-0.205151
4749,97679.830814323,-0.389030,13.469888,0.565756,0.445216,-0.000477,-0.015943,-0.117720,0.052383,-0.204178
4750,97679.835727653,-0.391216,13.469793,0.565710,0.442500,0.002570,-0.018405,-0.117963,0.051272,-0.201774
4751,97679.840671501,-0.393403,13.469684,0.565652,0.439269,0.003633,-0.020332,-0.118207,0.050155,-0.199354
4752,97679.845615348,-0.395573,13.469569,0.565585,0.436612,0.003131,-0.021611,-0.118451,0.049038,-0.196935
4753,97679.850559196,-0.397730,13.469458,0.565511,0.435087,0.002167,-0.022700,-0.118696,0.047920,-0.194515
4754,97679.860477409,-0.402043,13.469245,0.565351,0.434696,0.001098,-0.025640,-0.119186,0.045679,-0.189661
4755,97679.865390739,-0.404178,13.469144,0.565257,0.435868,0.003040,-0.027846,-0.119429,0.044568,-0.187257
4756,97679.870304069,-0.406318,13.469034,0.565152,0.437065,0.006746,-0.030427,-0.119672,0.043458,-0.184852
4757,97679.875247917,-0.408477,13.468904,0.565035,0.438318,0.012397,-0.033261,-0.119916,0.042341,-0.182433
4758,97679.880191764,-0.410642,13.468746,0.564904,0.439318,0.019382,-0.036350,-0.120161,0.041223,-0.180013
4759,97679.885105095,-0.412796,13.468554,0.564759,0.440181,0.026619,-0.039756,-0.120404,0.040113,-0.177609
4760,97679.890048942,-0.414967,13.468325,0.564597,0.440941,0.033462,-0.043472,-0.120648,0.038996,-0.175190
4761,97679.894992790,-0.417141,13.468061,0.564417,0.441718,0.039099,-0.047474,-0.120892,0.037878,-0.172770
4762,97679.899936638,-0.419317,13.467770,0.564217,0.442840,0.042867,-0.051751,-0.121137,0.036761,-0.170351
4763,97679.904880485,-0.421499,13.467459,0.563997,0.444561,0.044409,-0.055897,-0.121381,0.035644,-0.167931
4764,97679.909793815,-0.423675,13.467142,0.563758,0.446830,0.044151,-0.059672,-0.121624,0.034533,-0.165527
4765,97679.914737663,-0.425876,13.466823,0.563499,0.449946,0.042324,-0.062946,-0.121869,0.033416,-0.163107
4766,97679.919650993,-0.428080,13.466515,0.563225,0.453663,0.039046,-0.065685,-0.122111,0.032306,-0.160703
4767,97679.924594841,-0.430317,13.466220,0.562937,0.457756,0.034634,-0.067933,-0.122356,0.031188,-0.158283
4768,97679.929538688,-0.432575,13.465945,0.562637,0.461948,0.029542,-0.070434,-0.122600,0.030071,-0.155864
4769,97679.934513054,-0.434869,13.465693,0.562323,0.466433,0.024006,-0.073143,-0.122846,0.028947,-0.153430
4770,97679.939426384,-0.437158,13.465471,0.562000,0.471501,0.018161,-0.076152,-0.123089,0.027837,-0.151025
4771,97679.944370231,-0.439488,13.465274,0.561659,0.477519,0.012487,-0.079202,-0.123333,0.026719,-0.148606
4772,97679.949314079,-0.441849,13.465104,0.561304,0.484330,0.007103,-0.082187,-0.123578,0.025602,-0.146186
4773,97679.954257927,-0.444245,13.464959,0.560934,0.491829,0.001904,-0.085458,-0.123822,0.024485,-0.143767
4774,97679.959201774,-0.446680,13.464838,0.560548,0.499698,-0.002860,-0.089030,-0.124067,0.023367,-0.141347
4775,97679.964115104,-0.449140,13.464739,0.560148,0.508088,-0.007813,-0.092388,-0.124310,0.022257,-0.138943
4776,97679.969058952,-0.451657,13.464661,0.559729,0.516510,-0.013239,-0.095474,-0.124554,0.021140,-0.136523
4777,97679.974002800,-0.454218,13.464609,0.559294,0.524904,-0.019135,-0.097755,-0.124798,0.020022,-0.134104
4778,97679.978946647,-0.456821,13.464584,0.558849,0.533492,-0.025478,-0.098560,-0.125043,0.018905,-0.131684
4779,97679.983890495,-0.459468,13.464588,0.558400,0.542072,-0.032191,-0.098360,-0.125287,0.017788,-0.129265
4780,97679.988803825,-0.462143,13.464623,0.557955,0.550919,-0.039116,-0.097754,-0.125530,0.016677,-0.126860
4781,97679.993747673,-0.464879,13.464691,0.557510,0.560482,-0.045946,-0.096288,-0.125775,0.015560,-0.124441
4782,97679.998691520,-0.467664,13.464790,0.557073,0.570458,-0.052470,-0.094436,-0.126019,0.014443,-0.122022
4783,97680.003635368,-0.470499,13.464920,0.556646,0.580956,-0.058562,-0.093389,-0.126263,0.013325,-0.119602
4784,97680.008579216,-0.473388,13.465078,0.556224,0.592172,-0.063844,-0.093673,-0.126508,0.012208,-0.117183
4785,97680.013492546,-0.476315,13.465258,0.555804,0.604095,-0.068018,-0.095222,-0.126751,0.011098,-0.114778
4786,97680.018436393,-0.479320,13.465457,0.555374,0.617219,-0.071515,-0.097545,-0.126995,0.009980,-0.112359
4787,97680.023380241,-0.482390,13.465671,0.554933,0.631661,-0.074987,-0.099313,-0.127239,0.008863,-0.109939
4788,97680.028324089,-0.485533,13.465898,0.554485,0.647408,-0.079132,-0.099387,-0.127484,0.007746,-0.107520
4789,97680.033267936,-0.488755,13.466142,0.554037,0.663859,-0.084110,-0.097602,-0.127728,0.006628,-0.105100
4790,97680.038181266,-0.492038,13.466406,0.553601,0.680812,-0.090254,-0.094384,-0.127971,0.005518,-0.102696
4791,97680.043125114,-0.495427,13.466699,0.553180,0.698462,-0.097116,-0.089781,-0.128216,0.004401,-0.100276
4792,97680.048068962,-0.498904,13.467022,0.552783,0.716656,-0.104307,-0.083827,-0.128460,0.003283,-0.097857
4793,97680.053012809,-0.502472,13.467376,0.552415,0.735158,-0.111496,-0.076828,-0.128704,0.002166,-0.095438
4794,97680.057956657,-0.506132,13.467763,0.552083,0.753377,-0.118492,-0.069358,-0.128949,0.001049,-0.093018
4795,97680.062900505,-0.509883,13.468181,0.551790,0.771138,-0.125446,-0.061113,-0.129193,-0.000068,-0.090599
4796,97680.067844352,-0.513723,13.468630,0.551537,0.788780,-0.132683,-0.051805,-0.129438,-0.001186,-0.088179
4797,97680.072757682,-0.517627,13.469108,0.551333,0.806254,-0.139785,-0.042047,-0.129681,-0.002296,-0.085775
4798,97680.077701530,-0.521642,13.469621,0.551177,0.824033,-0.146795,-0.032187,-0.129925,-0.003413,-0.083355
4799,97680.082645378,-0.525746,13.470166,0.551070,0.842559,-0.154261,-0.022186,-0.130169,-0.004531,-0.080936
4800,97680.087589225,-0.529942,13.470744,0.551014,0.862219,-0.161965,-0.012225,-0.128380,-0.003605,-0.080045
4801,97680.092502555,-0.534210,13.471353,0.551008,0.882844,-0.170174,-0.002237,-0.126601,-0.002686,-0.079159
4802,97680.097446403,-0.538607,13.472002,0.551052,0.904265,-0.178761,0.007002,-0.124812,-0.001760,-0.078268
4803,97680.102390251,-0.543111,13.472689,0.551144,0.925620,-0.187800,0.014777,-0.123022,-0.000835,-0.077377
4804,97680.107334098,-0.547722,13.473417,0.551274,0.946833,-0.196930,0.020817,-0.121233,0.000091,-0.076486
4805,97680.112277946,-0.552439,13.474186,0.551436,0.968381,-0.205995,0.025455,-0.119443,0.001016,-0.075595
4806,97680.117221794,-0.557264,13.474996,0.551621,0.989976,-0.214583,0.029723,-0.117654,0.001942,-0.074704
4807,97680.122135124,-0.562168,13.475838,0.551828,1.011083,-0.222308,0.033832,-0.115875,0.002861,-0.073818
4808,97680.127078971,-0.567207,13.476719,0.552057,1.032005,-0.228729,0.038717,-0.114086,0.003787,-0.072927
4809,97680.132022819,-0.572350,13.477628,0.552311,1.052801,-0.234247,0.045431,-0.112296,0.004712,-0.072036
4810,97680.136966667,-0.577597,13.478560,0.552600,1.073497,-0.238812,0.053562,-0.110507,0.005638,-0.071145
4811,97680.141910514,-0.582947,13.479510,0.552930,1.094021,-0.242480,0.062203,-0.108717,0.006563,-0.070254
4812,97680.146823845,-0.588364,13.480469,0.553302,1.115011,-0.245001,0.070841,-0.106939,0.007483,-0.069368
4813,97680.151767692,-0.593919,13.481442,0.553721,1.136911,-0.246356,0.079812,-0.105149,0.008408,-0.068477
4814,97680.156711540,-0.599581,13.482418,0.554185,1.159780,-0.247149,0.088728,-0.103360,0.009334,-0.067586
4815,97680.161655388,-0.605356,13.483393,0.554695,1.183380,-0.248347,0.096993,-0.101570,0.010259,-0.066695
4816,97680.166568718,-0.611211,13.484364,0.555244,1.207583,-0.250058,0.104365,-0.099792,0.011179,-0.065809
4817,97680.171512565,-0.617222,13.485344,0.555835,1.232691,-0.252474,0.111384,-0.098002,0.012104,-0.064918
4818,97680.176456413,-0.623356,13.486331,0.556462,1.258799,-0.255321,0.118441,-0.096213,0.013030,-0.064027
4819,97680.181400261,-0.629620,13.487327,0.557126,1.285358,-0.259083,0.125849,-0.094423,0.013955,-0.063136
4820,97680.186344108,-0.636015,13.488336,0.557828,1.311542,-0.264460,0.134108,-0.092634,0.014881,-0.062245
4821,97680.191287956,-0.642540,13.489367,0.558572,1.336513,-0.271653,0.143154,-0.090844,0.015806,-0.061354
4822,97680.196201286,-0.649148,13.490422,0.559358,1.359191,-0.280743,0.152383,-0.089066,0.016726,-0.060468
4823,97680.201145134,-0.655911,13.491524,0.560196,1.379462,-0.291437,0.162265,-0.087277,0.017651,-0.059577
4824,97680.206088981,-0.662775,13.492675,0.561083,1.397400,-0.302515,0.173587,-0.085487,0.018577,-0.058686
4825,97680.211032829,-0.669730,13.493877,0.562027,1.412215,-0.313132,0.186894,-0.083697,0.019502,-0.057795
4826,97680.215976677,-0.676759,13.495130,0.563037,1.422945,-0.322632,0.202076,-0.081908,0.020428,-0.056904
4827,97680.220920524,-0.683841,13.496428,0.564122,1.431090,-0.330994,0.218088,-0.080118,0.021353,-0.056013
4828,97680.225864372,-0.690965,13.497767,0.565286,1.437187,-0.337954,0.233380,-0.078329,0.022279,-0.055122
4829,97680.230808220,-0.698120,13.499139,0.566527,1.441165,-0.343687,0.247490,-0.076539,0.023204,-0.054231
4830,97680.235752067,-0.705294,13.500540,0.567837,1.443631,-0.347478,0.261085,-0.074750,0.024130,-0.053339
4831,97680.240665397,-0.712436,13.501952,0.569205,1.445575,-0.345139,0.277600,-0.072972,0.025049,-0.052454
4832,97680.245609245,-0.719630,13.503361,0.570664,1.447299,-0.335342,0.295807,-0.071182,0.025975,-0.051563
4833,97680.250522575,-0.726785,13.504714,0.572204,1.447893,-0.324095,0.311081,-0.069404,0.026895,-0.050677
4834,97680.255466423,-0.733983,13.506021,0.573830,1.444746,-0.314453,0.324964,-0.067614,0.027820,-0.049786
4835,97680.260410270,-0.741163,13.507282,0.575525,1.436589,-0.307404,0.338812,-0.065825,0.028745,-0.048895
4836,97680.265354118,-0.748301,13.508510,0.577288,1.424131,-0.302743,0.354656,-0.064035,0.029671,-0.048004
4837,97680.270267448,-0.755330,13.509712,0.579118,1.408000,-0.299203,0.373260,-0.062257,0.030591,-0.047118
4838,97680.275211296,-0.762322,13.510909,0.581049,1.387814,-0.296235,0.393671,-0.060467,0.031516,-0.046227
4839,97680.280155143,-0.769212,13.512096,0.583081,1.363997,-0.293898,0.414279,-0.058678,0.032441,-0.045336
4840,97680.285098991,-0.775982,13.513279,0.585212,1.337833,-0.292507,0.434158,-0.056888,0.033367,-0.044445
4841,97680.290042839,-0.782622,13.514461,0.587440,1.310774,-0.292242,0.452609,-0.055099,0.034292,-0.043554
4842,97680.294986686,-0.789126,13.515649,0.589757,1.284038,-0.293339,0.470035,-0.053309,0.035218,-0.042663
4843,97680.299900016,-0.795458,13.516842,0.592144,1.258958,-0.295666,0.486476,-0.051531,0.036138,-0.041777
4844,97680.304843864,-0.801705,13.518061,0.594624,1.235389,-0.298490,0.501887,-0.049741,0.037063,-0.040886
4845,97680.309787712,-0.807835,13.519299,0.597179,1.213588,-0.301432,0.515832,-0.047952,0.037988,-0.039995
4846,97680.314731559,-0.813857,13.520558,0.599801,1.194401,-0.303929,0.527251,-0.046162,0.038914,-0.039104
4847,97680.319675407,-0.819784,13.521834,0.602478,1.178658,-0.305777,0.535711,-0.044373,0.039839,-0.038213
4848,97680.324588737,-0.825597,13.523114,0.605178,1.167063,-0.307056,0.541427,-0.042594,0.040759,-0.037327
4849,97680.329532585,-0.831388,13.524412,0.607923,1.160167,-0.307753,0.544427,-0.040805,0.041685,-0.036436
4850,97680.334476432,-0.837146,13.525716,0.610682,1.158606,-0.308073,0.545276,-0.039999,0.042467,-0.035044
4851,97680.339420280,-0.842895,13.527021,0.613445,1.162103,-0.308303,0.544712,-0.039193,0.043250,-0.033652
4852,97680.344364128,-0.848662,13.528326,0.616205,1.169761,-0.309015,0.542995,-0.038387,0.044032,-0.032259
4853,97680.349307975,-0.854468,13.529633,0.618958,1.180105,-0.309729,0.540283,-0.037582,0.044815,-0.030867
4854,97680.354221305,-0.860288,13.530934,0.621681,1.190865,-0.310609,0.536800,-0.036781,0.045592,-0.029484
4855,97680.359195671,-0.866235,13.532252,0.624421,1.200441,-0.312177,0.531965,-0.035970,0.046380,-0.028083
4856,97680.364109001,-0.872156,13.533559,0.627104,1.207763,-0.314472,0.526086,-0.035169,0.047157,-0.026699
4857,97680.369052848,-0.878151,13.534884,0.629775,1.212122,-0.317004,0.519051,-0.034364,0.047940,-0.025307
4858,97680.373966179,-0.884132,13.536212,0.632396,1.213145,-0.319770,0.510885,-0.033563,0.048717,-0.023923
4859,97680.378910026,-0.890156,13.537561,0.634992,1.210550,-0.323238,0.502456,-0.032757,0.049500,-0.022531
4860,97680.383853874,-0.896169,13.538927,0.637546,1.204779,-0.327283,0.493960,-0.031952,0.050282,-0.021139
4861,97680.388797721,-0.902154,13.540314,0.640058,1.195921,-0.332031,0.485527,-0.031146,0.051065,-0.019747
4862,97680.393741569,-0.908098,13.541725,0.642527,1.183946,-0.337454,0.477001,-0.030340,0.051847,-0.018354
4863,97680.398685417,-0.913984,13.543166,0.644953,1.169575,-0.343543,0.468354,-0.029534,0.052630,-0.016962
4864,97680.403598747,-0.919765,13.544630,0.647319,1.153505,-0.350417,0.459628,-0.028734,0.053408,-0.015579
4865,97680.408542595,-0.925505,13.546139,0.649656,1.136765,-0.358273,0.450007,-0.028522,0.053678,-0.014981
4866,97680.413486442,-0.931165,13.547691,0.651944,1.119295,-0.366570,0.439475,-0.028311,0.053949,-0.014383
4867,97680.418430290,-0.936740,13.549287,0.654177,1.101320,-0.374830,0.427862,-0.028100,0.054220,-0.013785
4868,97680.423374138,-0.942230,13.550927,0.656351,1.083527,-0.383148,0.414746,-0.027889,0.054491,-0.013187
4869,97680.428317985,-0.947635,13.552611,0.658459,1.066184,-0.391369,0.399867,-0.027678,0.054762,-0.012589
4870,97680.433231315,-0.952924,13.554327,0.660479,1.049304,-0.399043,0.383504,-0.027468,0.055031,-0.011994
4871,97680.438175163,-0.958165,13.556095,0.662429,1.032935,-0.406499,0.365347,-0.027257,0.055302,-0.011396
4872,97680.443119011,-0.963328,13.557902,0.664287,1.017264,-0.413525,0.345490,-0.027046,0.055573,-0.010798
4873,97680.448062858,-0.968417,13.559746,0.666046,1.002322,-0.419760,0.323907,-0.026835,0.055844,-0.010200
4874,97680.453006706,-0.973435,13.561623,0.667696,0.988186,-0.425053,0.300726,-0.026624,0.056115,-0.009602
4875,97680.457920036,-0.978356,13.563515,0.669221,0.974807,-0.429641,0.275968,-0.026414,0.056384,-0.009008
4876,97680.462863884,-0.983244,13.565444,0.670632,0.961355,-0.433280,0.250095,-0.026203,0.056655,-0.008410
4877,97680.467807731,-0.988068,13.567391,0.671914,0.947980,-0.435196,0.223695,-0.025992,0.056926,-0.007812
4878,97680.472751579,-0.992828,13.569349,0.673064,0.934831,-0.435698,0.196535,-0.025781,0.057197,-0.007214
4879,97680.477664909,-0.997496,13.571299,0.674072,0.922331,-0.434701,0.169253,-0.025571,0.057466,-0.006620
4880,97680.482608757,-1.002133,13.573257,0.674952,0.910242,-0.432529,0.141617,-0.025360,0.057737,-0.006022
4881,97680.487552604,-1.006713,13.575205,0.675693,0.898641,-0.428893,0.113948,-0.025149,0.058008,-0.005424
4882,97680.492496452,-1.011236,13.577136,0.676298,0.887486,-0.423711,0.086596,-0.024938,0.058279,-0.004826
4883,97680.497440300,-1.015704,13.579042,0.676766,0.876989,-0.417079,0.059894,-0.024727,0.058550,-0.004227
4884,97680.502384147,-1.020122,13.580916,0.677103,0.866723,-0.409079,0.033289,-0.024516,0.058821,-0.003629
4885,97680.507297477,-1.024462,13.582739,0.677306,0.856903,-0.399855,0.007214,-0.024306,0.059090,-0.003035
4886,97680.512241325,-1.028780,13.584529,0.677381,0.847554,-0.389315,-0.018769,-0.024095,0.059361,-0.002437
4887,97680.517185173,-1.033052,13.586267,0.677328,0.838736,-0.377840,-0.044586,-0.023884,0.059632,-0.001839
4888,97680.522098503,-1.037253,13.587939,0.677149,0.830393,-0.365984,-0.069806,-0.023674,0.059901,-0.001245
4889,97680.527072868,-1.041464,13.589572,0.676842,0.822384,-0.354242,-0.095175,-0.023461,0.060174,-0.000643
4890,97680.532016716,-1.045609,13.591137,0.676411,0.814643,-0.343180,-0.120290,-0.023250,0.060444,-0.000045
4891,97680.536960563,-1.049716,13.592648,0.675857,0.806879,-0.332793,-0.144313,-0.023039,0.060715,0.000553
4892,97680.541904411,-1.053783,13.594108,0.675183,0.798909,-0.323055,-0.166683,-0.022828,0.060986,0.001151
4893,97680.546848259,-1.057811,13.595520,0.674400,0.790522,-0.314088,-0.186516,-0.022617,0.061257,0.001749
4894,97680.551792106,-1.061796,13.596889,0.673518,0.781397,-0.306023,-0.202582,-0.022406,0.061528,0.002347
4895,97680.556735954,-1.065736,13.598218,0.672556,0.771118,-0.298309,-0.213559,-0.022195,0.061799,0.002945
4896,97680.561649284,-1.069601,13.599503,0.671546,0.759936,-0.290541,-0.217999,-0.021985,0.062068,0.003539
4897,97680.566593132,-1.073433,13.600760,0.670508,0.749037,-0.282278,-0.215357,-0.021774,0.062339,0.004137
4898,97680.571536979,-1.077208,13.601978,0.669482,0.740713,-0.273105,-0.206006,-0.021563,0.062610,0.004735
4899,97680.576480827,-1.080941,13.603154,0.668503,0.737569,-0.261579,-0.190659,-0.021352,0.062881,0.005333
4900,97680.581424675,-1.084654,13.604274,0.667599,0.740700,-0.247219,-0.172576,-0.024598,0.060641,0.007314
4901,97680.586338005,-1.088355,13.605317,0.666792,0.750099,-0.230579,-0.154261,-0.027825,0.058415,0.009282
4902,97680.591281852,-1.092120,13.606284,0.666071,0.764916,-0.211648,-0.136671,-0.031072,0.056175,0.011262
4903,97680.596225700,-1.095954,13.607155,0.665440,0.783972,-0.190824,-0.121905,-0.034318,0.053935,0.013242
4904,97680.601169548,-1.099876,13.607920,0.664884,0.806462,-0.169283,-0.110371,-0.037565,0.051695,0.015222
4905,97680.606113395,-1.103903,13.608575,0.664388,0.831554,-0.147233,-0.102123,-0.040812,0.049455,0.017203
4906,97680.611026725,-1.108023,13.609112,0.663939,0.858621,-0.125537,-0.096013,-0.044038,0.047229,0.019171
4907,97680.615940055,-1.112272,13.609537,0.663524,0.887132,-0.105722,-0.089753,-0.047265,0.045003,0.021139
4908,97680.620883903,-1.116682,13.609862,0.663140,0.917410,-0.089906,-0.080933,-0.050512,0.042763,0.023119
4909,97680.625827751,-1.121238,13.610102,0.662802,0.949711,-0.078825,-0.067477,-0.053758,0.040523,0.025099
4910,97680.630771598,-1.125950,13.610282,0.662535,0.984631,-0.073161,-0.047597,-0.057005,0.038283,0.027079
4911,97680.635715446,-1.130832,13.610427,0.662368,1.022630,-0.073106,-0.020443,-0.060252,0.036043,0.029060
4912,97680.640659294,-1.135900,13.610565,0.662339,1.063286,-0.078732,0.012482,-0.063498,0.033803,0.031040
4913,97680.645603141,-1.141167,13.610725,0.662475,1.105354,-0.088944,0.048653,-0.066745,0.031563,0.033020
4914,97680.650516471,-1.146608,13.610927,0.662790,1.147106,-0.100655,0.083150,-0.069972,0.029336,0.034988
4915,97680.655460319,-1.152289,13.611181,0.663281,1.187385,-0.109753,0.111579,-0.073218,0.027096,0.036968
4916,97680.660373649,-1.158133,13.611471,0.663910,1.224423,-0.113380,0.131422,-0.076445,0.024870,0.038936
4917,97680.665317497,-1.164195,13.611774,0.664644,1.258130,-0.113364,0.142007,-0.079692,0.022630,0.040917
4918,97680.670261345,-1.170422,13.612071,0.665432,1.287560,-0.110940,0.142904,-0.082938,0.020390,0.042897
4919,97680.675205192,-1.176795,13.612349,0.666228,1.311688,-0.106937,0.134878,-0.086185,0.018150,0.044877
4920,97680.680149040,-1.183286,13.612602,0.666986,1.330291,-0.102949,0.119412,-0.089432,0.015910,0.046857
4921,97680.685092888,-1.189870,13.612830,0.667669,1.343015,-0.100277,0.098019,-0.092679,0.013670,0.048838
4922,97680.690006218,-1.196476,13.613039,0.668243,1.348744,-0.098875,0.072101,-0.095905,0.011444,0.050806
4923,97680.694950065,-1.203153,13.613240,0.668694,1.347073,-0.098185,0.042826,-0.099152,0.009204,0.052786
4924,97680.699893913,-1.209824,13.613437,0.669000,1.337500,-0.097675,0.011854,-0.102399,0.006964,0.054766
4925,97680.704837761,-1.216450,13.613630,0.669152,1.320064,-0.096295,-0.019221,-0.105645,0.004724,0.056746
4926,97680.709781608,-1.222991,13.613819,0.669150,1.295145,-0.094042,-0.048156,-0.108892,0.002484,0.058727
4927,97680.714694938,-1.229372,13.613999,0.669003,1.264797,-0.090940,-0.071817,-0.112119,0.000258,0.060695
4928,97680.719669304,-1.235682,13.614171,0.668735,1.230518,-0.086736,-0.087418,-0.115385,-0.001996,0.062687
4929,97680.724613151,-1.241784,13.614327,0.668389,1.195111,-0.081795,-0.092211,-0.118632,-0.004236,0.064667
4930,97680.729556999,-1.247710,13.614467,0.668018,1.159702,-0.077013,-0.083277,-0.121879,-0.006476,0.066648
4931,97680.734500846,-1.253460,13.614591,0.667688,1.124887,-0.072921,-0.057117,-0.125125,-0.008716,0.068628
4932,97680.739444694,-1.259035,13.614704,0.667484,1.090928,-0.069837,-0.011911,-0.128372,-0.010956,0.070608
4933,97680.744388542,-1.264439,13.614812,0.667503,1.059036,-0.068527,0.036143,-0.131619,-0.013196,0.072588
4934,97680.749301872,-1.269649,13.614923,0.667754,1.027986,-0.066225,0.083782,-0.134845,-0.015422,0.074556
4935,97680.754245720,-1.274734,13.615033,0.668241,0.995305,-0.060406,0.131507,-0.138092,-0.017662,0.076537
4936,97680.759189567,-1.279653,13.615124,0.668961,0.960445,-0.050739,0.178941,-0.141339,-0.019902,0.078517
4937,97680.764102897,-1.284366,13.615178,0.669908,0.928572,-0.037289,0.225634,-0.144565,-0.022128,0.080485
4938,97680.769046745,-1.288943,13.615175,0.671090,0.907662,-0.021903,0.259562,-0.147812,-0.024368,0.082465
4939,97680.773990593,-1.293412,13.615103,0.672439,0.904235,-0.005248,0.270657,-0.151059,-0.026608,0.084445
4940,97680.778934440,-1.297859,13.614950,0.673844,0.916950,0.012277,0.265259,-0.154305,-0.028848,0.086426
4941,97680.783878288,-1.302366,13.614708,0.675224,0.937339,0.028943,0.245254,-0.157552,-0.031088,0.088406
4942,97680.788822136,-1.306971,13.614378,0.676508,0.955382,0.045853,0.211059,-0.160799,-0.033328,0.090386
4943,97680.793735466,-1.311635,13.613960,0.677618,0.964235,0.065152,0.164727,-0.164025,-0.035554,0.092354
4944,97680.798679313,-1.316371,13.613440,0.678508,0.960230,0.087197,0.109844,-0.167272,-0.037794,0.094335
4945,97680.803623161,-1.321087,13.612809,0.679128,0.943284,0.111978,0.052814,-0.170519,-0.040034,0.096315
4946,97680.808567009,-1.325717,13.612055,0.679465,0.915818,0.138073,0.001427,-0.173765,-0.042274,0.098295
4947,97680.813510856,-1.330210,13.611175,0.679549,0.879990,0.160864,-0.037606,-0.177012,-0.044514,0.100275
4948,97680.818454704,-1.334523,13.610188,0.679438,0.836814,0.175569,-0.061755,-0.180259,-0.046754,0.102256
4949,97680.823398552,-1.338622,13.609136,0.679205,0.787813,0.179045,-0.072489,-0.183505,-0.048994,0.104236
4950,97680.828281364,-1.342432,13.608089,0.678920,0.734927,0.170022,-0.072444,-0.187519,-0.051749,0.105083
4951,97680.833255729,-1.346052,13.607080,0.678625,0.679049,0.147594,-0.064676,-0.191608,-0.054556,0.105947
4952,97680.838199577,-1.349378,13.606200,0.678365,0.626009,0.112184,-0.051023,-0.195672,-0.057346,0.106805
4953,97680.843143425,-1.352448,13.605507,0.678166,0.579748,0.065954,-0.034826,-0.199736,-0.060135,0.107664
4954,97680.848056755,-1.355282,13.605057,0.678041,0.543548,0.013389,-0.018916,-0.203775,-0.062908,0.108516
4955,97680.853000602,-1.357965,13.604872,0.677989,0.519524,-0.041855,-0.005144,-0.207839,-0.065698,0.109375
4956,97680.857944450,-1.360540,13.604966,0.678000,0.508188,-0.095174,0.004615,-0.211903,-0.068487,0.110233
4957,97680.862888298,-1.363070,13.605326,0.678055,0.506793,-0.142420,0.009840,-0.215967,-0.071277,0.111091
4958,97680.867832145,-1.365603,13.605920,0.678132,0.510595,-0.180484,0.011219,-0.220030,-0.074067,0.111950
4959,97680.872745475,-1.368147,13.606697,0.678214,0.515930,-0.207873,0.009839,-0.224069,-0.076839,0.112803
4960,97680.877689323,-1.370740,13.607613,0.678289,0.520397,-0.224380,0.007024,-0.228133,-0.079629,0.113661
4961,97680.882633171,-1.373358,13.608609,0.678349,0.523051,-0.229594,0.003704,-0.232197,-0.082418,0.114519
4962,97680.887577018,-1.375991,13.609629,0.678392,0.523853,-0.224040,0.000482,-0.236261,-0.085208,0.115377
4963,97680.892520866,-1.378627,13.610623,0.678420,0.523510,-0.209682,-0.002810,-0.240325,-0.087998,0.116236
4964,97680.897464714,-1.381258,13.611545,0.678433,0.522971,-0.188670,-0.006536,-0.244389,-0.090787,0.117094
4965,97680.902378044,-1.383866,13.612358,0.678428,0.522936,-0.163805,-0.011049,-0.248428,-0.093560,0.117947
4966,97680.907321891,-1.386485,13.613053,0.678403,0.523756,-0.137345,-0.016264,-0.252492,-0.096349,0.118805
4967,97680.912265739,-1.389102,13.613617,0.678353,0.524668,-0.111061,-0.022038,-0.256556,-0.099139,0.119663
4968,97680.917209587,-1.391719,13.614050,0.678276,0.524864,-0.086812,-0.028424,-0.260619,-0.101929,0.120522
4969,97680.922122917,-1.394316,13.614362,0.678170,0.523685,-0.066168,-0.034941,-0.264658,-0.104701,0.121375
4970,97680.927066764,-1.396919,13.614573,0.678033,0.521154,-0.049752,-0.040755,-0.268722,-0.107491,0.122233
4971,97680.932010612,-1.399507,13.614703,0.677867,0.517568,-0.037432,-0.045494,-0.272786,-0.110280,0.123091
4972,97680.936954460,-1.402074,13.614773,0.677678,0.512791,-0.028176,-0.049441,-0.276850,-0.113070,0.123949
4973,97680.941898307,-1.404616,13.614798,0.677470,0.506955,-0.021516,-0.052444,-0.280914,-0.115860,0.124808
4974,97680.946842155,-1.407128,13.614792,0.677248,0.500262,-0.016722,-0.055636,-0.284978,-0.118649,0.125666
4975,97680.951755485,-1.409591,13.614763,0.677010,0.493311,-0.013162,-0.059713,-0.289017,-0.121422,0.126519
4976,97680.956699333,-1.412034,13.614717,0.676751,0.486769,-0.010519,-0.064561,-0.293081,-0.124211,0.127377
4977,97680.961643180,-1.414445,13.614660,0.676467,0.481729,-0.008624,-0.069747,-0.297144,-0.127001,0.128235
4978,97680.966587028,-1.416831,13.614594,0.676158,0.478286,-0.007322,-0.075449,-0.301208,-0.129791,0.129094
4979,97680.971530876,-1.419200,13.614522,0.675820,0.476120,-0.005418,-0.081474,-0.305272,-0.132580,0.129952
4980,97680.976444206,-1.421544,13.614441,0.675455,0.474740,-0.002300,-0.087557,-0.309311,-0.135353,0.130805
4981,97680.981388054,-1.423895,13.614344,0.675057,0.473364,0.001962,-0.093713,-0.313375,-0.138143,0.131663
4982,97680.986331901,-1.426239,13.614226,0.674629,0.471388,0.007243,-0.099757,-0.317439,-0.140932,0.132521
4983,97680.991275749,-1.428573,13.614082,0.674172,0.468489,0.013180,-0.105295,-0.321503,-0.143722,0.133380
4984,97680.996189079,-1.430877,13.613910,0.673690,0.464967,0.019200,-0.110557,-0.325542,-0.146494,0.134233
4985,97681.001132927,-1.433177,13.613707,0.673179,0.460772,0.024576,-0.115558,-0.329606,-0.149284,0.135091
4986,97681.006076774,-1.435455,13.613479,0.672644,0.456544,0.028344,-0.120302,-0.333670,-0.152074,0.135949
4987,97681.011020622,-1.437712,13.613232,0.672084,0.453185,0.030068,-0.124904,-0.337733,-0.154863,0.136807
4988,97681.015964470,-1.439953,13.612978,0.671503,0.450970,0.029448,-0.129237,-0.341797,-0.157653,0.137666
4989,97681.020908317,-1.442183,13.612727,0.670899,0.449990,0.026690,-0.133387,-0.345861,-0.160443,0.138524
4990,97681.025791130,-1.444382,13.612492,0.670283,0.450205,0.022414,-0.137709,-0.349875,-0.163198,0.139372
4991,97681.030765495,-1.446624,13.612274,0.669633,0.451820,0.017142,-0.142161,-0.353964,-0.166005,0.140235
4992,97681.035709343,-1.448861,13.612082,0.668965,0.454826,0.011151,-0.146474,-0.358028,-0.168794,0.141093
4993,97681.040653190,-1.451116,13.611920,0.668275,0.458906,0.004245,-0.150617,-0.362092,-0.171584,0.141952
4994,97681.045597038,-1.453392,13.611790,0.667565,0.464032,-0.003062,-0.154424,-0.366156,-0.174374,0.142810
4995,97681.050540886,-1.455695,13.611695,0.666836,0.469830,-0.010089,-0.158223,-0.370220,-0.177163,0.143668
4996,97681.055454216,-1.458015,13.611633,0.666093,0.476218,-0.016241,-0.161355,-0.374258,-0.179936,0.144521
4997,97681.060398063,-1.460382,13.611600,0.665330,0.483174,-0.021372,-0.163371,-0.378322,-0.182725,0.145379
4998,97681.065341911,-1.462784,13.611591,0.664557,0.490230,-0.025157,-0.163995,-0.382386,-0.185515,0.146238
4999,97681.070285759,-1.465222,13.611599,0.663781,0.497555,-0.027759,-0.163323,-0.386450,-0.188305,0.147096
5000,97681.075199089,-1.467682,13.611618,0.663014,0.504802,-0.029270,-0.161124,-0.386319,-0.189117,0.145883
5001,97681.080142936,-1.470193,13.611643,0.662253,0.511936,-0.029454,-0.157509,-0.386395,-0.189873,0.144230
5002,97681.085086784,-1.472739,13.611668,0.661511,0.519201,-0.028648,-0.152565,-0.386471,-0.190628,0.142576
5003,97681.090030632,-1.475320,13.611687,0.660794,0.526934,-0.027311,-0.146582,-0.386547,-0.191383,0.140923
5004,97681.094974479,-1.477939,13.611699,0.660107,0.535713,-0.026082,-0.140181,-0.385015,-0.190715,0.138416
5005,97681.099918327,-1.480600,13.611703,0.659452,0.545613,-0.024785,-0.134325,-0.383483,-0.190046,0.135909
5006,97681.104831657,-1.483293,13.611699,0.658831,0.556306,-0.022411,-0.130625,-0.381961,-0.189381,0.133418
5007,97681.109775505,-1.486055,13.611681,0.658225,0.568425,-0.019912,-0.128764,-0.380429,-0.188712,0.130911
5008,97681.114719352,-1.488875,13.611648,0.657630,0.582508,-0.018621,-0.127786,-0.378897,-0.188044,0.128404
5009,97681.119663200,-1.491765,13.611606,0.657041,0.598858,-0.019438,-0.126453,-0.377365,-0.187375,0.125897
5010,97681.124607048,-1.494736,13.611564,0.656459,0.617026,-0.022731,-0.122939,-0.375833,-0.186706,0.123390
5011,97681.129520378,-1.497778,13.611535,0.655899,0.636067,-0.028698,-0.117054,-0.374311,-0.186042,0.120899
5012,97681.134464225,-1.500934,13.611532,0.655366,0.655394,-0.037526,-0.110203,-0.372779,-0.185373,0.118392
5013,97681.139408073,-1.504187,13.611569,0.654868,0.674502,-0.047986,-0.103932,-0.371247,-0.184704,0.115885
5014,97681.144351921,-1.507536,13.611653,0.654402,0.693564,-0.058886,-0.098862,-0.369715,-0.184035,0.113378
5015,97681.149295768,-1.510981,13.611788,0.653961,0.713191,-0.069917,-0.094685,-0.368184,-0.183367,0.110871
5016,97681.154239616,-1.514525,13.611973,0.653542,0.733142,-0.080491,-0.090663,-0.366652,-0.182698,0.108364
5017,97681.159183464,-1.518169,13.612206,0.653143,0.752936,-0.089955,-0.086354,-0.365120,-0.182029,0.105857
5018,97681.164096794,-1.521891,13.612480,0.652769,0.771873,-0.098050,-0.081523,-0.363597,-0.181365,0.103366
5019,97681.169040641,-1.525730,13.612792,0.652418,0.789967,-0.104878,-0.076333,-0.362066,-0.180696,0.100859
5020,97681.173984489,-1.529659,13.613134,0.652093,0.807636,-0.110782,-0.070978,-0.360534,-0.180027,0.098352
5021,97681.178928337,-1.533677,13.613502,0.651796,0.825920,-0.116257,-0.065446,-0.359002,-0.179358,0.095845
5022,97681.183872184,-1.537786,13.613893,0.651527,0.845251,-0.121702,-0.059852,-0.357470,-0.178690,0.093338
5023,97681.188816032,-1.541991,13.614308,0.651286,0.865149,-0.127035,-0.054573,-0.355938,-0.178021,0.090831
5024,97681.193729362,-1.546268,13.614742,0.651075,0.885087,-0.132301,-0.049695,-0.354416,-0.177356,0.088340
5025,97681.198673210,-1.550672,13.615200,0.650887,0.905038,-0.137348,-0.045168,-0.352884,-0.176688,0.085833
5026,97681.203617057,-1.555174,13.615680,0.650723,0.924946,-0.142232,-0.040635,-0.351352,-0.176019,0.083326
5027,97681.208530388,-1.559748,13.616177,0.650583,0.944893,-0.146888,-0.035512,-0.349830,-0.175354,0.080834
5028,97681.213474235,-1.564448,13.616695,0.650469,0.964878,-0.151448,-0.029648,-0.348298,-0.174685,0.078328
5029,97681.218418083,-1.569249,13.617232,0.650385,0.985465,-0.155634,-0.022330,-0.346766,-0.174017,0.075821
5030,97681.223361930,-1.574151,13.617786,0.650339,1.006990,-0.159182,-0.012702,-0.345234,-0.173348,0.073314
5031,97681.228305778,-1.579159,13.618354,0.650341,1.029278,-0.162160,-0.001476,-0.343702,-0.172679,0.070807
5032,97681.233249626,-1.584278,13.618932,0.650401,1.052231,-0.164571,0.010573,-0.342170,-0.172011,0.068300
5033,97681.238193473,-1.589509,13.619518,0.650521,1.076255,-0.166011,0.022983,-0.340639,-0.171342,0.065793
5034,97681.243137321,-1.594859,13.620106,0.650705,1.101543,-0.166611,0.035331,-0.339107,-0.170673,0.063286
5035,97681.248050651,-1.600299,13.620689,0.650950,1.128234,-0.166799,0.047194,-0.337584,-0.170008,0.060795
5036,97681.252994499,-1.605904,13.621272,0.651257,1.155834,-0.167419,0.057690,-0.336053,-0.169340,0.058288
5037,97681.257938346,-1.611644,13.621852,0.651618,1.183163,-0.169411,0.066106,-0.334521,-0.168671,0.055781
5038,97681.262851677,-1.617483,13.622433,0.652020,1.210741,-0.172756,0.073223,-0.332998,-0.168006,0.053289
5039,97681.267795524,-1.623494,13.623029,0.652462,1.238672,-0.178199,0.079638,-0.331466,-0.167338,0.050782
5040,97681.272739372,-1.629645,13.623646,0.652937,1.265611,-0.185944,0.085299,-0.329935,-0.166669,0.048276
5041,97681.277683220,-1.635929,13.624296,0.653442,1.290586,-0.195085,0.091826,-0.328403,-0.166000,0.045769
5042,97681.282627067,-1.642339,13.624986,0.653980,1.311451,-0.204690,0.101865,-0.326871,-0.165331,0.043262
5043,97681.287540397,-1.648812,13.625715,0.654565,1.326565,-0.215020,0.115880,-0.325348,-0.164667,0.040770
5044,97681.292484245,-1.655402,13.626497,0.655223,1.338231,-0.226314,0.130723,-0.323817,-0.163998,0.038263
5045,97681.297428093,-1.662051,13.627333,0.655956,1.347887,-0.238124,0.144475,-0.322285,-0.163329,0.035756
5046,97681.302371940,-1.668749,13.628226,0.656756,1.356143,-0.249713,0.157240,-0.320753,-0.162661,0.033249
5047,97681.307315788,-1.675489,13.629176,0.657619,1.363841,-0.259830,0.170814,-0.319221,-0.161992,0.030743
5048,97681.312229118,-1.682227,13.630169,0.658543,1.372366,-0.265109,0.188578,-0.317699,-0.161327,0.028251
5049,97681.317172966,-1.689049,13.631193,0.659561,1.381817,-0.267057,0.206132,-0.316167,-0.160658,0.025744
5050,97681.322086296,-1.695874,13.632219,0.660660,1.389540,-0.268120,0.220998,-0.313019,-0.158776,0.024493
5051,97681.327060661,-1.702821,13.633263,0.661847,1.393301,-0.270425,0.235179,-0.309833,-0.156871,0.023225
5052,97681.332004509,-1.709744,13.634312,0.663097,1.391738,-0.273924,0.250998,-0.306666,-0.154978,0.021966
5053,97681.336978874,-1.716701,13.635386,0.664433,1.384349,-0.278008,0.269577,-0.303479,-0.153072,0.020699
5054,97681.341892204,-1.723537,13.636470,0.665843,1.371561,-0.281429,0.290734,-0.300332,-0.151190,0.019447
5055,97681.346805534,-1.730308,13.637574,0.667356,1.354095,-0.283864,0.314315,-0.297185,-0.149308,0.018195
5056,97681.351718864,-1.736993,13.638696,0.668983,1.332497,-0.285055,0.338486,-0.294037,-0.147426,0.016944
5057,97681.356662712,-1.743612,13.639837,0.670738,1.307121,-0.285148,0.361554,-0.290870,-0.145533,0.015684
5058,97681.361606559,-1.750103,13.640985,0.672605,1.279517,-0.284882,0.382213,-0.287703,-0.143639,0.014425
5059,97681.366519889,-1.756417,13.642132,0.674561,1.251532,-0.284935,0.400665,-0.284556,-0.141757,0.013173
5060,97681.371463737,-1.762631,13.643294,0.676617,1.224263,-0.285765,0.418458,-0.281389,-0.139863,0.011914
5061,97681.376407585,-1.768709,13.644466,0.678759,1.198455,-0.287826,0.435827,-0.278222,-0.137970,0.010655
5062,97681.381351432,-1.774659,13.645656,0.680985,1.174111,-0.290827,0.453263,-0.275055,-0.136076,0.009395
5063,97681.386295280,-1.780488,13.646867,0.683296,1.150536,-0.294465,0.470204,-0.271888,-0.134183,0.008136
5064,97681.391208610,-1.786165,13.648094,0.685673,1.127843,-0.298692,0.485147,-0.268741,-0.132301,0.006884
5065,97681.396152458,-1.791766,13.649356,0.688137,1.106841,-0.303418,0.497317,-0.265574,-0.130407,0.005625
5066,97681.401096305,-1.797262,13.650646,0.690659,1.088572,-0.308271,0.506557,-0.262407,-0.128513,0.004365
5067,97681.406040153,-1.802669,13.651965,0.693226,1.074276,-0.312830,0.513186,-0.259240,-0.126620,0.003106
5068,97681.410984001,-1.808005,13.653310,0.695824,1.064930,-0.316773,0.517372,-0.256073,-0.124726,0.001846
5069,97681.415927848,-1.813296,13.654676,0.698441,1.060871,-0.319882,0.519422,-0.252906,-0.122832,0.000587
5070,97681.420871696,-1.818568,13.656059,0.701068,1.061854,-0.322265,0.519650,-0.249739,-0.120939,-0.000672
5071,97681.425785026,-1.823812,13.657445,0.703680,1.067147,-0.324530,0.518852,-0.246591,-0.119057,-0.001924
5072,97681.430728874,-1.829115,13.658850,0.706305,1.075335,-0.326464,0.517377,-0.243424,-0.117163,-0.003183
5073,97681.435672721,-1.834460,13.660262,0.708923,1.084402,-0.327953,0.515117,-0.240257,-0.115270,-0.004443
5074,97681.440616569,-1.839850,13.661679,0.711530,1.092317,-0.329319,0.511765,-0.237090,-0.113376,-0.005702
5075,97681.445529899,-1.845246,13.663093,0.714105,1.097980,-0.330800,0.506973,-0.233943,-0.111494,-0.006954
5076,97681.450473747,-1.850704,13.664521,0.716673,1.100423,-0.332170,0.500565,-0.230776,-0.109600,-0.008213
5077,97681.455417595,-1.856174,13.665955,0.719209,1.098842,-0.333609,0.492708,-0.227609,-0.107707,-0.009473
5078,97681.460361442,-1.861638,13.667396,0.721706,1.092975,-0.335550,0.483562,-0.224442,-0.105813,-0.010732
5079,97681.465305290,-1.867074,13.668847,0.724158,1.082941,-0.337976,0.473451,-0.221275,-0.103919,-0.011992
5080,97681.470218620,-1.872429,13.670302,0.726543,1.069031,-0.340871,0.462466,-0.218128,-0.102037,-0.013243
5081,97681.475162468,-1.877749,13.671784,0.728888,1.051292,-0.344707,0.450246,-0.214961,-0.100144,-0.014503
5082,97681.480106315,-1.882984,13.673287,0.731171,1.031040,-0.349696,0.437247,-0.211794,-0.098250,-0.015762
5083,97681.485050163,-1.888120,13.674818,0.733388,1.009126,-0.355837,0.423306,-0.208627,-0.096357,-0.017022
5084,97681.489994011,-1.893151,13.676384,0.735534,0.985968,-0.362560,0.408043,-0.205460,-0.094463,-0.018281
5085,97681.494937858,-1.898070,13.677987,0.737603,0.962219,-0.369405,0.391313,-0.202293,-0.092569,-0.019540
5086,97681.499851188,-1.902844,13.679618,0.739574,0.938640,-0.375808,0.373343,-0.199146,-0.090687,-0.020792
5087,97681.504795036,-1.907535,13.681294,0.741467,0.916339,-0.381191,0.353957,-0.195979,-0.088794,-0.022051
5088,97681.509738884,-1.912117,13.683001,0.743262,0.894388,-0.386148,0.332570,-0.192812,-0.086900,-0.023311
5089,97681.514682731,-1.916594,13.684735,0.744949,0.872878,-0.391068,0.309392,-0.189645,-0.085006,-0.024570
5090,97681.519626579,-1.920968,13.686497,0.746520,0.852383,-0.395834,0.284736,-0.186478,-0.083113,-0.025830
5091,97681.524570427,-1.925243,13.688285,0.747967,0.833213,-0.399951,0.258612,-0.183311,-0.081219,-0.027089
5092,97681.529483757,-1.929401,13.690085,0.749275,0.815099,-0.403039,0.231277,-0.180163,-0.079337,-0.028341
5093,97681.534427604,-1.933497,13.691914,0.750455,0.798293,-0.404983,0.202237,-0.176996,-0.077443,-0.029600
5094,97681.539371452,-1.937513,13.693754,0.751490,0.782931,-0.405713,0.172035,-0.173829,-0.075550,-0.030860
5095,97681.544315300,-1.941455,13.695599,0.752374,0.768649,-0.405231,0.140796,-0.170662,-0.073656,-0.032119
5096,97681.554202995,-1.949203,13.699287,0.753832,0.742642,-0.401540,0.076489,-0.164329,-0.069869,-0.034638
5097,97681.559116325,-1.952930,13.701103,0.754238,0.731951,-0.396379,0.044727,-0.161181,-0.067987,-0.035889
5098,97681.564060173,-1.956627,13.702905,0.754490,0.722533,-0.389739,0.013415,-0.158014,-0.066093,-0.037149
5099,97681.568973503,-1.960257,13.704663,0.754586,0.713763,-0.381758,-0.016868,-0.154867,-0.064211,-0.038400
5100,97681.573917350,-1.963866,13.706393,0.754533,0.705085,-0.372282,-0.046531,-0.153875,-0.063435,-0.038829
5101,97681.578861198,-1.967432,13.708076,0.754333,0.696515,-0.361319,-0.075694,-0.152884,-0.062658,-0.039257
5102,97681.583805046,-1.970956,13.709705,0.753989,0.687668,-0.348751,-0.103975,-0.151892,-0.061882,-0.039686
5103,97681.588748893,-1.974435,13.711272,0.753506,0.678729,-0.334537,-0.131548,-0.150901,-0.061105,-0.040114
5104,97681.593692741,-1.977869,13.712769,0.752886,0.669715,-0.319194,-0.158525,-0.149910,-0.060329,-0.040543
5105,97681.598606071,-1.981237,13.714182,0.752138,0.660584,-0.303280,-0.185053,-0.148924,-0.059557,-0.040969
5106,97681.603549919,-1.984578,13.715525,0.751254,0.651096,-0.286926,-0.211153,-0.147933,-0.058780,-0.041397
5107,97681.608493766,-1.987871,13.716788,0.750241,0.641595,-0.270671,-0.236009,-0.146941,-0.058004,-0.041826
5108,97681.613437614,-1.991115,13.717971,0.749106,0.632401,-0.254907,-0.258627,-0.145950,-0.057227,-0.042254
5109,97681.618381462,-1.994312,13.719076,0.747860,0.623392,-0.239813,-0.278090,-0.144959,-0.056451,-0.042683
5110,97681.623325309,-1.997463,13.720108,0.746517,0.614113,-0.225642,-0.294009,-0.143967,-0.055674,-0.043111
5111,97681.628299675,-2.000585,13.721077,0.745087,0.603923,-0.212262,-0.305051,-0.142970,-0.054893,-0.043542
5112,97681.633243522,-2.003636,13.721976,0.743612,0.592597,-0.199684,-0.309917,-0.141978,-0.054116,-0.043971
5113,97681.638187370,-2.006628,13.722814,0.742112,0.579702,-0.188312,-0.307557,-0.140987,-0.053340,-0.044399
5114,97681.643131218,-2.009554,13.723599,0.740623,0.565577,-0.177142,-0.297301,-0.139995,-0.052563,-0.044828
5115,97681.648044548,-2.012389,13.724328,0.739194,0.552004,-0.165820,-0.280044,-0.139010,-0.051792,-0.045253
5116,97681.652957878,-2.015154,13.725006,0.737849,0.543135,-0.153722,-0.257746,-0.138025,-0.051020,-0.045679
5117,97681.657901725,-2.017888,13.725631,0.736607,0.543206,-0.139269,-0.231612,-0.137033,-0.050243,-0.046108
5118,97681.662845573,-2.020618,13.726187,0.735494,0.552179,-0.121887,-0.206794,-0.136042,-0.049467,-0.046536
5119,97681.667789421,-2.023386,13.726656,0.734505,0.568374,-0.101426,-0.186598,-0.135050,-0.048690,-0.046965
5120,97681.672733268,-2.026228,13.727023,0.733619,0.590380,-0.078953,-0.171107,-0.134059,-0.047914,-0.047393
5121,97681.677646598,-2.029155,13.727272,0.732818,0.616590,-0.056032,-0.160672,-0.133073,-0.047142,-0.047819
5122,97681.682590446,-2.032224,13.727406,0.732066,0.645355,-0.032713,-0.155079,-0.132082,-0.046365,-0.048247
5123,97681.687534294,-2.035429,13.727418,0.731345,0.675779,-0.009575,-0.153253,-0.131091,-0.045589,-0.048676
5124,97681.692478141,-2.038780,13.727309,0.730637,0.707156,0.011968,-0.153654,-0.130099,-0.044812,-0.049104
5125,97681.697421989,-2.042280,13.727087,0.729931,0.738802,0.029640,-0.154242,-0.129108,-0.044036,-0.049533
5126,97681.702335319,-2.045911,13.726773,0.729230,0.770649,0.041054,-0.152808,-0.128122,-0.043264,-0.049959
5127,97681.707279167,-2.049719,13.726394,0.728534,0.803656,0.044428,-0.147047,-0.127131,-0.042487,-0.050387
5128,97681.712223014,-2.053689,13.725991,0.727870,0.838836,0.038649,-0.135540,-0.126140,-0.041711,-0.050816
5129,97681.717166862,-2.057833,13.725610,0.727265,0.876123,0.024206,-0.118164,-0.125148,-0.040934,-0.051244
5130,97681.722049675,-2.062109,13.725298,0.726754,0.913895,0.002893,-0.096877,-0.124169,-0.040167,-0.051667
5131,97681.726993522,-2.066629,13.725079,0.726343,0.951803,-0.023440,-0.073357,-0.123177,-0.039391,-0.052096
5132,97681.731937370,-2.071340,13.724985,0.726050,0.987915,-0.050637,-0.051410,-0.122186,-0.038614,-0.052524
5133,97681.736911735,-2.076264,13.725018,0.725865,1.021297,-0.075248,-0.034204,-0.121188,-0.037833,-0.052955
5134,97681.741855583,-2.081326,13.725166,0.725767,1.050690,-0.095186,-0.023479,-0.120197,-0.037056,-0.053384
5135,97681.746799430,-2.086537,13.725408,0.725723,1.076140,-0.110989,-0.020059,-0.119206,-0.036280,-0.053812
5136,97681.751743278,-2.091877,13.725722,0.725698,1.097497,-0.123762,-0.023718,-0.118214,-0.035503,-0.054241
5137,97681.756656608,-2.097292,13.726091,0.725655,1.114906,-0.134312,-0.033133,-0.117229,-0.034732,-0.054667
5138,97681.761600456,-2.102830,13.726511,0.725566,1.128129,-0.143078,-0.047533,-0.116237,-0.033955,-0.055095
5139,97681.766544304,-2.108436,13.726971,0.725406,1.136291,-0.150480,-0.065765,-0.115246,-0.033179,-0.055523
5140,97681.771488151,-2.114085,13.727464,0.725157,1.138595,-0.156183,-0.086712,-0.114255,-0.032402,-0.055952
5141,97681.776431999,-2.119748,13.727983,0.724803,1.134760,-0.160325,-0.108752,-0.113263,-0.031625,-0.056380
5142,97681.781375846,-2.125395,13.728523,0.724341,1.124186,-0.162735,-0.130589,-0.112272,-0.030849,-0.056809
5143,97681.786289177,-2.130957,13.729072,0.723773,1.107300,-0.162714,-0.149441,-0.111325,-0.030425,-0.057081
5144,97681.791233024,-2.136471,13.729626,0.723106,1.083597,-0.160091,-0.162680,-0.110373,-0.029998,-0.057355
5145,97681.796176872,-2.141869,13.730172,0.722373,1.055025,-0.155436,-0.166795,-0.109421,-0.029571,-0.057629
5146,97681.801120720,-2.147125,13.730701,0.721618,1.023283,-0.148970,-0.158559,-0.108468,-0.029144,-0.057903
5147,97681.806034050,-2.152191,13.731202,0.720906,0.989718,-0.140969,-0.133741,-0.107522,-0.028720,-0.058175
5148,97681.810977897,-2.157119,13.731675,0.720310,0.954725,-0.131495,-0.090279,-0.106569,-0.028293,-0.058449
5149,97681.815921745,-2.161869,13.732113,0.719927,0.920487,-0.121612,-0.043569,-0.105617,-0.027866,-0.058723
5150,97681.820865593,-2.166444,13.732511,0.719773,0.885833,-0.108690,0.002922,-0.106346,-0.028158,-0.058749
5151,97681.825778923,-2.170815,13.732854,0.719846,0.848742,-0.088718,0.048662,-0.107071,-0.028448,-0.058774
5152,97681.830753288,-2.175049,13.733113,0.720146,0.808439,-0.060092,0.094546,-0.107804,-0.028742,-0.058800
5153,97681.835697136,-2.179048,13.733241,0.720670,0.770593,-0.027366,0.140148,-0.108534,-0.029033,-0.058826
5154,97681.840640983,-2.182849,13.733218,0.721418,0.743294,0.004099,0.173568,-0.109263,-0.029325,-0.058852
5155,97681.845554313,-2.186484,13.733049,0.722326,0.732794,0.031737,0.179523,-0.109987,-0.029615,-0.058878
5156,97681.850498161,-2.190083,13.732745,0.723270,0.741396,0.057399,0.166283,-0.110716,-0.029907,-0.058903
5157,97681.855442009,-2.193720,13.732312,0.724150,0.759827,0.080409,0.138003,-0.111446,-0.030199,-0.058929
5158,97681.860385856,-2.197445,13.731759,0.724894,0.777664,0.102109,0.095535,-0.112175,-0.030490,-0.058955
5159,97681.865299186,-2.201233,13.731097,0.725427,0.788416,0.124152,0.043391,-0.112899,-0.030780,-0.058981
5160,97681.870243034,-2.205097,13.730316,0.725707,0.788900,0.147616,-0.013194,-0.113629,-0.031072,-0.059007
5161,97681.875186882,-2.208962,13.729415,0.725709,0.778394,0.172222,-0.069099,-0.114358,-0.031364,-0.059032
5162,97681.880130729,-2.212773,13.728392,0.725436,0.757822,0.196254,-0.118174,-0.115087,-0.031656,-0.059058
5163,97681.885044059,-2.216459,13.727258,0.724923,0.727966,0.215964,-0.155420,-0.115811,-0.031946,-0.059084
5164,97681.889987907,-2.220018,13.726024,0.724222,0.688922,0.227760,-0.179452,-0.116541,-0.032237,-0.059110
5165,97681.894931755,-2.223384,13.724739,0.723400,0.641410,0.229682,-0.190014,-0.117270,-0.032529,-0.059135
5166,97681.899875602,-2.226515,13.723454,0.722522,0.585646,0.220046,-0.188552,-0.117999,-0.032821,-0.059161
5167,97681.904819450,-2.229373,13.722228,0.721647,0.524106,0.197442,-0.177131,-0.118728,-0.033113,-0.059187
5168,97681.909732780,-2.231915,13.721135,0.720827,0.462100,0.161143,-0.158109,-0.119453,-0.033403,-0.059213
5169,97681.914676628,-2.234174,13.720229,0.720090,0.404988,0.112848,-0.136736,-0.120182,-0.033694,-0.059239
5170,97681.919620475,-2.236159,13.719576,0.719451,0.359352,0.057170,-0.117022,-0.120911,-0.033986,-0.059264
5171,97681.924564323,-2.237930,13.719208,0.718902,0.330327,-0.000793,-0.101878,-0.121640,-0.034278,-0.059290
5172,97681.929508171,-2.239568,13.719134,0.718423,0.319208,-0.055851,-0.093245,-0.122369,-0.034570,-0.059316
5173,97681.934421501,-2.241154,13.719334,0.717985,0.321188,-0.103626,-0.091115,-0.123094,-0.034860,-0.059342
5174,97681.939365348,-2.242769,13.719771,0.717553,0.329891,-0.142908,-0.093618,-0.123823,-0.035151,-0.059367
5175,97681.944309196,-2.244436,13.720399,0.717106,0.339716,-0.172428,-0.098711,-0.124552,-0.035443,-0.059393
5176,97681.949222526,-2.246148,13.721166,0.716636,0.347063,-0.191076,-0.104583,-0.125277,-0.035733,-0.059419
5177,97681.954166374,-2.247911,13.722028,0.716133,0.351061,-0.198302,-0.109704,-0.126006,-0.036025,-0.059445
5178,97681.959110221,-2.249695,13.722924,0.715605,0.352341,-0.194845,-0.113392,-0.126735,-0.036317,-0.059471
5179,97681.964023552,-2.251475,13.723798,0.715063,0.352275,-0.183529,-0.116359,-0.127460,-0.036607,-0.059496
5180,97681.968967399,-2.253263,13.724621,0.714503,0.352209,-0.166521,-0.119044,-0.128189,-0.036898,-0.059522
5181,97681.973911247,-2.255047,13.725359,0.713931,0.353068,-0.146327,-0.121862,-0.128918,-0.037190,-0.059548
5182,97681.978855095,-2.256831,13.725998,0.713346,0.354646,-0.125969,-0.125586,-0.129647,-0.037482,-0.059574
5183,97681.983798942,-2.258619,13.726535,0.712744,0.356218,-0.107432,-0.130566,-0.130376,-0.037774,-0.059599
5184,97681.988742790,-2.260411,13.726981,0.712118,0.357481,-0.091583,-0.136371,-0.131105,-0.038066,-0.059625
5185,97681.993656120,-2.262195,13.727345,0.711469,0.357878,-0.078683,-0.141951,-0.131830,-0.038356,-0.059651
5186,97681.998599968,-2.263989,13.727647,0.710790,0.357540,-0.068260,-0.146065,-0.132559,-0.038647,-0.059677
5187,97682.003543815,-2.265781,13.727897,0.710090,0.356546,-0.060043,-0.148328,-0.133288,-0.038939,-0.059703
5188,97682.008457145,-2.267554,13.728106,0.709384,0.354900,-0.053507,-0.149376,-0.134013,-0.039229,-0.059728
5189,97682.013400993,-2.269329,13.728284,0.708669,0.353117,-0.047785,-0.150275,-0.134742,-0.039521,-0.059754
5190,97682.018344841,-2.271094,13.728434,0.707950,0.351603,-0.042431,-0.151700,-0.135471,-0.039813,-0.059780
5191,97682.023288688,-2.272851,13.728558,0.707224,0.351212,-0.037519,-0.154166,-0.136200,-0.040104,-0.059806
5192,97682.028232536,-2.274604,13.728658,0.706485,0.352473,-0.032496,-0.157666,-0.136929,-0.040396,-0.059831
5193,97682.033176384,-2.276363,13.728732,0.705730,0.355393,-0.026994,-0.161780,-0.137658,-0.040688,-0.059857
5194,97682.038120231,-2.278136,13.728778,0.704955,0.359479,-0.020875,-0.166255,-0.138388,-0.040980,-0.059883
5195,97682.043064079,-2.279928,13.728793,0.704159,0.363714,-0.014216,-0.171652,-0.139117,-0.041271,-0.059909
5196,97682.047977409,-2.281728,13.728774,0.703342,0.367660,-0.006995,-0.177347,-0.139841,-0.041561,-0.059935
5197,97682.052921257,-2.283558,13.728718,0.702492,0.370803,0.000832,-0.183056,-0.140571,-0.041853,-0.059960
5198,97682.057865104,-2.285402,13.728622,0.701615,0.372892,0.008928,-0.188595,-0.141300,-0.042145,-0.059986
5199,97682.062778434,-2.287244,13.728486,0.700717,0.373680,0.016603,-0.193776,-0.142024,-0.042435,-0.060012
5200,97682.067752800,-2.289111,13.728310,0.699782,0.373330,0.023480,-0.198870,-0.141429,-0.043257,-0.060390
5201,97682.072666130,-2.290952,13.728102,0.698834,0.372603,0.028856,-0.203806,-0.140842,-0.044069,-0.060764
5202,97682.077609977,-2.292801,13.727866,0.697856,0.371723,0.032657,-0.208667,-0.140250,-0.044886,-0.061140
5203,97682.082553825,-2.294644,13.727611,0.696854,0.370967,0.034866,-0.213488,-0.139659,-0.045703,-0.061517
5204,97682.087497673,-2.296484,13.727345,0.695829,0.370616,0.035598,-0.218289,-0.139067,-0.046521,-0.061893
5205,97682.092411003,-2.298311,13.727077,0.694786,0.370940,0.034573,-0.223213,-0.138480,-0.047333,-0.062267
5206,97682.097354850,-2.300152,13.726812,0.693712,0.372067,0.032374,-0.228247,-0.137888,-0.048150,-0.062643
5207,97682.102298698,-2.301998,13.726557,0.692613,0.373566,0.029074,-0.234181,-0.137297,-0.048967,-0.063019
5208,97682.107242546,-2.303854,13.726318,0.691485,0.375951,0.024859,-0.240328,-0.136705,-0.049784,-0.063395
5209,97682.112186393,-2.305722,13.726098,0.690327,0.379455,0.019588,-0.246139,-0.136114,-0.050601,-0.063771
5210,97682.117130241,-2.307609,13.725904,0.689140,0.383814,0.013000,-0.251480,-0.135523,-0.051418,-0.064147
5211,97682.122043571,-2.309508,13.725742,0.687933,0.389102,0.005311,-0.256276,-0.134935,-0.052231,-0.064521
5212,97682.126956901,-2.311435,13.725616,0.686704,0.395150,-0.003194,-0.260442,-0.134347,-0.053043,-0.064895
5213,97682.131931266,-2.313418,13.725529,0.685438,0.401970,-0.012325,-0.264040,-0.133752,-0.053865,-0.065274
5214,97682.136905632,-2.315437,13.725486,0.684154,0.409383,-0.021539,-0.266819,-0.133157,-0.054687,-0.065652
5215,97682.141849479,-2.317483,13.725487,0.682864,0.417176,-0.030413,-0.268940,-0.132566,-0.055504,-0.066028
5216,97682.146762809,-2.319556,13.725530,0.681572,0.425294,-0.038798,-0.270437,-0.131978,-0.056316,-0.066402
5217,97682.151706657,-2.321684,13.725613,0.680264,0.433777,-0.046748,-0.271294,-0.131386,-0.057133,-0.066778
5218,97682.156650505,-2.323856,13.725732,0.678953,0.442783,-0.054014,-0.271357,-0.130795,-0.057951,-0.067154
5219,97682.161594352,-2.326074,13.725886,0.677641,0.452682,-0.060360,-0.270224,-0.130204,-0.058768,-0.067531
5220,97682.166538200,-2.328342,13.726069,0.676336,0.463531,-0.065655,-0.268201,-0.129612,-0.059585,-0.067907
5221,97682.171451530,-2.330650,13.726275,0.675048,0.475113,-0.070076,-0.266224,-0.129025,-0.060397,-0.068281
5222,97682.176395378,-2.333031,13.726502,0.673764,0.487677,-0.073945,-0.265216,-0.128433,-0.061214,-0.068657
5223,97682.181339225,-2.335474,13.726744,0.672485,0.501167,-0.077382,-0.265415,-0.127842,-0.062031,-0.069033
5224,97682.186283073,-2.337985,13.727001,0.671205,0.516311,-0.081347,-0.266750,-0.127250,-0.062848,-0.069409
5225,97682.191226921,-2.340572,13.727275,0.669920,0.533350,-0.085808,-0.268543,-0.126659,-0.063666,-0.069785
5226,97682.196170768,-2.343244,13.727566,0.668627,0.551923,-0.091424,-0.268449,-0.126068,-0.064483,-0.070162
5227,97682.201114616,-2.346009,13.727881,0.667336,0.571053,-0.099315,-0.265784,-0.125476,-0.065300,-0.070538
5228,97682.206027946,-2.348852,13.728229,0.666067,0.589318,-0.108901,-0.260925,-0.124888,-0.066112,-0.070912
5229,97682.210971794,-2.351805,13.728623,0.664814,0.606515,-0.118637,-0.254577,-0.124297,-0.066929,-0.071288
5230,97682.215915641,-2.354844,13.729062,0.663594,0.622477,-0.127978,-0.247162,-0.123706,-0.067746,-0.071664
5231,97682.220828971,-2.357944,13.729540,0.662418,0.637759,-0.137001,-0.239016,-0.123118,-0.068558,-0.072038
5232,97682.225742302,-2.361121,13.730061,0.661283,0.652968,-0.145765,-0.230584,-0.122530,-0.069371,-0.072412
5233,97682.230686149,-2.364394,13.730625,0.660183,0.668405,-0.154465,-0.221955,-0.121939,-0.070188,-0.072788
5234,97682.235629997,-2.367744,13.731229,0.659126,0.684346,-0.163523,-0.213215,-0.121347,-0.071005,-0.073164
5235,97682.240543327,-2.371154,13.731871,0.658120,0.700855,-0.173134,-0.204330,-0.120760,-0.071817,-0.073538
5236,97682.245487175,-2.374667,13.732561,0.657151,0.718303,-0.183806,-0.195234,-0.120168,-0.072634,-0.073914
5237,97682.250431022,-2.378268,13.733301,0.656229,0.736423,-0.195790,-0.185955,-0.119577,-0.073451,-0.074290
5238,97682.255374870,-2.381961,13.734097,0.655353,0.755185,-0.208645,-0.177074,-0.118985,-0.074268,-0.074666
5239,97682.260318718,-2.385749,13.734953,0.654521,0.774200,-0.222284,-0.168776,-0.118394,-0.075086,-0.075043
5240,97682.265262565,-2.389633,13.735873,0.653731,0.793500,-0.236150,-0.160823,-0.117803,-0.075903,-0.075419
5241,97682.270206413,-2.393614,13.736857,0.652981,0.812869,-0.249432,-0.153166,-0.117211,-0.076720,-0.075795
5242,97682.275150261,-2.397694,13.737903,0.652269,0.831759,-0.261577,-0.146013,-0.116620,-0.077537,-0.076171
5243,97682.280063591,-2.401843,13.738999,0.651598,0.849622,-0.271863,-0.139836,-0.116032,-0.078349,-0.076545
5244,97682.285007438,-2.406108,13.740149,0.650954,0.867277,-0.280481,-0.134642,-0.115441,-0.079166,-0.076921
5245,97682.289951286,-2.410462,13.741338,0.650336,0.885505,-0.287620,-0.129622,-0.114849,-0.079983,-0.077297
5246,97682.294895134,-2.414907,13.742559,0.649744,0.905362,-0.293659,-0.123063,-0.114258,-0.080801,-0.077673
5247,97682.299838981,-2.419450,13.743805,0.649185,0.926169,-0.299555,-0.115292,-0.113667,-0.081618,-0.078050
5248,97682.304752311,-2.424069,13.745069,0.648670,0.946971,-0.304877,-0.107522,-0.113079,-0.082430,-0.078424
5249,97682.309696159,-2.428820,13.746363,0.648190,0.968712,-0.309006,-0.099702,-0.112487,-0.083247,-0.078800
5250,97682.314640007,-2.433678,13.747673,0.647751,0.991828,-0.311996,-0.091515,-0.109595,-0.081166,-0.080146
5251,97682.319583854,-2.438650,13.748994,0.647354,1.016555,-0.313831,-0.082916,-0.106703,-0.079084,-0.081492
5252,97682.324558220,-2.443776,13.750327,0.646998,1.043098,-0.315138,-0.073720,-0.103793,-0.076990,-0.082847
5253,97682.329502067,-2.449002,13.751653,0.646693,1.070542,-0.316418,-0.063918,-0.100900,-0.074909,-0.084193
5254,97682.334445915,-2.454362,13.752980,0.646437,1.098718,-0.317958,-0.053522,-0.098008,-0.072827,-0.085540
5255,97682.339389763,-2.459861,13.754309,0.646236,1.126797,-0.320431,-0.043212,-0.095116,-0.070746,-0.086886
5256,97682.344303093,-2.465463,13.755636,0.646087,1.153856,-0.324569,-0.033581,-0.092241,-0.068677,-0.088224
5257,97682.349246940,-2.471235,13.756988,0.645988,1.180115,-0.330510,-0.024968,-0.089349,-0.066596,-0.089570
5258,97682.354190788,-2.477136,13.758363,0.645932,1.205363,-0.338943,-0.017509,-0.086456,-0.064515,-0.090917
5259,97682.359104118,-2.483127,13.759766,0.645915,1.229316,-0.349658,-0.010416,-0.083582,-0.062446,-0.092255
5260,97682.364047966,-2.489275,13.761226,0.645934,1.251391,-0.361726,-0.002958,-0.080690,-0.060365,-0.093601
5261,97682.368991813,-2.495534,13.762742,0.645991,1.269527,-0.374347,0.006360,-0.077797,-0.058283,-0.094947
5262,97682.373905143,-2.501845,13.764306,0.646094,1.282351,-0.387291,0.017900,-0.074923,-0.056215,-0.096286
5263,97682.378848991,-2.508261,13.765943,0.646254,1.291867,-0.400266,0.030164,-0.072030,-0.054133,-0.097632
5264,97682.383792839,-2.514726,13.767642,0.646476,1.300168,-0.412289,0.042302,-0.069138,-0.052052,-0.098978
5265,97682.388736686,-2.521233,13.769399,0.646757,1.307207,-0.423288,0.054522,-0.066246,-0.049971,-0.100325
5266,97682.393680534,-2.527777,13.771210,0.647098,1.312534,-0.433354,0.066800,-0.063353,-0.047889,-0.101671
5267,97682.398624382,-2.534348,13.773071,0.647500,1.317351,-0.441516,0.080211,-0.060461,-0.045808,-0.103017
5268,97682.403537712,-2.540904,13.774959,0.647965,1.322975,-0.446061,0.095437,-0.057587,-0.043739,-0.104355
5269,97682.408481559,-2.547527,13.776882,0.648508,1.328006,-0.445888,0.112435,-0.054694,-0.041658,-0.105702
5270,97682.413425407,-2.554174,13.778804,0.649136,1.330121,-0.444174,0.128083,-0.051802,-0.039577,-0.107048
5271,97682.418369255,-2.560831,13.780718,0.649842,1.327007,-0.443301,0.143988,-0.048910,-0.037495,-0.108394
5272,97682.423313102,-2.567470,13.782629,0.650625,1.317664,-0.442669,0.162013,-0.046017,-0.035414,-0.109741
5273,97682.428256950,-2.574062,13.784540,0.651498,1.302973,-0.440833,0.182589,-0.043125,-0.033333,-0.111087
5274,97682.433170280,-2.580539,13.786435,0.652465,1.283741,-0.437439,0.205354,-0.040250,-0.031264,-0.112425
5275,97682.438114128,-2.586960,13.788331,0.653549,1.260214,-0.432489,0.228895,-0.037358,-0.029183,-0.113771
5276,97682.443027458,-2.593222,13.790197,0.654741,1.233784,-0.426581,0.251647,-0.034484,-0.027114,-0.115109
5277,97682.447971305,-2.599390,13.792052,0.656051,1.205277,-0.420015,0.272970,-0.031591,-0.025033,-0.116456
5278,97682.452915153,-2.605414,13.793883,0.657465,1.176634,-0.413602,0.292426,-0.028699,-0.022951,-0.117802
5279,97682.457828483,-2.611257,13.795678,0.658964,1.149678,-0.407791,0.310857,-0.025825,-0.020883,-0.119140
5280,97682.462772331,-2.617001,13.797463,0.660561,1.124974,-0.402425,0.328941,-0.022932,-0.018802,-0.120486
5281,97682.467716179,-2.622621,13.799228,0.662247,1.103018,-0.397321,0.346222,-0.020040,-0.016720,-0.121833
5282,97682.472660026,-2.628130,13.800973,0.664016,1.083641,-0.392648,0.361880,-0.017780,-0.014869,-0.121948
5283,97682.477603874,-2.633541,13.802701,0.665862,1.067384,-0.387942,0.374979,-0.015519,-0.013019,-0.122064
5284,97682.482547721,-2.638870,13.804409,0.667772,1.054442,-0.383280,0.385188,-0.013259,-0.011168,-0.122180
5285,97682.487461052,-2.644100,13.806088,0.669719,1.045240,-0.378871,0.392064,-0.011013,-0.009329,-0.122295
5286,97682.492404899,-2.649316,13.807757,0.671712,1.040112,-0.374440,0.397059,-0.008753,-0.007478,-0.122410
5287,97682.497348747,-2.654506,13.809407,0.673730,1.039314,-0.370501,0.400086,-0.006493,-0.005628,-0.122526
5288,97682.502292595,-2.659691,13.811037,0.675762,1.042191,-0.367548,0.400845,-0.004232,-0.003777,-0.122642
5289,97682.507205925,-2.664857,13.812642,0.677787,1.048030,-0.365509,0.400612,-0.001986,-0.001938,-0.122757
5290,97682.512149772,-2.670083,13.814245,0.679823,1.055940,-0.364260,0.400232,0.000274,-0.000087,-0.122872
5291,97682.517093620,-2.675348,13.815841,0.681858,1.064189,-0.363339,0.399491,0.002534,0.001764,-0.122988
5292,97682.522037468,-2.680654,13.817430,0.683890,1.071321,-0.363258,0.398195,0.004794,0.003614,-0.123104
5293,97682.526981315,-2.685995,13.819017,0.685916,1.075763,-0.363792,0.396826,0.007055,0.005465,-0.123219
5294,97682.531925163,-2.691359,13.820606,0.687936,1.077163,-0.364176,0.394941,0.009315,0.007316,-0.123335
5295,97682.536838493,-2.696696,13.822187,0.689934,1.074885,-0.364378,0.391884,0.011561,0.009155,-0.123450
5296,97682.541782341,-2.702056,13.823778,0.691929,1.068537,-0.364747,0.387526,0.013821,0.011005,-0.123565
5297,97682.546726188,-2.707384,13.825373,0.693902,1.058299,-0.365446,0.381892,0.016082,0.012856,-0.123681
5298,97682.551670036,-2.712663,13.826973,0.695846,1.044661,-0.366339,0.375109,0.018342,0.014707,-0.123797
5299,97682.556613884,-2.717874,13.828580,0.697756,1.027938,-0.367464,0.366850,0.020602,0.016557,-0.123912
5300,97682.561527214,-2.722973,13.830185,0.699613,1.009236,-0.369360,0.357637,0.020654,0.018508,-0.124613
5301,97682.566471061,-2.728012,13.831813,0.701433,0.989154,-0.372590,0.347586,0.020706,0.020470,-0.125318
5302,97682.571414909,-2.732953,13.833461,0.703203,0.968652,-0.376762,0.336469,0.020758,0.022433,-0.126023
5303,97682.576358757,-2.737794,13.835134,0.704915,0.947989,-0.381304,0.323997,0.020810,0.024395,-0.126728
5304,97682.581302604,-2.742536,13.836832,0.706564,0.927414,-0.385707,0.309895,0.020862,0.026357,-0.127433
5305,97682.586246452,-2.747177,13.838556,0.708142,0.907337,-0.389720,0.293972,0.020914,0.028320,-0.128138
5306,97682.591159782,-2.751694,13.840292,0.709630,0.888051,-0.393541,0.276438,0.020965,0.030270,-0.128838
5307,97682.596103630,-2.756145,13.842061,0.711039,0.869233,-0.397258,0.256991,0.021017,0.032232,-0.129543
5308,97682.601047477,-2.760506,13.843851,0.712350,0.851149,-0.400635,0.235453,0.021070,0.034195,-0.130248
5309,97682.605991325,-2.764780,13.845660,0.713553,0.833740,-0.403500,0.212179,0.021122,0.036157,-0.130953
5310,97682.610904655,-2.768944,13.847474,0.714633,0.817403,-0.404911,0.187708,0.021173,0.038108,-0.131654
5311,97682.615848503,-2.773055,13.849309,0.715597,0.801910,-0.404998,0.161427,0.021225,0.040070,-0.132358
5312,97682.620792350,-2.777092,13.851146,0.716431,0.787153,-0.403601,0.133440,0.021277,0.042032,-0.133063
5313,97682.625736198,-2.781057,13.852977,0.717125,0.772944,-0.400881,0.104172,0.021329,0.043995,-0.133768
5314,97682.630680046,-2.784954,13.854796,0.717673,0.759351,-0.397146,0.073794,0.021381,0.045957,-0.134473
5315,97682.635593376,-2.788762,13.856587,0.718068,0.746764,-0.392386,0.042708,0.021433,0.047908,-0.135174
5316,97682.640537223,-2.792532,13.858366,0.718311,0.735422,-0.386303,0.011077,0.021485,0.049870,-0.135879
5317,97682.645481071,-2.796247,13.860115,0.718397,0.725340,-0.379196,-0.020827,0.021537,0.051832,-0.136584
5318,97682.650424919,-2.799913,13.861830,0.718326,0.716124,-0.370922,-0.052444,0.021589,0.053795,-0.137289
5319,97682.655368766,-2.803534,13.863503,0.718098,0.707482,-0.361500,-0.083610,0.021641,0.055757,-0.137993
5320,97682.660312614,-2.807112,13.865130,0.717715,0.699558,-0.351274,-0.114398,0.021693,0.057720,-0.138698
5321,97682.665225944,-2.810630,13.866697,0.717184,0.692070,-0.340427,-0.145046,0.021745,0.059670,-0.139399
5322,97682.670169792,-2.814132,13.868219,0.716498,0.684606,-0.328746,-0.176253,0.021797,0.061632,-0.140104
5323,97682.675113639,-2.817597,13.869683,0.715658,0.677353,-0.315954,-0.207550,0.021849,0.063595,-0.140809
5324,97682.680057487,-2.821026,13.871084,0.714664,0.670169,-0.302455,-0.238835,0.021901,0.065557,-0.141514
5325,97682.685001335,-2.824418,13.872418,0.713515,0.663364,-0.289021,-0.270533,0.021953,0.067520,-0.142219
5326,97682.689945182,-2.827777,13.873685,0.712210,0.656811,-0.276367,-0.302386,0.022005,0.069482,-0.142924
5327,97682.694889030,-2.831102,13.874888,0.710747,0.650475,-0.264589,-0.333636,0.022057,0.071444,-0.143629
5328,97682.699802360,-2.834375,13.876026,0.709141,0.644407,-0.254012,-0.362989,0.022109,0.073395,-0.144329
5329,97682.704746208,-2.837639,13.877118,0.707379,0.638141,-0.244564,-0.389180,0.022161,0.075357,-0.145034
5330,97682.709690055,-2.840872,13.878163,0.705488,0.631478,-0.236223,-0.410664,0.022213,0.077319,-0.145739
5331,97682.714633903,-2.844071,13.879167,0.703491,0.623889,-0.228280,-0.426177,0.022265,0.079282,-0.146444
5332,97682.719577751,-2.847232,13.880133,0.701417,0.615351,-0.220232,-0.434328,0.022317,0.081244,-0.147149
5333,97682.724521598,-2.850350,13.881060,0.699303,0.607880,-0.212169,-0.434386,0.022369,0.083207,-0.147854
5334,97682.729434929,-2.853410,13.881944,0.697202,0.605131,-0.204683,-0.425500,0.022421,0.085157,-0.148554
5335,97682.734348259,-2.856455,13.882791,0.695144,0.608801,-0.196947,-0.408462,0.022472,0.087107,-0.149255
5336,97682.739322624,-2.859553,13.883611,0.693146,0.620134,-0.187885,-0.385190,0.022525,0.089082,-0.149964
5337,97682.744266471,-2.862684,13.884381,0.691277,0.638954,-0.177132,-0.359162,0.022577,0.091044,-0.150669
5338,97682.749210319,-2.865903,13.885095,0.689539,0.663381,-0.163653,-0.333561,0.022629,0.093007,-0.151374
5339,97682.754154167,-2.869239,13.885738,0.687929,0.691589,-0.148575,-0.310174,0.022681,0.094969,-0.152079
5340,97682.759098014,-2.872709,13.886303,0.686439,0.721925,-0.132196,-0.290470,0.022733,0.096931,-0.152784
5341,97682.764041862,-2.876324,13.886781,0.685049,0.752934,-0.114560,-0.274562,0.022785,0.098894,-0.153489
5342,97682.768955192,-2.880063,13.887164,0.683749,0.783281,-0.096674,-0.261136,0.022836,0.100844,-0.154189
5343,97682.773899040,-2.883971,13.887456,0.682510,0.813131,-0.079796,-0.248159,0.022888,0.102807,-0.154894
5344,97682.778842888,-2.888022,13.887658,0.681339,0.842692,-0.065386,-0.233775,0.022940,0.104769,-0.155599
5345,97682.783786735,-2.892215,13.887784,0.680243,0.873312,-0.055269,-0.215276,0.022993,0.106731,-0.156304
5346,97682.788730583,-2.896555,13.887855,0.679240,0.906523,-0.051251,-0.190825,0.023045,0.108694,-0.157009
5347,97682.793643913,-2.901029,13.887899,0.678367,0.942890,-0.053754,-0.161207,0.023096,0.110644,-0.157710
5348,97682.798587761,-2.905709,13.887950,0.677637,0.983144,-0.062312,-0.128026,0.023148,0.112606,-0.158414
5349,97682.803531608,-2.910587,13.888037,0.677073,1.025921,-0.074691,-0.094227,0.023200,0.114569,-0.159119
5350,97682.808475456,-2.915676,13.888178,0.676679,1.069110,-0.088402,-0.064318,0.021564,0.114407,-0.157411
5351,97682.813419304,-2.920980,13.888379,0.676436,1.110461,-0.101013,-0.041699,0.019927,0.114245,-0.155703
5352,97682.818363151,-2.926489,13.888635,0.676306,1.148401,-0.110342,-0.028087,0.018290,0.114083,-0.153995
5353,97682.823306999,-2.932187,13.888930,0.676246,1.181504,-0.115570,-0.023438,0.016653,0.113921,-0.152286
5354,97682.828220329,-2.938012,13.889242,0.676211,1.209583,-0.119208,-0.027957,0.015027,0.113761,-0.150589
5355,97682.833133659,-2.943977,13.889565,0.676156,1.232633,-0.123440,-0.040271,0.013400,0.113600,-0.148891
5356,97682.838108024,-2.950131,13.889907,0.676041,1.250230,-0.127860,-0.058801,0.011753,0.113437,-0.147172
5357,97682.843051872,-2.956338,13.890264,0.675835,1.261521,-0.132175,-0.081835,0.010116,0.113275,-0.145464
5358,97682.847995720,-2.962602,13.890639,0.675517,1.265953,-0.136452,-0.108535,0.008479,0.113113,-0.143756
5359,97682.852909050,-2.968853,13.891030,0.675069,1.263511,-0.140167,-0.137631,0.006853,0.112952,-0.142058
5360,97682.857852897,-2.975133,13.891440,0.674474,1.254271,-0.142810,-0.167027,0.005216,0.112790,-0.140350
5361,97682.862796745,-2.981370,13.891863,0.673733,1.238633,-0.144096,-0.193592,0.003579,0.112629,-0.138642
5362,97682.867740593,-2.987533,13.892294,0.672860,1.217628,-0.144059,-0.213519,0.001942,0.112467,-0.136933
5363,97682.872653923,-2.993555,13.892726,0.671892,1.192472,-0.143139,-0.222695,0.000316,0.112306,-0.135236
5364,97682.877597770,-2.999491,13.893161,0.670872,1.163972,-0.140760,-0.217511,-0.001321,0.112144,-0.133527
5365,97682.882541618,-3.005286,13.893590,0.669875,1.132789,-0.137460,-0.194201,-0.002958,0.111982,-0.131819
5366,97682.887485466,-3.010924,13.894012,0.668991,1.099487,-0.134209,-0.149907,-0.004595,0.111820,-0.130111
5367,97682.892429313,-3.016394,13.894427,0.668323,1.066913,-0.131964,-0.101459,-0.006231,0.111658,-0.128403
5368,97682.897373161,-3.021699,13.894842,0.667893,1.033948,-0.127520,-0.053233,-0.007868,0.111496,-0.126695
5369,97682.902286491,-3.026805,13.895242,0.667701,0.997630,-0.115802,-0.005971,-0.009495,0.111336,-0.124997
5370,97682.907230339,-3.031757,13.895598,0.667738,0.957910,-0.094160,0.040961,-0.011132,0.111174,-0.123289
5371,97682.912174186,-3.036505,13.895858,0.668006,0.918040,-0.065541,0.087589,-0.012768,0.111012,-0.121580
5372,97682.917087516,-3.041019,13.895988,0.668501,0.885564,-0.035131,0.129849,-0.014395,0.110851,-0.119883
5373,97682.922031364,-3.045391,13.895978,0.669206,0.866556,-0.007246,0.147127,-0.016032,0.110689,-0.118174
5374,97682.926944694,-3.049635,13.895836,0.669993,0.864887,0.017605,0.139755,-0.017658,0.110528,-0.116477
5375,97682.931888542,-3.053893,13.895571,0.670749,0.875024,0.039019,0.114153,-0.019295,0.110366,-0.114769
5376,97682.936832389,-3.058197,13.895196,0.671380,0.888426,0.057481,0.070733,-0.020932,0.110205,-0.113060
5377,97682.941776237,-3.062567,13.894724,0.671800,0.898469,0.076023,0.011920,-0.022569,0.110043,-0.111352
5378,97682.946720085,-3.066987,13.894155,0.671930,0.902106,0.096883,-0.056131,-0.024206,0.109881,-0.109644
5379,97682.951663932,-3.071425,13.893478,0.671725,0.897370,0.120310,-0.125364,-0.025842,0.109719,-0.107936
5380,97682.956577263,-3.075812,13.892686,0.671183,0.882426,0.145652,-0.186716,-0.027469,0.109558,-0.106238
5381,97682.961521110,-3.080152,13.891764,0.670334,0.856923,0.169050,-0.233303,-0.029106,0.109396,-0.104530
5382,97682.966464958,-3.084364,13.890729,0.669255,0.818940,0.184533,-0.262590,-0.030742,0.109234,-0.102821
5383,97682.971408805,-3.088387,13.889624,0.668029,0.766601,0.188887,-0.275779,-0.032379,0.109072,-0.101113
5384,97682.976322136,-3.092128,13.888515,0.666742,0.701061,0.179579,-0.274104,-0.034006,0.108912,-0.099415
5385,97682.981296501,-3.095592,13.887452,0.665442,0.625096,0.154946,-0.260460,-0.035653,0.108749,-0.097697
5386,97682.986240348,-3.098664,13.886535,0.664210,0.548297,0.113859,-0.237202,-0.037290,0.108587,-0.095988
5387,97682.991184196,-3.101364,13.885840,0.663085,0.479859,0.058038,-0.210487,-0.038926,0.108425,-0.094280
5388,97682.996128044,-3.103737,13.885436,0.662084,0.427860,-0.005443,-0.186772,-0.040563,0.108263,-0.092572
5389,97683.001071891,-3.105864,13.885358,0.661192,0.396908,-0.069062,-0.170221,-0.042200,0.108101,-0.090864
5390,97683.005985221,-3.107839,13.885601,0.660381,0.386513,-0.125462,-0.162214,-0.043827,0.107940,-0.089166
5391,97683.010898552,-3.109775,13.886124,0.659606,0.390514,-0.171242,-0.160717,-0.045453,0.107780,-0.087468
5392,97683.015842399,-3.111752,13.886875,0.658830,0.401010,-0.204984,-0.163040,-0.047090,0.107618,-0.085760
5393,97683.020786247,-3.113789,13.887790,0.658042,0.411569,-0.225844,-0.166250,-0.048727,0.107456,-0.084052
5394,97683.025730095,-3.115883,13.888806,0.657237,0.419428,-0.233448,-0.168748,-0.050364,0.107294,-0.082344
5395,97683.030643425,-3.118004,13.889851,0.656425,0.424463,-0.228633,-0.170066,-0.051990,0.107133,-0.080646
5396,97683.035587272,-3.120162,13.890877,0.655602,0.427882,-0.213751,-0.170662,-0.053627,0.106971,-0.078938
5397,97683.040531120,-3.122333,13.891830,0.654778,0.430792,-0.192190,-0.170982,-0.055264,0.106809,-0.077229
5398,97683.045474968,-3.124515,13.892675,0.653953,0.434668,-0.166788,-0.171341,-0.056901,0.106647,-0.075521
5399,97683.050418815,-3.126710,13.893394,0.653129,0.440018,-0.141101,-0.172291,-0.058537,0.106486,-0.073813
5400,97683.055362663,-3.128926,13.893985,0.652301,0.445888,-0.117441,-0.174038,-0.059497,0.104639,-0.071790
5401,97683.060275993,-3.131152,13.894454,0.651472,0.451490,-0.096864,-0.177265,-0.059935,0.103309,-0.069781
5402,97683.065219841,-3.133416,13.894824,0.650624,0.455847,-0.080636,-0.181163,-0.060376,0.101970,-0.067760
5403,97683.070163688,-3.135698,13.895112,0.649757,0.458158,-0.068496,-0.184700,-0.060817,0.100632,-0.065739
5404,97683.075107536,-3.137988,13.895339,0.648874,0.458562,-0.059437,-0.187116,-0.061258,0.099293,-0.063717
5405,97683.080051384,-3.140279,13.895522,0.647980,0.457218,-0.052762,-0.188644,-0.061699,0.097955,-0.061696
5406,97683.084995231,-3.142562,13.895672,0.647078,0.454576,-0.048006,-0.189822,-0.062140,0.096616,-0.059675
5407,97683.089908561,-3.144817,13.895797,0.646177,0.451292,-0.045078,-0.191221,-0.062578,0.095286,-0.057666
5408,97683.094852409,-3.147069,13.895910,0.645262,0.448551,-0.044000,-0.193441,-0.063019,0.093947,-0.055645
5409,97683.099796257,-3.149308,13.896018,0.644337,0.447191,-0.044295,-0.196460,-0.063460,0.092609,-0.053623
5410,97683.104740104,-3.151540,13.896128,0.643396,0.447740,-0.045465,-0.200560,-0.063901,0.091271,-0.051602
5411,97683.109653434,-3.153762,13.896242,0.642442,0.450040,-0.045305,-0.204976,-0.064340,0.089940,-0.049593
5412,97683.114597282,-3.156009,13.896356,0.641459,0.453676,-0.043626,-0.210145,-0.064781,0.088602,-0.047572
5413,97683.119541130,-3.158274,13.896460,0.640452,0.458146,-0.041350,-0.215167,-0.065222,0.087263,-0.045551
5414,97683.124454460,-3.160547,13.896551,0.639426,0.462075,-0.038307,-0.219879,-0.065660,0.085933,-0.043542
5415,97683.129398307,-3.162853,13.896626,0.638371,0.464617,-0.034319,-0.224525,-0.066101,0.084595,-0.041521
5416,97683.134342155,-3.165171,13.896681,0.637294,0.465595,-0.030128,-0.228656,-0.066542,0.083256,-0.039499
5417,97683.139286003,-3.167493,13.896714,0.636196,0.465259,-0.026355,-0.232416,-0.066983,0.081918,-0.037478
5418,97683.144229850,-3.169813,13.896729,0.635081,0.464372,-0.023592,-0.235890,-0.067424,0.080579,-0.035457
5419,97683.149173698,-3.172129,13.896730,0.633948,0.463392,-0.022428,-0.239339,-0.067865,0.079241,-0.033435
5420,97683.154117546,-3.174439,13.896726,0.632798,0.462650,-0.023015,-0.243343,-0.068306,0.077902,-0.031414
5421,97683.159030876,-3.176732,13.896724,0.631635,0.462504,-0.025364,-0.247716,-0.068917,0.076806,-0.029970
5422,97683.163974723,-3.179040,13.896733,0.630444,0.462996,-0.029160,-0.252523,-0.069533,0.075702,-0.028516
5423,97683.168918571,-3.181351,13.896761,0.629228,0.464113,-0.033938,-0.257636,-0.070148,0.074599,-0.027063
5424,97683.173862419,-3.183668,13.896812,0.627987,0.465526,-0.039475,-0.262500,-0.070763,0.073496,-0.025610
5425,97683.178806266,-3.185995,13.896890,0.626722,0.467022,-0.045474,-0.267083,-0.071378,0.072393,-0.024156
5426,97683.183750114,-3.188330,13.896997,0.625434,0.468545,-0.051491,-0.271127,-0.071994,0.071289,-0.022703
5427,97683.188693962,-3.190675,13.897132,0.624125,0.470285,-0.057005,-0.274521,-0.072609,0.070186,-0.021249
5428,97683.193637809,-3.193029,13.897295,0.622800,0.472933,-0.062084,-0.277571,-0.073224,0.069083,-0.019796
5429,97683.198551139,-3.195384,13.897480,0.621468,0.476692,-0.066810,-0.280519,-0.073835,0.067986,-0.018352
5430,97683.203494987,-3.197773,13.897690,0.620112,0.481917,-0.070776,-0.283222,-0.074451,0.066883,-0.016898
5431,97683.208438835,-3.200188,13.897917,0.618744,0.489283,-0.073688,-0.285896,-0.075066,0.065780,-0.015445
5432,97683.213413200,-3.202656,13.898158,0.617354,0.498394,-0.076421,-0.289287,-0.075685,0.064669,-0.013983
5433,97683.218326530,-3.205139,13.898408,0.615966,0.508397,-0.078783,-0.293119,-0.076296,0.063573,-0.012538
5434,97683.223239860,-3.207673,13.898667,0.614559,0.519109,-0.080600,-0.297146,-0.076908,0.062476,-0.011094
5435,97683.228153190,-3.210259,13.898932,0.613132,0.529852,-0.082527,-0.300879,-0.077519,0.061380,-0.009649
5436,97683.233097038,-3.212915,13.899206,0.611680,0.540078,-0.084609,-0.303721,-0.078135,0.060277,-0.008196
5437,97683.238040886,-3.215623,13.899488,0.610213,0.549431,-0.086643,-0.305108,-0.078750,0.059173,-0.006743
5438,97683.242984733,-3.218377,13.899778,0.608741,0.557816,-0.088754,-0.304884,-0.079365,0.058070,-0.005289
5439,97683.247928581,-3.221173,13.900076,0.607270,0.565467,-0.090948,-0.303021,-0.079980,0.056967,-0.003836
5440,97683.252872429,-3.224007,13.900384,0.605809,0.572663,-0.093398,-0.299495,-0.080596,0.055864,-0.002382
5441,97683.257816276,-3.226876,13.900703,0.604366,0.579781,-0.095557,-0.295326,-0.081211,0.054760,-0.000929
5442,97683.262760124,-3.229782,13.901030,0.602943,0.587171,-0.097014,-0.291300,-0.081826,0.053657,0.000524
5443,97683.267673454,-3.232705,13.901362,0.601550,0.595375,-0.097760,-0.288076,-0.082438,0.052560,0.001969
5444,97683.272617302,-3.235687,13.901698,0.600164,0.604946,-0.098238,-0.286303,-0.083053,0.051457,0.003422
5445,97683.277591667,-3.238736,13.902036,0.598780,0.616454,-0.099181,-0.285605,-0.083672,0.050347,0.004884
5446,97683.282504997,-3.241803,13.902372,0.597416,0.630611,-0.101531,-0.284428,-0.084283,0.049251,0.006329
5447,97683.287448845,-3.244960,13.902719,0.596051,0.647621,-0.105690,-0.282760,-0.084898,0.048147,0.007782
5448,97683.292362175,-3.248181,13.903081,0.594704,0.666572,-0.112326,-0.280353,-0.085510,0.047051,0.009227
5449,97683.297306022,-3.251518,13.903474,0.593361,0.687653,-0.122454,-0.276189,-0.086125,0.045947,0.010680
5450,97683.302249870,-3.254960,13.903912,0.592039,0.710202,-0.135282,-0.269843,-0.084980,0.047066,0.009566
5451,97683.307224235,-3.258538,13.904413,0.590742,0.733018,-0.149351,-0.261981,-0.083827,0.048192,0.008446
5452,97683.312168083,-3.262209,13.904975,0.589493,0.754930,-0.163364,-0.253227,-0.082681,0.049311,0.007333
5453,97683.317111930,-3.265991,13.905603,0.588288,0.775782,-0.176690,-0.244186,-0.081536,0.050430,0.006219
5454,97683.322025261,-3.269854,13.906288,0.587135,0.796047,-0.188690,-0.235100,-0.080398,0.051542,0.005113
5455,97683.326969108,-3.273844,13.907033,0.586021,0.816485,-0.199395,-0.225618,-0.079252,0.052661,0.003999
5456,97683.331912956,-3.277935,13.907826,0.584954,0.837243,-0.208950,-0.216110,-0.078106,0.053780,0.002886
5457,97683.336856804,-3.282131,13.908664,0.583936,0.858208,-0.217564,-0.206599,-0.076961,0.054899,0.001772
5458,97683.341800651,-3.286431,13.909539,0.582965,0.879074,-0.225583,-0.197263,-0.075815,0.056018,0.000659
5459,97683.346713981,-3.290809,13.910445,0.582048,0.899482,-0.232915,-0.188192,-0.074677,0.057130,-0.000448
5460,97683.351688346,-3.295343,13.911395,0.581165,0.920019,-0.239559,-0.179334,-0.073524,0.058256,-0.001568
5461,97683.356632194,-3.299951,13.912367,0.580333,0.939777,-0.245542,-0.171310,-0.072379,0.059375,-0.002682
5462,97683.361576042,-3.304658,13.913366,0.579541,0.958890,-0.251005,-0.164527,-0.071233,0.060494,-0.003795
5463,97683.366519889,-3.309460,13.914388,0.578784,0.977652,-0.256147,-0.158842,-0.070088,0.061613,-0.004909
5464,97683.371463737,-3.314355,13.915431,0.578056,0.996427,-0.261423,-0.153807,-0.068942,0.062732,-0.006022
5465,97683.376377067,-3.319313,13.916490,0.577359,1.015697,-0.267080,-0.148793,-0.067804,0.063844,-0.007129
5466,97683.381320915,-3.324398,13.917580,0.576683,1.036237,-0.273237,-0.142782,-0.066658,0.064963,-0.008242
5467,97683.386264763,-3.329585,13.918696,0.576038,1.058174,-0.279604,-0.135015,-0.065513,0.066082,-0.009356
5468,97683.391208610,-3.334881,13.919840,0.575432,1.082121,-0.286095,-0.124801,-0.064367,0.067201,-0.010469
5469,97683.396152458,-3.340296,13.921010,0.574879,1.107774,-0.292721,-0.112937,-0.063222,0.068320,-0.011583
5470,97683.401096305,-3.345839,13.922209,0.574386,1.134644,-0.298689,-0.100541,-0.062076,0.069439,-0.012696
5471,97683.406009636,-3.351479,13.923425,0.573958,1.162541,-0.304000,-0.088182,-0.060938,0.070551,-0.013803
5472,97683.410953483,-3.357293,13.924669,0.573590,1.191727,-0.308766,-0.075739,-0.059792,0.071670,-0.014916
5473,97683.415897331,-3.363251,13.925931,0.573286,1.221294,-0.313205,-0.064053,-0.058646,0.072789,-0.016030
5474,97683.420841179,-3.369355,13.927210,0.573041,1.250566,-0.318113,-0.053698,-0.057501,0.073908,-0.017143
5475,97683.425785026,-3.375604,13.928507,0.572850,1.278739,-0.323981,-0.044556,-0.056355,0.075027,-0.018257
5476,97683.430728874,-3.381993,13.929827,0.572705,1.306049,-0.330846,-0.036851,-0.055210,0.076146,-0.019370
5477,97683.435672721,-3.388517,13.931176,0.572600,1.332647,-0.339353,-0.030124,-0.054064,0.077265,-0.020483
5478,97683.440616569,-3.395175,13.932562,0.572530,1.358776,-0.349065,-0.023252,-0.052919,0.078384,-0.021597
5479,97683.445529899,-3.401921,13.933982,0.572496,1.383046,-0.359235,-0.015208,-0.051780,0.079496,-0.022704
5480,97683.450473747,-3.408830,13.935455,0.572502,1.403607,-0.369250,-0.004042,-0.050635,0.080615,-0.023817
5481,97683.455387077,-3.415799,13.936966,0.572564,1.418918,-0.378943,0.011151,-0.049496,0.081728,-0.024924
5482,97683.460330925,-3.422888,13.938531,0.572702,1.430721,-0.388770,0.028543,-0.048351,0.082847,-0.026037
5483,97683.465274772,-3.430036,13.940143,0.572926,1.440422,-0.398037,0.046047,-0.047205,0.083966,-0.027151
5484,97683.470218620,-3.437233,13.941800,0.573237,1.447976,-0.406399,0.063065,-0.046060,0.085084,-0.028264
5485,97683.475162468,-3.444468,13.943498,0.573632,1.454285,-0.413598,0.079993,-0.044914,0.086203,-0.029378
5486,97683.480106315,-3.451734,13.945230,0.574110,1.461713,-0.417816,0.098386,-0.043769,0.087322,-0.030491
5487,97683.485019645,-3.458991,13.946973,0.574677,1.470502,-0.416747,0.118460,-0.042630,0.088435,-0.031598
5488,97683.489932975,-3.466290,13.948710,0.575343,1.478051,-0.410411,0.138177,-0.041492,0.089547,-0.032704
5489,97683.494876823,-3.473669,13.950425,0.576111,1.481316,-0.403067,0.156627,-0.040346,0.090666,-0.033818
5490,97683.499820671,-3.481061,13.952105,0.576971,1.478316,-0.396081,0.176651,-0.039201,0.091785,-0.034931
5491,97683.504734001,-3.488389,13.953742,0.577925,1.468462,-0.388914,0.200137,-0.038062,0.092897,-0.036038
5492,97683.509677848,-3.495712,13.955358,0.579000,1.452242,-0.380932,0.227523,-0.036917,0.094016,-0.037151
5493,97683.514621696,-3.502950,13.956939,0.580210,1.429759,-0.372409,0.257419,-0.035771,0.095135,-0.038265
5494,97683.519565544,-3.510074,13.958485,0.581566,1.402067,-0.364248,0.288523,-0.034626,0.096254,-0.039378
5495,97683.524509391,-3.517056,13.959999,0.583075,1.370298,-0.357069,0.318265,-0.033480,0.097373,-0.040492
5496,97683.529422721,-3.523836,13.961477,0.584718,1.336663,-0.351747,0.344822,-0.032342,0.098485,-0.041598
5497,97683.534366569,-3.530489,13.962946,0.586501,1.303180,-0.348503,0.369482,-0.031196,0.099604,-0.042712
5498,97683.539310417,-3.536974,13.964409,0.588403,1.272197,-0.347525,0.393463,-0.030051,0.100723,-0.043825
5499,97683.544254264,-3.543304,13.965875,0.590422,1.244397,-0.348298,0.417346,-0.028905,0.101842,-0.044939
5500,97683.549167595,-3.549457,13.967343,0.592543,1.219830,-0.350214,0.440722,-0.028007,0.102534,-0.044966
5501,97683.554080925,-3.555489,13.968827,0.594778,1.197990,-0.352391,0.462640,-0.027109,0.103226,-0.044993
5502,97683.559024772,-3.561448,13.970337,0.597132,1.178462,-0.354350,0.482264,-0.026205,0.103922,-0.045020
5503,97683.563968620,-3.567311,13.971862,0.599583,1.161939,-0.356183,0.498754,-0.025301,0.104618,-0.045047
5504,97683.568912468,-3.573091,13.973402,0.602113,1.149310,-0.358089,0.511518,-0.024398,0.105314,-0.045075
5505,97683.573825798,-3.578773,13.974944,0.604689,1.141667,-0.359547,0.520831,-0.023500,0.106006,-0.045102
5506,97683.578800163,-3.584487,13.976515,0.607343,1.139645,-0.360501,0.527474,-0.022590,0.106707,-0.045129
5507,97683.583744011,-3.590155,13.978082,0.610014,1.143020,-0.360814,0.531452,-0.021687,0.107403,-0.045157
5508,97683.588687858,-3.595841,13.979650,0.612704,1.150669,-0.361231,0.533138,-0.020783,0.108099,-0.045184
5509,97683.593631706,-3.601564,13.981219,0.615403,1.160460,-0.361116,0.533942,-0.019879,0.108796,-0.045211
5510,97683.598575554,-3.607335,13.982785,0.618107,1.170403,-0.360419,0.533540,-0.018976,0.109492,-0.045238
5511,97683.603519401,-3.613155,13.984345,0.620810,1.178631,-0.360287,0.531680,-0.018072,0.110188,-0.045266
5512,97683.608432731,-3.618980,13.985893,0.623487,1.183656,-0.360175,0.527995,-0.017174,0.110880,-0.045293
5513,97683.613376579,-3.624866,13.987449,0.626164,1.184609,-0.359636,0.521891,-0.016270,0.111576,-0.045320
5514,97683.618320427,-3.630757,13.989002,0.628810,1.181370,-0.359078,0.513596,-0.015366,0.112273,-0.045347
5515,97683.623264274,-3.636632,13.990552,0.631415,1.173654,-0.358294,0.503471,-0.014463,0.112969,-0.045375
5516,97683.628208122,-3.642470,13.992099,0.633969,1.161788,-0.356859,0.492169,-0.013559,0.113665,-0.045402
5517,97683.633123868,-3.648217,13.993632,0.636453,1.146522,-0.354784,0.480167,-0.012660,0.114358,-0.045429
5518,97683.638067715,-3.653922,13.995167,0.638890,1.128043,-0.353339,0.467518,-0.011757,0.115054,-0.045456
5519,97683.643011563,-3.659536,13.996697,0.641264,1.107331,-0.353468,0.454279,-0.010853,0.115750,-0.045484
5520,97683.647924893,-3.665015,13.998222,0.643556,1.085027,-0.354773,0.440219,-0.009955,0.116442,-0.045511
5521,97683.652868741,-3.670419,13.999767,0.645792,1.061438,-0.356842,0.424833,-0.009051,0.117138,-0.045538
5522,97683.657812588,-3.675708,14.001327,0.647949,1.037435,-0.359446,0.408116,-0.008147,0.117835,-0.045565
5523,97683.662725918,-3.680849,14.002893,0.650009,1.014042,-0.363033,0.389577,-0.007249,0.118527,-0.045592
5524,97683.667669766,-3.685907,14.004491,0.651989,0.990720,-0.367199,0.368812,-0.006346,0.119223,-0.045620
5525,97683.672613614,-3.690853,14.006114,0.653863,0.967624,-0.371371,0.346317,-0.005442,0.119919,-0.045647
5526,97683.677557461,-3.695688,14.007760,0.655625,0.945229,-0.376134,0.321728,-0.004538,0.120615,-0.045674
5527,97683.682470791,-3.700386,14.009423,0.657253,0.924104,-0.380798,0.295390,-0.003640,0.121307,-0.045701
5528,97683.687414639,-3.705011,14.011123,0.658759,0.904406,-0.384882,0.267010,-0.002736,0.122004,-0.045729
5529,97683.692358487,-3.709542,14.012844,0.660123,0.886609,-0.388479,0.237441,-0.001833,0.122700,-0.045756
5530,97683.697302334,-3.713988,14.014586,0.661339,0.870683,-0.391533,0.206715,-0.000929,0.123396,-0.045783
5531,97683.702246182,-3.718358,14.016344,0.662402,0.855952,-0.394032,0.174681,-0.000025,0.124092,-0.045811
5532,97683.707159512,-3.722632,14.018105,0.663300,0.842198,-0.395692,0.141806,0.000873,0.124784,-0.045838
5533,97683.712103360,-3.726867,14.019886,0.664040,0.829467,-0.396123,0.107694,0.001777,0.125481,-0.045865
5534,97683.717047207,-3.731042,14.021670,0.664610,0.817534,-0.395515,0.073031,0.002680,0.126177,-0.045892
5535,97683.721991055,-3.735160,14.023451,0.665008,0.806563,-0.393963,0.037970,0.003584,0.126873,-0.045920
5536,97683.726904385,-3.739201,14.025213,0.665231,0.796149,-0.391783,0.003020,0.004482,0.127565,-0.045947
5537,97683.731848233,-3.743218,14.026976,0.665282,0.785777,-0.388927,-0.032102,0.005386,0.128261,-0.045974
5538,97683.736792080,-3.747185,14.028725,0.665158,0.775381,-0.384973,-0.067135,0.006289,0.128958,-0.046001
5539,97683.741735928,-3.751103,14.030454,0.664861,0.764766,-0.379836,-0.102016,0.007193,0.129654,-0.046029
5540,97683.746649258,-3.754946,14.032147,0.664394,0.753861,-0.373555,-0.136444,0.008091,0.130346,-0.046056
5541,97683.751593106,-3.758759,14.033821,0.663753,0.742614,-0.365821,-0.170868,0.008995,0.131042,-0.046083
5542,97683.756536953,-3.762519,14.035456,0.662942,0.731014,-0.357175,-0.205415,0.009899,0.131738,-0.046110
5543,97683.761450284,-3.766198,14.037039,0.661966,0.719311,-0.348338,-0.239940,0.010797,0.132430,-0.046137
5544,97683.766394131,-3.769844,14.038588,0.660812,0.707263,-0.339350,-0.274257,0.011700,0.133127,-0.046165
5545,97683.771337979,-3.773430,14.040094,0.659489,0.695041,-0.330506,-0.307429,0.012604,0.133823,-0.046192
5546,97683.776281827,-3.776956,14.041556,0.658001,0.682410,-0.322166,-0.338259,0.013508,0.134519,-0.046219
5547,97683.781225674,-3.780421,14.042978,0.656361,0.668735,-0.314083,-0.364646,0.014412,0.135215,-0.046246
5548,97683.786139004,-3.783797,14.044353,0.654600,0.653508,-0.306604,-0.385141,0.015310,0.135907,-0.046274
5549,97683.791082852,-3.787118,14.045702,0.652726,0.636482,-0.299883,-0.398341,0.016213,0.136604,-0.046301
5550,97683.796057217,-3.790375,14.047028,0.650775,0.619565,-0.293995,-0.401810,0.013305,0.134704,-0.044485
5551,97683.801001065,-3.793528,14.048321,0.648817,0.606406,-0.288752,-0.394713,0.010414,0.132816,-0.042680
5552,97683.805944912,-3.796613,14.049591,0.646894,0.600505,-0.283634,-0.377244,0.007524,0.130929,-0.040875
5553,97683.810858243,-3.799649,14.050830,0.645068,0.604721,-0.276798,-0.350790,0.004651,0.129053,-0.039081
5554,97683.815802090,-3.802721,14.052044,0.643363,0.619949,-0.265970,-0.318920,0.001760,0.127165,-0.037276
5555,97683.820745938,-3.805863,14.053203,0.641817,0.643003,-0.250484,-0.285719,-0.001130,0.125277,-0.035471
5556,97683.825689786,-3.809113,14.054283,0.640437,0.671581,-0.230063,-0.255244,-0.004021,0.123389,-0.033666
5557,97683.830633633,-3.812498,14.055258,0.639212,0.704480,-0.205947,-0.229340,-0.006911,0.121502,-0.031861
5558,97683.835577481,-3.816038,14.056108,0.638118,0.739634,-0.179128,-0.208142,-0.009802,0.119614,-0.030056
5559,97683.840521328,-3.819745,14.056820,0.637134,0.775146,-0.151075,-0.191855,-0.012693,0.117726,-0.028251
5560,97683.845465176,-3.823620,14.057386,0.636234,0.809377,-0.124561,-0.179169,-0.015972,0.114991,-0.026441
5561,97683.850378506,-3.827632,14.057812,0.635406,0.841828,-0.101119,-0.167758,-0.019231,0.112272,-0.024642
5562,97683.855322354,-3.831823,14.058119,0.634633,0.873820,-0.081043,-0.155134,-0.022510,0.109536,-0.022832
5563,97683.860266202,-3.836167,14.058320,0.633927,0.906154,-0.066382,-0.139124,-0.025790,0.106800,-0.021022
5564,97683.865179532,-3.840639,14.058442,0.633306,0.939103,-0.058761,-0.118117,-0.029049,0.104081,-0.019223
5565,97683.870123379,-3.845298,14.058522,0.632789,0.974158,-0.058022,-0.092442,-0.032328,0.101346,-0.017413
5566,97683.875067227,-3.850128,14.058591,0.632401,1.011328,-0.063096,-0.064147,-0.035607,0.098610,-0.015603
5567,97683.880011075,-3.855141,14.058680,0.632155,1.049703,-0.072582,-0.035560,-0.038887,0.095874,-0.013793
5568,97683.884954922,-3.860343,14.058809,0.632053,1.087896,-0.083871,-0.009757,-0.042166,0.093138,-0.011982
5569,97683.889868252,-3.865702,14.058986,0.632080,1.123894,-0.094073,0.010271,-0.045425,0.090420,-0.010184
5570,97683.894812100,-3.871272,14.059208,0.632209,1.156715,-0.101740,0.023692,-0.048705,0.087684,-0.008374
5571,97683.899755948,-3.877005,14.059462,0.632406,1.184771,-0.106349,0.030628,-0.051984,0.084948,-0.006564
5572,97683.904699795,-3.882877,14.059733,0.632639,1.207429,-0.108633,0.031364,-0.055263,0.082212,-0.004753
5573,97683.909643643,-3.888861,14.060010,0.632878,1.224293,-0.110098,0.026331,-0.058543,0.079477,-0.002943
5574,97683.914587491,-3.894929,14.060290,0.633092,1.235484,-0.111883,0.015744,-0.061822,0.076741,-0.001133
5575,97683.919531338,-3.901054,14.060576,0.633255,1.240556,-0.115188,0.000558,-0.065101,0.074005,0.000677
5576,97683.924475186,-3.907206,14.060877,0.633343,1.238396,-0.120253,-0.018045,-0.068381,0.071270,0.002487
5577,97683.929419034,-3.913349,14.061202,0.633339,1.228038,-0.126692,-0.037996,-0.071660,0.068534,0.004297
5578,97683.934301846,-3.919369,14.061555,0.633236,1.210025,-0.134713,-0.056689,-0.074899,0.065832,0.006084
5579,97683.939245694,-3.925378,14.061955,0.633038,1.184768,-0.144862,-0.071083,-0.078178,0.063096,0.007895
5580,97683.944189541,-3.931265,14.062409,0.632766,1.153727,-0.156966,-0.076170,-0.081457,0.060360,0.009705
5581,97683.949133389,-3.937003,14.062930,0.632466,1.119370,-0.170925,-0.067499,-0.084737,0.057625,0.011515
5582,97683.954046719,-3.942538,14.063524,0.632207,1.084426,-0.185373,-0.041663,-0.087996,0.054906,0.013314
5583,97683.958990567,-3.947937,14.064202,0.632070,1.050183,-0.198875,0.002976,-0.091275,0.052170,0.015124
5584,97683.963934414,-3.953166,14.064957,0.632151,1.019300,-0.210075,0.051415,-0.094554,0.049434,0.016934
5585,97683.968847744,-3.958211,14.065772,0.632467,0.988766,-0.214276,0.099160,-0.097814,0.046715,0.018732
5586,97683.973791592,-3.963133,14.066623,0.633017,0.955908,-0.206044,0.146550,-0.101093,0.043980,0.020543
5587,97683.978735440,-3.967888,14.067443,0.633800,0.920886,-0.184670,0.193520,-0.104372,0.041244,0.022353
5588,97683.983679287,-3.972463,14.068168,0.634814,0.887175,-0.153845,0.240304,-0.107652,0.038508,0.024163
5589,97683.988623135,-3.976860,14.068750,0.636059,0.861533,-0.117680,0.275328,-0.110931,0.035773,0.025973
5590,97683.993536465,-3.981094,14.069160,0.637468,0.849224,-0.080274,0.285032,-0.114190,0.033054,0.027772
5591,97683.998480313,-3.985285,14.069391,0.638935,0.850787,-0.044136,0.276063,-0.117469,0.030318,0.029582
5592,97684.003424161,-3.989477,14.069442,0.640361,0.861849,-0.009983,0.252291,-0.120749,0.027582,0.031392
5593,97684.008368008,-3.993717,14.069321,0.641671,0.874640,0.021682,0.213124,-0.124028,0.024847,0.033202
5594,97684.013311856,-3.998017,14.069038,0.642791,0.883841,0.051676,0.159974,-0.127307,0.022111,0.035012
5595,97684.018255703,-4.002359,14.068601,0.643650,0.886194,0.080406,0.098557,-0.130587,0.019375,0.036822
5596,97684.023199551,-4.006711,14.068019,0.644208,0.880367,0.108026,0.034888,-0.133866,0.016639,0.038632
5597,97684.028143399,-4.011033,14.067297,0.644453,0.866966,0.134971,-0.024434,-0.137145,0.013904,0.040442
5598,97684.033087246,-4.015287,14.066441,0.644404,0.847162,0.160193,-0.072250,-0.140425,0.011168,0.042252
5599,97684.038031094,-4.019441,14.065462,0.644120,0.821311,0.180363,-0.105447,-0.143704,0.008432,0.044062
5600,97684.042944424,-4.023440,14.064393,0.643673,0.788671,0.191443,-0.125400,-0.147223,0.005863,0.044469
5601,97684.047888272,-4.027303,14.063269,0.643124,0.748091,0.191616,-0.134915,-0.150764,0.003277,0.044878
5602,97684.052801602,-4.030943,14.062159,0.642527,0.700185,0.179415,-0.135805,-0.154283,0.000708,0.045284
5603,97684.057745450,-4.034371,14.061113,0.641919,0.645413,0.152995,-0.127754,-0.157824,-0.001878,0.045693
5604,97684.062689297,-4.037534,14.060210,0.641345,0.587085,0.111561,-0.112401,-0.161365,-0.004463,0.046102
5605,97684.067633145,-4.040418,14.059525,0.640839,0.529323,0.056984,-0.094387,-0.164906,-0.007049,0.046511
5606,97684.072576993,-4.043026,14.059123,0.640416,0.477473,-0.007407,-0.076396,-0.168448,-0.009634,0.046920
5607,97684.077490323,-4.045377,14.059052,0.640075,0.437421,-0.077167,-0.061129,-0.171967,-0.012203,0.047327
5608,97684.082434170,-4.047558,14.059334,0.639801,0.412424,-0.147227,-0.051094,-0.175508,-0.014789,0.047736
5609,97684.087378018,-4.049630,14.059969,0.639570,0.404008,-0.211396,-0.046563,-0.179049,-0.017374,0.048145
5610,97684.092321866,-4.051675,14.060923,0.639357,0.408872,-0.265832,-0.047704,-0.182590,-0.019960,0.048554
5611,97684.097265713,-4.053755,14.062144,0.639136,0.421801,-0.308971,-0.053385,-0.186131,-0.022545,0.048963
5612,97684.102179043,-4.055896,14.063566,0.638887,0.437744,-0.340019,-0.061491,-0.189650,-0.025115,0.049370
5613,97684.107122891,-4.058136,14.065147,0.638595,0.452002,-0.358851,-0.070312,-0.193191,-0.027700,0.049779
5614,97684.112066739,-4.060451,14.066817,0.638259,0.462466,-0.365526,-0.078896,-0.196732,-0.030285,0.050188
5615,97684.117010586,-4.062820,14.068517,0.637882,0.468547,-0.361558,-0.086314,-0.200273,-0.032871,0.050597
5616,97684.121954434,-4.065219,14.070196,0.637469,0.470246,-0.349243,-0.092505,-0.203814,-0.035456,0.051006
5617,97684.126898282,-4.067624,14.071813,0.637025,0.469213,-0.331477,-0.097794,-0.207355,-0.038042,0.051415
5618,97684.131811612,-4.070006,14.073333,0.636560,0.466533,-0.311278,-0.102523,-0.210874,-0.040611,0.051822
5619,97684.136724942,-4.072370,14.074754,0.636072,0.462917,-0.291490,-0.107166,-0.214394,-0.043181,0.052228
5620,97684.141668789,-4.074727,14.076087,0.635559,0.458596,-0.273644,-0.111452,-0.217935,-0.045766,0.052637
5621,97684.146612637,-4.077059,14.077332,0.635026,0.453615,-0.258033,-0.114750,-0.221476,-0.048352,0.053046
5622,97684.151556485,-4.079364,14.078501,0.634477,0.447910,-0.245441,-0.117455,-0.225017,-0.050937,0.053455
5623,97684.156500332,-4.081638,14.079609,0.633915,0.441660,-0.236159,-0.119666,-0.228558,-0.053522,0.053864
5624,97684.161444180,-4.083879,14.080672,0.633343,0.434999,-0.229465,-0.121186,-0.232099,-0.056108,0.054273
5625,97684.166388028,-4.086085,14.081703,0.632762,0.428793,-0.223578,-0.121855,-0.235640,-0.058693,0.054682
5626,97684.171331875,-4.088260,14.082707,0.632178,0.423712,-0.216361,-0.121636,-0.239181,-0.061279,0.055091
5627,97684.176245205,-4.090395,14.083670,0.631599,0.419869,-0.207739,-0.121317,-0.242700,-0.063848,0.055498
5628,97684.181189053,-4.092523,14.084598,0.631018,0.417062,-0.198384,-0.121759,-0.246241,-0.066434,0.055907
5629,97684.186132901,-4.094634,14.085480,0.630436,0.415260,-0.189101,-0.122804,-0.249782,-0.069019,0.056316
5630,97684.191076748,-4.096735,14.086316,0.629848,0.414985,-0.179940,-0.124816,-0.253323,-0.071604,0.056725
5631,97684.196020596,-4.098832,14.087107,0.629251,0.416366,-0.170947,-0.128026,-0.256864,-0.074190,0.057134
5632,97684.200964444,-4.100935,14.087853,0.628639,0.419604,-0.162039,-0.132294,-0.260405,-0.076775,0.057543
5633,97684.205877774,-4.103039,14.088550,0.628011,0.424279,-0.153314,-0.137624,-0.263924,-0.079345,0.057950
5634,97684.210821621,-4.105177,14.089206,0.627353,0.429783,-0.144398,-0.143555,-0.267466,-0.081930,0.058359
5635,97684.215795987,-4.107355,14.089821,0.626662,0.435454,-0.135806,-0.149746,-0.271028,-0.084532,0.058770
5636,97684.220770352,-4.109559,14.090392,0.625942,0.440375,-0.127830,-0.155801,-0.274591,-0.087133,0.059182
5637,97684.225683682,-4.111759,14.090915,0.625202,0.444241,-0.120670,-0.160934,-0.278111,-0.089702,0.059589
5638,97684.230627530,-4.113991,14.091404,0.624432,0.446481,-0.115071,-0.165170,-0.281652,-0.092288,0.059998
5639,97684.235571377,-4.116233,14.091866,0.623642,0.446875,-0.111530,-0.168245,-0.285193,-0.094873,0.060407
5640,97684.240484707,-4.118462,14.092306,0.622842,0.446088,-0.110398,-0.170439,-0.288712,-0.097443,0.060813
5641,97684.245428555,-4.120701,14.092744,0.622026,0.444629,-0.111506,-0.172605,-0.292253,-0.100028,0.061222
5642,97684.250372403,-4.122934,14.093188,0.621199,0.443594,-0.114426,-0.174894,-0.295794,-0.102614,0.061631
5643,97684.255316250,-4.125162,14.093646,0.620361,0.443570,-0.119190,-0.177244,-0.299335,-0.105199,0.062040
5644,97684.260229580,-4.127377,14.094124,0.619516,0.444768,-0.125652,-0.180223,-0.302854,-0.107769,0.062447
5645,97684.265173428,-4.129614,14.094637,0.618650,0.447289,-0.133904,-0.183942,-0.306395,-0.110354,0.062856
5646,97684.270117276,-4.131865,14.095190,0.617766,0.450906,-0.143299,-0.188464,-0.309936,-0.112939,0.063265
5647,97684.275061123,-4.134137,14.095789,0.616860,0.455398,-0.153440,-0.193068,-0.313477,-0.115525,0.063674
5648,97684.280004971,-4.136433,14.096436,0.615930,0.460617,-0.164061,-0.197481,-0.317018,-0.118110,0.064083
5649,97684.284948819,-4.138757,14.097134,0.614978,0.465959,-0.174935,-0.201706,-0.320559,-0.120696,0.064492
5650,97684.289862149,-4.141097,14.097879,0.614012,0.471416,-0.185790,-0.205834,-0.319321,-0.121612,0.063692
5651,97684.294805996,-4.143480,14.098682,0.613018,0.476745,-0.196315,-0.209599,-0.318075,-0.122535,0.062886
5652,97684.299749844,-4.145892,14.099535,0.612006,0.482035,-0.206053,-0.212408,-0.316829,-0.123457,0.062081
5653,97684.304693692,-4.148332,14.100435,0.610979,0.487473,-0.215037,-0.213707,-0.315583,-0.124379,0.061275
5654,97684.309637539,-4.150802,14.101378,0.609946,0.493254,-0.223127,-0.213456,-0.314337,-0.125302,0.060470
5655,97684.314550869,-4.153286,14.102354,0.608921,0.498975,-0.230195,-0.211994,-0.313099,-0.126218,0.059669
5656,97684.319494717,-4.155816,14.103369,0.607896,0.505020,-0.236070,-0.209558,-0.311853,-0.127140,0.058863
5657,97684.324438565,-4.158376,14.104413,0.606884,0.511524,-0.240594,-0.206124,-0.310607,-0.128063,0.058058
5658,97684.329382412,-4.160969,14.105477,0.605889,0.518446,-0.243735,-0.202270,-0.309362,-0.128985,0.057252
5659,97684.334356778,-4.163613,14.106563,0.604907,0.525968,-0.245476,-0.199130,-0.308108,-0.129913,0.056442
5660,97684.339270108,-4.166262,14.107642,0.603953,0.534602,-0.246264,-0.197158,-0.306870,-0.130830,0.055641
5661,97684.344183438,-4.168953,14.108723,0.603009,0.544758,-0.245816,-0.197068,-0.305631,-0.131746,0.054841
5662,97684.349127286,-4.171711,14.109807,0.602061,0.556875,-0.244260,-0.198385,-0.304386,-0.132669,0.054035
5663,97684.354071133,-4.174528,14.110880,0.601107,0.571430,-0.243461,-0.199189,-0.303140,-0.133591,0.053229
5664,97684.359014981,-4.177418,14.111946,0.600150,0.588563,-0.244364,-0.198044,-0.301894,-0.134513,0.052424
5665,97684.363928311,-4.180373,14.113007,0.599207,0.607268,-0.247358,-0.195452,-0.300656,-0.135430,0.051623
5666,97684.368872159,-4.183440,14.114085,0.598271,0.626955,-0.252257,-0.191989,-0.299410,-0.136352,0.050818
5667,97684.373816006,-4.186605,14.115183,0.597353,0.647043,-0.258636,-0.187919,-0.298164,-0.137275,0.050012
5668,97684.378759854,-4.189870,14.116308,0.596457,0.667159,-0.266533,-0.183288,-0.296918,-0.138197,0.049207
5669,97684.383703702,-4.193236,14.117469,0.595585,0.686900,-0.275506,-0.178058,-0.295672,-0.139119,0.048401
5670,97684.388617032,-4.196679,14.118662,0.594744,0.706284,-0.284979,-0.172124,-0.294434,-0.140036,0.047601
5671,97684.393560879,-4.200242,14.119906,0.593929,0.725328,-0.294618,-0.165056,-0.293188,-0.140958,0.046795
5672,97684.398504727,-4.203900,14.121193,0.593150,0.744285,-0.304306,-0.156948,-0.291942,-0.141880,0.045989
5673,97684.403448575,-4.207653,14.122525,0.592411,0.763710,-0.314032,-0.148273,-0.290696,-0.142803,0.045184
5674,97684.408392422,-4.211503,14.123901,0.591716,0.784132,-0.323972,-0.139645,-0.289450,-0.143725,0.044378
5675,97684.413336270,-4.215456,14.125323,0.591065,0.806003,-0.334249,-0.131709,-0.288204,-0.144647,0.043573
5676,97684.418249600,-4.219493,14.126782,0.590457,0.829145,-0.345436,-0.124776,-0.286966,-0.145564,0.042772
5677,97684.423193448,-4.223672,14.128301,0.589881,0.853351,-0.357774,-0.118844,-0.285720,-0.146486,0.041967
5678,97684.428106778,-4.227946,14.129866,0.589339,0.877564,-0.371140,-0.113860,-0.284482,-0.147403,0.041166
5679,97684.433050625,-4.232369,14.131501,0.588820,0.901384,-0.385608,-0.109277,-0.283236,-0.148325,0.040360
5680,97684.437963955,-4.236884,14.133193,0.588327,0.924068,-0.400448,-0.105096,-0.281998,-0.149242,0.039560
5681,97684.442907803,-4.241542,14.134964,0.587852,0.945785,-0.415499,-0.100942,-0.280752,-0.150164,0.038754
5682,97684.447851651,-4.246311,14.136805,0.587398,0.967238,-0.430429,-0.095566,-0.279506,-0.151086,0.037949
5683,97684.452795498,-4.251188,14.138716,0.586972,0.989331,-0.445661,-0.087267,-0.278260,-0.152009,0.037143
5684,97684.457739346,-4.256177,14.140697,0.586588,1.012231,-0.461370,-0.075306,-0.277014,-0.152931,0.036338
5685,97684.462683194,-4.261281,14.142752,0.586263,1.034760,-0.477117,-0.060832,-0.275768,-0.153853,0.035532
5686,97684.467596524,-4.266467,14.144867,0.586012,1.056860,-0.492119,-0.045355,-0.274530,-0.154770,0.034732
5687,97684.472540371,-4.271797,14.147066,0.585837,1.079687,-0.506326,-0.029241,-0.273284,-0.155692,0.033926
5688,97684.477484219,-4.277241,14.149331,0.585743,1.104171,-0.519661,-0.013435,-0.272038,-0.156615,0.033120
5689,97684.482428067,-4.282808,14.151658,0.585727,1.130612,-0.532407,0.001299,-0.270792,-0.157537,0.032315
5690,97684.487371914,-4.288507,14.154043,0.585786,1.158428,-0.544798,0.014459,-0.269546,-0.158459,0.031509
5691,97684.492315762,-4.294346,14.156484,0.585911,1.185990,-0.556812,0.026033,-0.268300,-0.159382,0.030704
5692,97684.497229092,-4.300285,14.158963,0.586093,1.212275,-0.568378,0.037316,-0.267062,-0.160298,0.029903
5693,97684.502172940,-4.306393,14.161510,0.586334,1.236407,-0.580091,0.048627,-0.265816,-0.161220,0.029098
5694,97684.507116787,-4.312621,14.164110,0.586631,1.256829,-0.592502,0.060152,-0.264570,-0.162143,0.028292
5695,97684.512060635,-4.318953,14.166768,0.586987,1.272773,-0.605165,0.072097,-0.263324,-0.163065,0.027487
5696,97684.517004483,-4.325365,14.169486,0.587401,1.284744,-0.617134,0.085954,-0.262079,-0.163987,0.026681
5697,97684.521917813,-4.331797,14.172244,0.587882,1.293137,-0.627618,0.102818,-0.260840,-0.164904,0.025880
5698,97684.526861661,-4.338313,14.175071,0.588449,1.298302,-0.636144,0.121769,-0.259594,-0.165826,0.025075
5699,97684.531805508,-4.344854,14.177939,0.589109,1.302357,-0.641904,0.139542,-0.257326,-0.166345,0.023452
5700,97684.536749356,-4.351415,14.180836,0.589857,1.306541,-0.644235,0.155344,-0.254151,-0.164603,0.022634
5701,97684.541693203,-4.357997,14.183745,0.590684,1.312751,-0.641307,0.171168,-0.250975,-0.162861,0.021815
5702,97684.546637051,-4.364607,14.186639,0.591589,1.321268,-0.633514,0.185857,-0.247799,-0.161119,0.020997
5703,97684.551550381,-4.371215,14.189476,0.592562,1.330242,-0.622096,0.199282,-0.244643,-0.159388,0.020184
5704,97684.556494229,-4.377906,14.192273,0.593609,1.336958,-0.608939,0.212547,-0.241468,-0.157646,0.019366
5705,97684.561438077,-4.384625,14.195004,0.594722,1.337783,-0.596999,0.226224,-0.238292,-0.155904,0.018548
5706,97684.566381924,-4.391346,14.197677,0.595904,1.331971,-0.587426,0.241346,-0.235116,-0.154162,0.017729
5707,97684.571295254,-4.397993,14.200289,0.597153,1.320459,-0.579757,0.258105,-0.231960,-0.152431,0.016916
5708,97684.576269619,-4.404662,14.202899,0.598501,1.304021,-0.572844,0.277269,-0.228765,-0.150679,0.016093
5709,97684.581182950,-4.411166,14.205447,0.599925,1.284085,-0.566018,0.298070,-0.225609,-0.148948,0.015280
5710,97684.586126797,-4.417610,14.207984,0.601460,1.261148,-0.558594,0.319938,-0.222433,-0.147206,0.014461
5711,97684.591070645,-4.423936,14.210490,0.603102,1.235987,-0.549955,0.341598,-0.219258,-0.145464,0.013643
5712,97684.595983975,-4.430097,14.212945,0.604838,1.209879,-0.540237,0.362512,-0.216102,-0.143733,0.012830
5713,97684.600927823,-4.436164,14.215374,0.606688,1.183711,-0.530165,0.383024,-0.212926,-0.141991,0.012012
5714,97684.605871670,-4.442097,14.217760,0.608637,1.158191,-0.520162,0.402620,-0.209750,-0.140249,0.011194
5715,97684.610815518,-4.447901,14.220104,0.610682,1.133668,-0.510848,0.420669,-0.206575,-0.138507,0.010375
5716,97684.615759366,-4.453581,14.222408,0.612816,1.110281,-0.502128,0.436414,-0.203399,-0.136766,0.009557
5717,97684.620672696,-4.459107,14.224661,0.615012,1.088352,-0.494352,0.449431,-0.200243,-0.135035,0.008744
5718,97684.625616543,-4.464557,14.226895,0.617284,1.068464,-0.487501,0.459914,-0.197067,-0.133293,0.007926
5719,97684.630560391,-4.469907,14.229100,0.619608,1.051187,-0.481510,0.467868,-0.193892,-0.131551,0.007108
5720,97684.635504239,-4.475170,14.231280,0.621970,1.037370,-0.476779,0.473398,-0.190716,-0.129809,0.006289
5721,97684.640448086,-4.480362,14.233440,0.624359,1.027256,-0.473505,0.477076,-0.187540,-0.128067,0.005471
5722,97684.645391934,-4.485504,14.235587,0.626765,1.020659,-0.471851,0.479484,-0.184365,-0.126325,0.004653
5723,97684.650335782,-4.490613,14.237726,0.629182,1.017171,-0.471510,0.480987,-0.181189,-0.124584,0.003835
5724,97684.655249112,-4.495673,14.239852,0.631592,1.015499,-0.472183,0.481724,-0.178033,-0.122853,0.003022
5725,97684.660192959,-4.500756,14.241995,0.634021,1.014659,-0.473319,0.481414,-0.174857,-0.121111,0.002203
5726,97684.665136807,-4.505836,14.244143,0.636447,1.014112,-0.474438,0.480056,-0.171682,-0.119369,0.001385
5727,97684.670050137,-4.510881,14.246284,0.638852,1.013010,-0.475713,0.478630,-0.168526,-0.117638,0.000572
5728,97684.674993985,-4.515953,14.248444,0.641265,1.010391,-0.477231,0.477092,-0.165350,-0.115896,-0.000246
5729,97684.679937832,-4.521012,14.250612,0.643670,1.005775,-0.478931,0.474872,-0.162174,-0.114154,-0.001064
5730,97684.684881680,-4.526050,14.252790,0.646063,0.998728,-0.481523,0.471605,-0.158999,-0.112412,-0.001883
5731,97684.689825528,-4.531053,14.254981,0.648440,0.989261,-0.484768,0.466227,-0.155823,-0.110670,-0.002701
5732,97684.694769375,-4.536010,14.257191,0.650789,0.977450,-0.487874,0.459325,-0.152647,-0.108929,-0.003519
5733,97684.699682705,-4.540880,14.259404,0.653088,0.963267,-0.490422,0.451139,-0.149491,-0.107198,-0.004332
5734,97684.704626553,-4.545712,14.261646,0.655361,0.946536,-0.492966,0.441224,-0.146316,-0.105456,-0.005151
5735,97684.709570401,-4.550462,14.263904,0.657582,0.927960,-0.496084,0.429995,-0.143140,-0.103714,-0.005969
5736,97684.714514248,-4.555121,14.266180,0.659747,0.908187,-0.499588,0.417786,-0.139964,-0.101972,-0.006787
5737,97684.719458096,-4.559685,14.268477,0.661850,0.887638,-0.503142,0.404398,-0.136789,-0.100230,-0.007605
5738,97684.724401944,-4.564149,14.270795,0.663885,0.866998,-0.505880,0.389885,-0.133613,-0.098488,-0.008423
5739,97684.729345791,-4.568513,14.273131,0.665846,0.847020,-0.507525,0.373595,-0.130437,-0.096747,-0.009242
5740,97684.734289639,-4.572779,14.275477,0.667725,0.826258,-0.508776,0.355403,-0.127262,-0.095005,-0.010060
5741,97684.739233487,-4.576945,14.277834,0.669513,0.804659,-0.509970,0.335015,-0.124086,-0.093263,-0.010878
5742,97684.744146817,-4.580981,14.280185,0.671188,0.783162,-0.510217,0.312963,-0.120930,-0.091532,-0.011691
5743,97684.749090664,-4.584937,14.282555,0.672762,0.762286,-0.509674,0.288958,-0.117754,-0.089790,-0.012509
5744,97684.754003994,-4.588768,14.284910,0.674208,0.742622,-0.508465,0.263445,-0.114598,-0.088059,-0.013323
5745,97684.758947842,-4.592527,14.287277,0.675535,0.724117,-0.506581,0.236390,-0.111423,-0.086317,-0.014141
5746,97684.763891690,-4.596196,14.289637,0.676727,0.706937,-0.504059,0.208147,-0.108247,-0.084575,-0.014959
5747,97684.768835537,-4.599782,14.291987,0.677778,0.691161,-0.500675,0.178794,-0.105071,-0.082833,-0.015777
5748,97684.773779385,-4.603291,14.294321,0.678683,0.676778,-0.496530,0.148429,-0.101896,-0.081092,-0.016595
5749,97684.778753750,-4.606752,14.296651,0.679442,0.663794,-0.491844,0.117360,-0.098700,-0.079339,-0.017419
5750,97684.783697598,-4.610129,14.298944,0.680042,0.651989,-0.486285,0.086618,-0.097921,-0.078998,-0.018539
5751,97684.788610928,-4.613428,14.301196,0.680487,0.641304,-0.479939,0.056088,-0.097146,-0.078658,-0.019653
5752,97684.793524258,-4.616675,14.303417,0.680781,0.631497,-0.472656,0.025775,-0.096372,-0.078319,-0.020767
5753,97684.798468106,-4.619894,14.305616,0.680927,0.622067,-0.464333,-0.004359,-0.095592,-0.077978,-0.021888
5754,97684.803381436,-4.623048,14.307761,0.680924,0.613013,-0.454794,-0.033811,-0.094818,-0.077638,-0.023001
5755,97684.808325284,-4.626177,14.309872,0.680776,0.603565,-0.444013,-0.063612,-0.094038,-0.077297,-0.024122
5756,97684.813269131,-4.629259,14.311931,0.680479,0.593548,-0.432771,-0.094608,-0.093259,-0.076956,-0.025243
5757,97684.818212979,-4.632291,14.313933,0.680030,0.583700,-0.420678,-0.126355,-0.092480,-0.076614,-0.026364
5758,97684.823156827,-4.635274,14.315877,0.679424,0.573804,-0.407811,-0.158800,-0.091700,-0.076273,-0.027484
5759,97684.828100674,-4.638208,14.317757,0.678657,0.563872,-0.394484,-0.192007,-0.090921,-0.075932,-0.028605
5760,97684.833044522,-4.641092,14.319571,0.677726,0.553781,-0.381180,-0.225936,-0.090141,-0.075590,-0.029726
5761,97684.837988369,-4.643926,14.321319,0.676628,0.543650,-0.368188,-0.259861,-0.089362,-0.075249,-0.030846
5762,97684.842901700,-4.646692,14.322993,0.675370,0.533662,-0.355633,-0.292099,-0.088587,-0.074910,-0.031960
5763,97684.847845547,-4.649426,14.324616,0.673944,0.523449,-0.343326,-0.321959,-0.087808,-0.074568,-0.033081
5764,97684.852789395,-4.652108,14.326178,0.672371,0.512735,-0.331467,-0.348310,-0.087029,-0.074227,-0.034202
5765,97684.857702725,-4.654721,14.327672,0.670678,0.500603,-0.320047,-0.369550,-0.086254,-0.073888,-0.035315
5766,97684.862646573,-4.657290,14.329121,0.668870,0.486717,-0.308463,-0.384551,-0.085475,-0.073546,-0.036436
5767,97684.867590420,-4.659788,14.330515,0.666987,0.472991,-0.297293,-0.391873,-0.084695,-0.073205,-0.037557
5768,97684.872534268,-4.662217,14.331856,0.665067,0.461763,-0.286962,-0.390601,-0.083916,-0.072863,-0.038677
5769,97684.877478116,-4.664587,14.333149,0.663153,0.454198,-0.277323,-0.380488,-0.083136,-0.072522,-0.039798
5770,97684.882391446,-4.666904,14.334389,0.661301,0.452393,-0.268029,-0.363066,-0.082362,-0.072183,-0.040912
5771,97684.887335293,-4.669222,14.335592,0.659524,0.458633,-0.258039,-0.340356,-0.081582,-0.071841,-0.042033
5772,97684.892279141,-4.671567,14.336745,0.657861,0.473802,-0.246185,-0.315461,-0.080803,-0.071500,-0.043153
5773,97684.897222989,-4.673983,14.337839,0.656322,0.496293,-0.231540,-0.291658,-0.080024,-0.071159,-0.044274
5774,97684.902166836,-4.676506,14.338856,0.654903,0.524094,-0.215137,-0.272424,-0.079244,-0.070817,-0.045395
5775,97684.907080166,-4.679144,14.339782,0.653591,0.555147,-0.197235,-0.258924,-0.078470,-0.070478,-0.046509
5776,97684.912024014,-4.681947,14.340620,0.652340,0.589138,-0.178319,-0.250191,-0.077690,-0.070137,-0.047629
5777,97684.916967862,-4.684913,14.341357,0.651137,0.625553,-0.160844,-0.244613,-0.076911,-0.069795,-0.048750
5778,97684.921911709,-4.688055,14.342001,0.649965,0.663713,-0.146964,-0.239529,-0.076131,-0.069454,-0.049871
5779,97684.926855557,-4.691382,14.342568,0.648821,0.703477,-0.138670,-0.232481,-0.075352,-0.069113,-0.050991
5780,97684.931799405,-4.694903,14.343086,0.647716,0.745212,-0.137919,-0.221463,-0.074573,-0.068771,-0.052112
5781,97684.936743252,-4.698629,14.343592,0.646669,0.790046,-0.145401,-0.205275,-0.073793,-0.068430,-0.053233
5782,97684.941687100,-4.702577,14.344126,0.645704,0.837927,-0.160885,-0.182890,-0.073014,-0.068088,-0.054353
5783,97684.946600430,-4.706737,14.344724,0.644858,0.887168,-0.182763,-0.155644,-0.072239,-0.067749,-0.055467
5784,97684.951544278,-4.711169,14.345425,0.644144,0.935469,-0.208909,-0.125680,-0.071460,-0.067408,-0.056588
5785,97684.966345303,-4.725163,14.347884,0.642455,1.067953,-0.290415,-0.039322,-0.069126,-0.066386,-0.059943
5786,97684.971289151,-4.730503,14.349085,0.642322,1.094211,-0.306216,-0.029613,-0.068347,-0.066044,-0.061064
5787,97684.976232998,-4.735976,14.350358,0.642239,1.114967,-0.318752,-0.026714,-0.067568,-0.065703,-0.062185
5788,97684.981176846,-4.741553,14.351689,0.642171,1.129859,-0.328743,-0.030038,-0.066788,-0.065362,-0.063305
5789,97684.986120694,-4.747207,14.353067,0.642086,1.138325,-0.336947,-0.039094,-0.066009,-0.065020,-0.064426
5790,97684.991034024,-4.752869,14.354473,0.641958,1.139661,-0.343872,-0.053419,-0.065234,-0.064681,-0.065540
5791,97684.995977871,-4.758576,14.355921,0.641759,1.133491,-0.349552,-0.072497,-0.064455,-0.064340,-0.066660
5792,97685.000921719,-4.764255,14.357398,0.641464,1.120171,-0.353700,-0.094780,-0.063675,-0.063998,-0.067781
5793,97685.005865567,-4.769871,14.358896,0.641057,1.100259,-0.356258,-0.118135,-0.062896,-0.063657,-0.068902
5794,97685.010778897,-4.775356,14.360401,0.640537,1.075599,-0.357694,-0.139338,-0.062121,-0.063318,-0.070016
5795,97685.015753262,-4.780789,14.361935,0.639903,1.049106,-0.358473,-0.154618,-0.061337,-0.062974,-0.071143
5796,97685.020666592,-4.786027,14.363459,0.639200,1.023669,-0.358789,-0.159702,-0.060563,-0.062635,-0.072257
5797,97685.025579922,-4.791140,14.364990,0.638469,0.999761,-0.358278,-0.151784,-0.059788,-0.062296,-0.073371
5798,97685.030554287,-4.796197,14.366543,0.637768,0.976878,-0.357017,-0.127701,-0.059004,-0.061952,-0.074498
5799,97685.035498135,-4.801108,14.368087,0.637188,0.955032,-0.355168,-0.085582,-0.058224,-0.061611,-0.075619
5800,97685.040411465,-4.805878,14.369619,0.636817,0.934460,-0.352309,-0.036911,-0.058902,-0.062471,-0.076614
5801,97685.045355313,-4.810572,14.371155,0.636683,0.913721,-0.345151,0.011580,-0.059236,-0.062946,-0.077479
5802,97685.050299161,-4.815159,14.372662,0.636787,0.890525,-0.328382,0.058808,-0.059569,-0.063422,-0.078343
5803,97685.055243008,-4.819624,14.374095,0.637124,0.867201,-0.298586,0.105120,-0.059902,-0.063897,-0.079208
5804,97685.060186856,-4.823964,14.375389,0.637691,0.845907,-0.258084,0.150814,-0.060236,-0.064373,-0.080073
5805,97685.065100186,-4.828161,14.376483,0.638479,0.826895,-0.213159,0.188292,-0.060567,-0.064846,-0.080932
5806,97685.070044034,-4.832277,14.377368,0.639458,0.817135,-0.166617,0.198734,-0.060900,-0.065321,-0.081796
5807,97685.074987881,-4.836335,14.378027,0.640491,0.817551,-0.119625,0.184113,-0.061234,-0.065797,-0.082661
5808,97685.079931729,-4.840385,14.378453,0.641455,0.823092,-0.074809,0.150019,-0.061567,-0.066272,-0.083525
5809,97685.084875577,-4.844455,14.378653,0.642253,0.828978,-0.033418,0.099648,-0.061901,-0.066748,-0.084390
5810,97685.089819424,-4.848550,14.378645,0.642805,0.830685,0.005040,0.038612,-0.062234,-0.067223,-0.085255
5811,97685.094763272,-4.852648,14.378443,0.643058,0.826009,0.040248,-0.024889,-0.062567,-0.067699,-0.086119
5812,97685.099676602,-4.856695,14.378066,0.642999,0.814863,0.070778,-0.081785,-0.062899,-0.068172,-0.086978
5813,97685.104620450,-4.860710,14.377535,0.642660,0.796671,0.096106,-0.127241,-0.063232,-0.068647,-0.087843
5814,97685.109564297,-4.864633,14.376880,0.642096,0.771052,0.113935,-0.158855,-0.063565,-0.069123,-0.088708
5815,97685.114477627,-4.868404,14.376145,0.641379,0.738226,0.121996,-0.178589,-0.063897,-0.069595,-0.089567
5816,97685.119421475,-4.872036,14.375372,0.640559,0.698044,0.119444,-0.188806,-0.064230,-0.070071,-0.090431
5817,97685.124365323,-4.875471,14.374619,0.639685,0.650574,0.105754,-0.190257,-0.064564,-0.070547,-0.091296
5818,97685.129309170,-4.878674,14.373944,0.638799,0.597188,0.080763,-0.183674,-0.064897,-0.071022,-0.092161
5819,97685.134253018,-4.881619,14.373404,0.637940,0.540882,0.044280,-0.169754,-0.065230,-0.071498,-0.093025
5820,97685.139196866,-4.884293,14.373057,0.637144,0.485830,-0.003545,-0.150243,-0.065564,-0.071973,-0.093890
5821,97685.144140713,-4.886704,14.372960,0.636437,0.436990,-0.060073,-0.129563,-0.065897,-0.072449,-0.094754
5822,97685.149054043,-4.888871,14.373153,0.635829,0.399265,-0.119979,-0.111572,-0.066228,-0.072921,-0.095614
5823,97685.153997891,-4.890876,14.373652,0.635300,0.374900,-0.178298,-0.098871,-0.066562,-0.073397,-0.096478
5824,97685.158941739,-4.892774,14.374445,0.634829,0.364022,-0.229704,-0.092468,-0.066895,-0.073873,-0.097343
5825,97685.163885586,-4.894628,14.375495,0.634385,0.363863,-0.271372,-0.091407,-0.067229,-0.074348,-0.098207
5826,97685.168798916,-4.896479,14.376743,0.633947,0.370393,-0.302060,-0.095070,-0.067560,-0.074821,-0.099067
5827,97685.173742764,-4.898381,14.378149,0.633486,0.379901,-0.321301,-0.101437,-0.067893,-0.075296,-0.099931
5828,97685.178717129,-4.900346,14.379656,0.632991,0.388340,-0.328255,-0.108369,-0.068229,-0.075775,-0.100801
5829,97685.183660977,-4.902343,14.381186,0.632465,0.393872,-0.324007,-0.114341,-0.068562,-0.076250,-0.101666
5830,97685.188604825,-4.904367,14.382694,0.631909,0.395995,-0.311641,-0.118536,-0.068896,-0.076726,-0.102530
5831,97685.193518155,-4.906386,14.384131,0.631338,0.395357,-0.294152,-0.120539,-0.069227,-0.077199,-0.103389
5832,97685.198462002,-4.908411,14.385491,0.630754,0.393564,-0.274136,-0.121331,-0.069560,-0.077674,-0.104254
5833,97685.203405850,-4.910423,14.386752,0.630167,0.391340,-0.253708,-0.121706,-0.069894,-0.078150,-0.105119
5834,97685.208349698,-4.912419,14.387912,0.629579,0.389850,-0.235211,-0.122389,-0.070227,-0.078625,-0.105983
5835,97685.213293545,-4.914405,14.388982,0.628989,0.389432,-0.220242,-0.123742,-0.070560,-0.079101,-0.106848
5836,97685.218206875,-4.916372,14.389971,0.628397,0.390401,-0.209218,-0.125823,-0.070892,-0.079574,-0.107707
5837,97685.223150723,-4.918355,14.390912,0.627792,0.392230,-0.200987,-0.128998,-0.071225,-0.080049,-0.108572
5838,97685.228094571,-4.920345,14.391812,0.627171,0.394865,-0.193989,-0.132439,-0.072165,-0.080016,-0.108538
5839,97685.233038418,-4.922347,14.392676,0.626534,0.397845,-0.187793,-0.135760,-0.073106,-0.079983,-0.108505
5840,97685.237982266,-4.924362,14.393509,0.625881,0.401079,-0.181711,-0.139152,-0.074046,-0.079950,-0.108471
5841,97685.242926114,-4.926392,14.394311,0.625213,0.404274,-0.175437,-0.142487,-0.074986,-0.079916,-0.108438
5842,97685.247839444,-4.928424,14.395076,0.624532,0.407538,-0.169169,-0.146051,-0.075921,-0.079883,-0.108404
5843,97685.252783291,-4.930484,14.395814,0.623830,0.411183,-0.162901,-0.150038,-0.076861,-0.079850,-0.108371
5844,97685.257727139,-4.932561,14.396520,0.623109,0.415433,-0.156634,-0.154704,-0.077801,-0.079817,-0.108337
5845,97685.262670987,-4.934658,14.397194,0.622366,0.420340,-0.150233,-0.159760,-0.078741,-0.079784,-0.108304
5846,97685.267614834,-4.936778,14.397835,0.621599,0.425813,-0.143720,-0.165159,-0.079682,-0.079750,-0.108270
5847,97685.272528164,-4.938910,14.398438,0.620810,0.431314,-0.137088,-0.170852,-0.080616,-0.079717,-0.108237
5848,97685.277441494,-4.941069,14.399008,0.619995,0.436633,-0.130271,-0.176591,-0.081550,-0.079684,-0.108204
5849,97685.282385342,-4.943266,14.399546,0.619147,0.441147,-0.123201,-0.182295,-0.082491,-0.079651,-0.108170
5850,97685.287329190,-4.945485,14.400047,0.618271,0.444825,-0.116403,-0.187662,-0.082352,-0.080422,-0.108209
5851,97685.292273037,-4.947720,14.400514,0.617370,0.447325,-0.110413,-0.192720,-0.082213,-0.081193,-0.108247
5852,97685.297186368,-4.949953,14.400947,0.616449,0.448378,-0.105691,-0.197491,-0.082074,-0.081959,-0.108285
5853,97685.302130215,-4.952205,14.401360,0.615500,0.448208,-0.103071,-0.201836,-0.081935,-0.082730,-0.108324
5854,97685.307074063,-4.954455,14.401759,0.614530,0.447148,-0.102835,-0.206125,-0.081796,-0.083501,-0.108362
5855,97685.312017911,-4.956701,14.402157,0.613538,0.445762,-0.105349,-0.210761,-0.081657,-0.084272,-0.108401
5856,97685.316961758,-4.958940,14.402568,0.612523,0.444602,-0.110129,-0.215130,-0.081518,-0.085043,-0.108439
5857,97685.321875088,-4.961161,14.402999,0.611492,0.444291,-0.116890,-0.219062,-0.081380,-0.085809,-0.108477
5858,97685.326818936,-4.963397,14.403467,0.610436,0.444735,-0.125655,-0.223420,-0.081241,-0.086580,-0.108516
5859,97685.331762784,-4.965636,14.403977,0.609357,0.445943,-0.135968,-0.228243,-0.081102,-0.087351,-0.108554
5860,97685.336706631,-4.967884,14.404537,0.608254,0.448092,-0.146924,-0.233272,-0.080963,-0.088122,-0.108592
5861,97685.341650479,-4.970146,14.405151,0.607125,0.450991,-0.157857,-0.238200,-0.080823,-0.088893,-0.108631
5862,97685.346594327,-4.972425,14.405818,0.605972,0.454519,-0.168271,-0.242612,-0.080684,-0.089664,-0.108669
5863,97685.351568692,-4.974737,14.406540,0.604789,0.458548,-0.177828,-0.246570,-0.080544,-0.090440,-0.108708
5864,97685.356482022,-4.977044,14.407299,0.603601,0.463125,-0.185968,-0.249946,-0.080406,-0.091206,-0.108746
5865,97685.361395352,-4.979375,14.408096,0.602396,0.468494,-0.192769,-0.253164,-0.080268,-0.091972,-0.108784
5866,97685.366339200,-4.981749,14.408931,0.601168,0.474922,-0.198275,-0.255975,-0.080129,-0.092743,-0.108823
5867,97685.371283047,-4.984156,14.409791,0.599927,0.482542,-0.202499,-0.258087,-0.079990,-0.093514,-0.108861
5868,97685.376196377,-4.986586,14.410665,0.598682,0.490950,-0.205846,-0.259258,-0.079852,-0.094280,-0.108899
5869,97685.381140225,-4.989074,14.411559,0.597425,0.500024,-0.208600,-0.259454,-0.079713,-0.095051,-0.108937
5870,97685.386084073,-4.991607,14.412465,0.596167,0.509421,-0.211051,-0.258567,-0.079573,-0.095822,-0.108976
5871,97685.391027920,-4.994187,14.413381,0.594914,0.519316,-0.212948,-0.256396,-0.079434,-0.096593,-0.109014
5872,97685.395971768,-4.996817,14.414304,0.593673,0.529972,-0.214581,-0.253267,-0.079295,-0.097364,-0.109053
5873,97685.400915616,-4.999499,14.415233,0.592448,0.541798,-0.216163,-0.250077,-0.079156,-0.098135,-0.109091
5874,97685.405828946,-5.002222,14.416162,0.591246,0.554906,-0.217788,-0.247973,-0.079018,-0.098901,-0.109129
5875,97685.410803311,-5.005045,14.417107,0.590041,0.569681,-0.219435,-0.247901,-0.078878,-0.099677,-0.109168
5876,97685.415716641,-5.007906,14.418046,0.588853,0.585611,-0.220524,-0.250681,-0.078740,-0.100443,-0.109206
5877,97685.420629971,-5.010846,14.418987,0.587651,0.602791,-0.221636,-0.254388,-0.078602,-0.101209,-0.109244
5878,97685.425573819,-5.013889,14.419935,0.586425,0.621368,-0.224009,-0.256047,-0.078463,-0.101980,-0.109283
5879,97685.430517666,-5.017025,14.420891,0.585193,0.640621,-0.228307,-0.254221,-0.078323,-0.102751,-0.109321
5880,97685.435461514,-5.020257,14.421864,0.583970,0.659459,-0.234493,-0.249500,-0.078184,-0.103522,-0.109359
5881,97685.440405362,-5.023582,14.422863,0.582772,0.677241,-0.241748,-0.243630,-0.078045,-0.104293,-0.109398
5882,97685.445349209,-5.026997,14.423895,0.581603,0.695329,-0.250362,-0.237434,-0.077906,-0.105064,-0.109436
5883,97685.450293057,-5.030502,14.424966,0.580466,0.714737,-0.260670,-0.231623,-0.077767,-0.105835,-0.109475
5884,97685.455236905,-5.034105,14.426084,0.579359,0.735739,-0.272514,-0.226484,-0.077628,-0.106606,-0.109513
5885,97685.460150235,-5.037791,14.427250,0.578285,0.757428,-0.285601,-0.221624,-0.077490,-0.107372,-0.109551
5886,97685.465094082,-5.041610,14.428482,0.577228,0.779079,-0.299856,-0.216821,-0.077351,-0.108143,-0.109590
5887,97685.470037930,-5.045538,14.429781,0.576197,0.800037,-0.314556,-0.211281,-0.077212,-0.108914,-0.109628
5888,97685.474981778,-5.049573,14.431148,0.575193,0.820319,-0.329327,-0.204574,-0.077073,-0.109685,-0.109666
5889,97685.479925625,-5.053710,14.432584,0.574223,0.840036,-0.343810,-0.197476,-0.076933,-0.110456,-0.109705
5890,97685.484838955,-5.057921,14.434078,0.573295,0.859469,-0.357286,-0.190624,-0.076795,-0.111222,-0.109743
5891,97685.489782803,-5.062257,14.435645,0.572395,0.879016,-0.369475,-0.184470,-0.076656,-0.111993,-0.109781
5892,97685.494726651,-5.066692,14.437268,0.571526,0.898090,-0.380288,-0.179046,-0.076517,-0.112764,-0.109820
5893,97685.499670498,-5.071222,14.438940,0.570685,0.916709,-0.389772,-0.174030,-0.076378,-0.113535,-0.109858
5894,97685.504614346,-5.075847,14.440656,0.569870,0.934997,-0.398217,-0.168769,-0.076239,-0.114306,-0.109897
5895,97685.509558194,-5.080563,14.442409,0.569081,0.953267,-0.405930,-0.162888,-0.076100,-0.115077,-0.109935
5896,97685.514471524,-5.085341,14.444187,0.568327,0.971998,-0.412864,-0.155974,-0.075962,-0.115843,-0.109973
5897,97685.519415371,-5.090242,14.446005,0.567604,0.992067,-0.419227,-0.148125,-0.075823,-0.116614,-0.110012
5898,97685.524359219,-5.095243,14.447852,0.566921,1.013467,-0.424695,-0.140132,-0.075683,-0.117385,-0.110050
5899,97685.529303067,-5.100351,14.449721,0.566278,1.036544,-0.429119,-0.131849,-0.075544,-0.118156,-0.110088
5900,97685.534216397,-5.105540,14.451596,0.565681,1.062010,-0.432768,-0.122651,-0.073610,-0.116632,-0.110465
5901,97685.539160244,-5.110888,14.453496,0.565128,1.089968,-0.436203,-0.112211,-0.071664,-0.115099,-0.110844
5902,97685.544104092,-5.116373,14.455407,0.564628,1.119654,-0.440088,-0.100764,-0.069717,-0.113566,-0.111223
5903,97685.549047940,-5.122006,14.457332,0.564187,1.150405,-0.445026,-0.088414,-0.067771,-0.112033,-0.111601
5904,97685.553991787,-5.127790,14.459275,0.563809,1.180914,-0.451303,-0.076314,-0.065824,-0.110500,-0.111980
5905,97685.558935635,-5.133726,14.461244,0.563493,1.209317,-0.459053,-0.065941,-0.063878,-0.108967,-0.112359
5906,97685.563848965,-5.139765,14.463233,0.563231,1.235093,-0.468291,-0.056987,-0.061943,-0.107443,-0.112736
5907,97685.568792813,-5.145970,14.465274,0.563013,1.259203,-0.479136,-0.047166,-0.059997,-0.105910,-0.113114
5908,97685.573736661,-5.152296,14.467365,0.562845,1.281455,-0.491383,-0.035544,-0.058051,-0.104377,-0.113493
5909,97685.578680508,-5.158734,14.469512,0.562735,1.301337,-0.504810,-0.021086,-0.056104,-0.102844,-0.113872
5910,97685.583624356,-5.165272,14.471723,0.562697,1.317699,-0.518420,-0.003751,-0.054158,-0.101311,-0.114251
5911,97685.588537686,-5.171852,14.473983,0.562745,1.329527,-0.531574,0.015227,-0.052223,-0.099787,-0.114627
5912,97685.593481534,-5.178532,14.476322,0.562887,1.338238,-0.543509,0.033157,-0.050277,-0.098254,-0.115006
5913,97685.598425381,-5.185257,14.478719,0.563118,1.346119,-0.553235,0.047993,-0.048330,-0.096721,-0.115385
5914,97685.603369229,-5.192022,14.481163,0.563423,1.354637,-0.560888,0.060035,-0.046384,-0.095188,-0.115764
5915,97685.608282559,-5.198787,14.483628,0.563784,1.365433,-0.565064,0.072748,-0.044450,-0.093665,-0.116140
5916,97685.613256924,-5.205690,14.486143,0.564214,1.378988,-0.562698,0.088559,-0.042491,-0.092122,-0.116522
5917,97685.618200772,-5.212616,14.488629,0.564721,1.391538,-0.556351,0.103339,-0.040545,-0.090589,-0.116900
5918,97685.623144619,-5.219602,14.491082,0.565302,1.397300,-0.549835,0.117779,-0.038598,-0.089056,-0.117279
5919,97685.628088467,-5.226614,14.493503,0.565955,1.394562,-0.544892,0.134021,-0.036652,-0.087523,-0.117658
5920,97685.633032315,-5.233610,14.495901,0.566688,1.384149,-0.541426,0.153777,-0.034706,-0.085990,-0.118037
5921,97685.637976162,-5.240552,14.498285,0.567519,1.367041,-0.538113,0.176911,-0.032759,-0.084457,-0.118416
5922,97685.642920010,-5.247408,14.500657,0.568463,1.344438,-0.533785,0.203303,-0.030813,-0.082924,-0.118795
5923,97685.647833340,-5.254107,14.503001,0.569529,1.317527,-0.527842,0.232084,-0.028878,-0.081400,-0.119171
5924,97685.652777188,-5.260712,14.505337,0.570743,1.286669,-0.519913,0.261490,-0.026932,-0.079867,-0.119550
5925,97685.657721036,-5.267160,14.507643,0.572100,1.253456,-0.510639,0.289668,-0.024985,-0.078334,-0.119929
5926,97685.662664883,-5.273441,14.509912,0.573594,1.219366,-0.500909,0.315172,-0.023039,-0.076801,-0.120308
5927,97685.667578213,-5.279511,14.512128,0.575203,1.186250,-0.491318,0.337701,-0.021105,-0.075277,-0.120684
5928,97685.672522061,-5.285452,14.514319,0.576931,1.155270,-0.482236,0.358716,-0.019158,-0.073744,-0.121063
5929,97685.677465909,-5.291237,14.516473,0.578761,1.127378,-0.474033,0.378650,-0.017212,-0.072211,-0.121442
5930,97685.682409756,-5.296880,14.518594,0.580688,1.102757,-0.466588,0.397258,-0.015265,-0.070678,-0.121821
5931,97685.687323086,-5.302365,14.520672,0.582693,1.081322,-0.459710,0.414041,-0.013331,-0.069154,-0.122197
5932,97685.692266934,-5.307775,14.522735,0.584793,1.062946,-0.453068,0.428726,-0.011384,-0.067621,-0.122576
5933,97685.697210782,-5.313093,14.524769,0.586964,1.048104,-0.446898,0.440460,-0.009438,-0.066088,-0.122955
5934,97685.702154629,-5.318334,14.526777,0.589192,1.037071,-0.441284,0.449115,-0.007492,-0.064555,-0.123334
5935,97685.707098477,-5.323520,14.528760,0.591463,1.030609,-0.436534,0.455366,-0.005545,-0.063022,-0.123713
5936,97685.712042325,-5.328672,14.530722,0.593764,1.029024,-0.433222,0.459467,-0.003599,-0.061489,-0.124092
5937,97685.716986172,-5.333815,14.532668,0.596086,1.031435,-0.431666,0.461603,-0.001652,-0.059956,-0.124470
5938,97685.721899502,-5.338937,14.534594,0.598404,1.037059,-0.431500,0.462234,0.000282,-0.058432,-0.124847
5939,97685.726843350,-5.344120,14.536529,0.600740,1.044792,-0.432635,0.462202,0.002228,-0.056899,-0.125226
5940,97685.731787198,-5.349340,14.538469,0.603076,1.052933,-0.435125,0.461765,0.004175,-0.055366,-0.125605
5941,97685.736731045,-5.354602,14.540419,0.605411,1.060083,-0.437220,0.459755,0.006121,-0.053833,-0.125983
5942,97685.741674893,-5.359899,14.542378,0.607736,1.064989,-0.438172,0.455877,0.008068,-0.052300,-0.126362
5943,97685.746588223,-5.365188,14.544328,0.610028,1.066579,-0.438738,0.450481,0.010002,-0.050777,-0.126739
5944,97685.751532071,-5.370519,14.546293,0.612308,1.064500,-0.438273,0.443787,0.011949,-0.049243,-0.127118
5945,97685.756475918,-5.375839,14.548255,0.614555,1.058167,-0.436697,0.435891,0.013895,-0.047710,-0.127496
5946,97685.761419766,-5.381129,14.550210,0.616762,1.047658,-0.435010,0.426230,0.015841,-0.046177,-0.127875
5947,97685.766333096,-5.386334,14.552146,0.618907,1.033467,-0.433907,0.415745,0.017776,-0.044654,-0.128252
5948,97685.771276944,-5.391503,14.554092,0.621013,1.016220,-0.433666,0.404462,0.019722,-0.043121,-0.128631
5949,97685.776220791,-5.396587,14.556039,0.623062,0.996602,-0.434365,0.392297,0.021669,-0.041588,-0.129009
5950,97685.781164639,-5.401575,14.557993,0.625049,0.975090,-0.435889,0.378888,0.021981,-0.039575,-0.130097
5951,97685.786108487,-5.406458,14.559959,0.626968,0.952142,-0.438144,0.364192,0.022293,-0.037562,-0.131185
5952,97685.791021817,-5.411200,14.561928,0.628801,0.928577,-0.440980,0.348060,0.022603,-0.035562,-0.132266
5953,97685.795965664,-5.415856,14.563926,0.630565,0.904921,-0.444735,0.329924,0.022916,-0.033549,-0.133354
5954,97685.800909512,-5.420398,14.565948,0.632236,0.881905,-0.449376,0.309549,0.023228,-0.031537,-0.134441
5955,97685.805853360,-5.424829,14.567996,0.633805,0.859177,-0.453906,0.287348,0.023540,-0.029524,-0.135529
5956,97685.810797207,-5.429150,14.570070,0.635262,0.836984,-0.458335,0.263305,0.023852,-0.027511,-0.136617
5957,97685.815741055,-5.433365,14.572169,0.636598,0.815611,-0.462478,0.237336,0.024165,-0.025498,-0.137704
5958,97685.820684903,-5.437476,14.574291,0.637804,0.795220,-0.466045,0.209658,0.024477,-0.023486,-0.138792
5959,97685.825628750,-5.441490,14.576434,0.638872,0.776736,-0.468619,0.180259,0.024789,-0.021473,-0.139880
5960,97685.830572598,-5.445414,14.578592,0.639792,0.760014,-0.469588,0.149248,0.025101,-0.019460,-0.140967
5961,97685.835455411,-5.449212,14.580729,0.640549,0.744995,-0.468891,0.117028,0.025410,-0.017472,-0.142042
5962,97685.840429776,-5.453008,14.582904,0.641159,0.731014,-0.466674,0.083279,0.025724,-0.015447,-0.143136
5963,97685.845373623,-5.456713,14.585056,0.641597,0.718021,-0.463239,0.049167,0.026036,-0.013435,-0.144224
5964,97685.850286953,-5.460334,14.587178,0.641864,0.705764,-0.458665,0.015105,0.026346,-0.011434,-0.145305
5965,97685.855230801,-5.463918,14.589292,0.641963,0.693939,-0.452638,-0.019288,0.026659,-0.009422,-0.146392
5966,97685.860174649,-5.467445,14.591376,0.641893,0.682702,-0.445337,-0.053773,0.026971,-0.007409,-0.147480
5967,97685.865118496,-5.470917,14.593424,0.641651,0.672085,-0.436712,-0.088595,0.027283,-0.005396,-0.148568
5968,97685.870031827,-5.474316,14.595417,0.641239,0.661747,-0.426467,-0.123096,0.027593,-0.003396,-0.149649
5969,97685.874975674,-5.477686,14.597373,0.640655,0.651086,-0.414621,-0.157977,0.027906,-0.001383,-0.150736
5970,97685.879919522,-5.481003,14.599269,0.639897,0.640183,-0.401464,-0.192989,0.028218,0.000629,-0.151824
5971,97685.884863369,-5.484265,14.601101,0.638967,0.629119,-0.387166,-0.227603,0.028530,0.002642,-0.152912
5972,97685.889807217,-5.487473,14.602863,0.637866,0.617738,-0.372575,-0.261158,0.028842,0.004655,-0.154000
5973,97685.894720547,-5.490604,14.604542,0.636606,0.606153,-0.358291,-0.293021,0.029153,0.006655,-0.155081
5974,97685.899664395,-5.493696,14.606162,0.635181,0.594181,-0.344202,-0.322907,0.029465,0.008668,-0.156168
5975,97685.904608243,-5.496728,14.607713,0.633609,0.582027,-0.330910,-0.349967,0.029777,0.010681,-0.157256
5976,97685.909552090,-5.499700,14.609199,0.631902,0.569687,-0.318700,-0.373720,0.030089,0.012693,-0.158344
5977,97685.914495938,-5.502609,14.610627,0.630078,0.556827,-0.307419,-0.393403,0.030128,0.014532,-0.159681
5978,97685.919439786,-5.505454,14.611999,0.628157,0.543695,-0.296980,-0.407721,0.030166,0.016371,-0.161018
5979,97685.924353116,-5.508216,14.613315,0.626176,0.530280,-0.287013,-0.414566,0.030203,0.018199,-0.162346
5980,97685.929296963,-5.510927,14.614591,0.624150,0.517613,-0.277466,-0.413947,0.030242,0.020038,-0.163683
5981,97685.934240811,-5.513573,14.615823,0.622125,0.508644,-0.268876,-0.406795,0.030280,0.021877,-0.165020
5982,97685.939184659,-5.516172,14.617016,0.620136,0.506375,-0.260480,-0.393541,0.030318,0.023715,-0.166357
5983,97685.944097989,-5.518742,14.618161,0.618225,0.512355,-0.251115,-0.376531,0.030356,0.025543,-0.167686
5984,97685.949041836,-5.521354,14.619266,0.616387,0.526030,-0.239961,-0.358988,0.030394,0.027382,-0.169023
5985,97685.953955166,-5.524013,14.620308,0.614648,0.545820,-0.227274,-0.343096,0.030432,0.029209,-0.170352
5986,97685.958899014,-5.526783,14.621291,0.612979,0.570404,-0.213140,-0.328982,0.030470,0.031048,-0.171689
5987,97685.963842862,-5.529669,14.622199,0.611383,0.598441,-0.197527,-0.317052,0.030508,0.032887,-0.173026
5988,97685.968786709,-5.532691,14.623025,0.609848,0.629800,-0.180364,-0.308424,0.030546,0.034726,-0.174363
5989,97685.973700039,-5.535843,14.623756,0.608369,0.663147,-0.161484,-0.303767,0.030584,0.036554,-0.175691
5990,97685.978643887,-5.539174,14.624391,0.606907,0.698601,-0.141108,-0.301065,0.030622,0.038393,-0.177028
5991,97685.983587735,-5.542677,14.624917,0.605462,0.735350,-0.121481,-0.297343,0.030660,0.040232,-0.178365
5992,97685.988531582,-5.546356,14.625339,0.604040,0.773078,-0.104812,-0.290302,0.030698,0.042071,-0.179702
5993,97685.993475430,-5.550217,14.625671,0.602656,0.812027,-0.092280,-0.278568,0.030736,0.043909,-0.181039
5994,97685.998419278,-5.554268,14.625934,0.601334,0.852959,-0.085592,-0.260920,0.030774,0.045748,-0.182376
5995,97686.003332608,-5.558491,14.626154,0.600110,0.896479,-0.085939,-0.237464,0.030812,0.047576,-0.183705
5996,97686.008276455,-5.562954,14.626370,0.598998,0.943055,-0.093331,-0.208577,0.030850,0.049415,-0.185042
5997,97686.013220303,-5.567647,14.626613,0.598032,0.990677,-0.106460,-0.176917,0.030888,0.051254,-0.186379
5998,97686.018164151,-5.572575,14.626914,0.597224,1.036587,-0.122883,-0.146068,0.030926,0.053093,-0.187716
5999,97686.023107998,-5.577731,14.627287,0.596572,1.078956,-0.140152,-0.119702,0.030964,0.054932,-0.189053
6000,97686.028051846,-5.583099,14.627738,0.596052,1.116929,-0.156614,-0.100104,0.029197,0.055035,-0.188666
6001,97686.032965176,-5.588622,14.628260,0.595634,1.149780,-0.171236,-0.087871,0.027441,0.055137,-0.188282
6002,97686.037909024,-5.594344,14.628851,0.595275,1.177131,-0.184100,-0.082925,0.025674,0.055241,-0.187896
6003,97686.042852871,-5.600203,14.629501,0.594941,1.197725,-0.195513,-0.084804,0.023907,0.055344,-0.187509
6004,97686.047796719,-5.606166,14.630202,0.594599,1.210858,-0.205858,-0.091871,0.022140,0.055447,-0.187122
6005,97686.052740567,-5.612198,14.630951,0.594223,1.216013,-0.214505,-0.102674,0.020373,0.055550,-0.186736
6006,97686.057653897,-5.618220,14.631735,0.593796,1.212252,-0.221298,-0.116409,0.018617,0.055653,-0.186352
6007,97686.062597744,-5.624263,14.632559,0.593297,1.198843,-0.225513,-0.132830,0.016849,0.055756,-0.185965
6008,97686.067541592,-5.630242,14.633405,0.592716,1.176162,-0.226290,-0.151329,0.015082,0.055860,-0.185579
6009,97686.072485440,-5.636110,14.634258,0.592042,1.145499,-0.223237,-0.170518,0.013315,0.055963,-0.185192
6010,97686.077429287,-5.641828,14.635102,0.591271,1.109846,-0.216948,-0.187773,0.011548,0.056066,-0.184805
6011,97686.082342618,-5.647336,14.635916,0.590418,1.073224,-0.208435,-0.199153,0.009792,0.056169,-0.184421
6012,97686.087286465,-5.652695,14.636701,0.589501,1.038556,-0.199273,-0.200201,0.008025,0.056272,-0.184035
6013,97686.092230313,-5.657882,14.637448,0.588576,1.007536,-0.190853,-0.186174,0.006258,0.056375,-0.183648
6014,97686.097174161,-5.662913,14.638160,0.587720,0.980893,-0.184475,-0.152804,0.004491,0.056479,-0.183262
6015,97686.102118008,-5.667808,14.638849,0.587026,0.960055,-0.180921,-0.103045,0.002723,0.056582,-0.182875
6016,97686.107031338,-5.672566,14.639525,0.586580,0.944986,-0.180661,-0.052622,0.000967,0.056684,-0.182491
6017,97686.111975186,-5.677276,14.640209,0.586379,0.932185,-0.180021,-0.002123,-0.000800,0.056788,-0.182104
6018,97686.116919034,-5.681919,14.640896,0.586428,0.917371,-0.174164,0.047634,-0.002567,0.056891,-0.181718
6019,97686.121862881,-5.686484,14.641561,0.586721,0.900426,-0.159450,0.095939,-0.004334,0.056994,-0.181331
6020,97686.126776211,-5.690931,14.642156,0.587249,0.883388,-0.134734,0.142379,-0.006090,0.057097,-0.180947
6021,97686.131750577,-5.695340,14.642642,0.588015,0.870777,-0.101793,0.174507,-0.007868,0.057201,-0.180558
6022,97686.136694424,-5.699650,14.642967,0.588936,0.867127,-0.063938,0.174265,-0.009635,0.057304,-0.180172
6023,97686.146612637,-5.708244,14.643246,0.590786,0.875990,0.022226,0.121181,-0.013180,0.057511,-0.179396
6024,97686.156439297,-5.716816,14.642666,0.592109,0.896903,0.111633,-0.009972,-0.016693,0.057716,-0.178628
6025,97686.161352627,-5.721194,14.641925,0.592133,0.892800,0.149176,-0.085012,-0.018449,0.057819,-0.178244
6026,97686.166296475,-5.725577,14.640990,0.591788,0.877915,0.181222,-0.150166,-0.020216,0.057922,-0.177857
6027,97686.171240323,-5.729884,14.639895,0.591122,0.853265,0.205803,-0.198413,-0.021983,0.058026,-0.177470
6028,97686.176184170,-5.734067,14.638682,0.590217,0.820052,0.219715,-0.228770,-0.023750,0.058129,-0.177084
6029,97686.181128018,-5.738086,14.637405,0.589160,0.777510,0.220761,-0.244678,-0.025517,0.058232,-0.176697
6030,97686.186041348,-5.741872,14.636138,0.588029,0.725677,0.207833,-0.249304,-0.027274,0.058335,-0.176313
6031,97686.190985196,-5.745428,14.634939,0.586863,0.665834,0.180900,-0.244359,-0.029041,0.058438,-0.175927
6032,97686.195929043,-5.748695,14.633886,0.585715,0.602562,0.140495,-0.229177,-0.030808,0.058541,-0.175540
6033,97686.200872891,-5.751656,14.633048,0.584636,0.543614,0.088345,-0.205202,-0.032575,0.058644,-0.175153
6034,97686.205816739,-5.754337,14.632481,0.583667,0.496145,0.028198,-0.176647,-0.034342,0.058748,-0.174767
6035,97686.210730069,-5.756778,14.632225,0.582838,0.464881,-0.035219,-0.149349,-0.036098,0.058850,-0.174383
6036,97686.215673916,-5.759092,14.632288,0.582132,0.450039,-0.097675,-0.128094,-0.037865,0.058954,-0.173996
6037,97686.220617764,-5.761345,14.632665,0.581526,0.449699,-0.152922,-0.115688,-0.039633,0.059057,-0.173610
6038,97686.225561612,-5.763608,14.633316,0.580979,0.459702,-0.195494,-0.112092,-0.041400,0.059160,-0.173223
6039,97686.230505459,-5.765928,14.634175,0.580447,0.475027,-0.223730,-0.115821,-0.043167,0.059263,-0.172837
6040,97686.235449307,-5.768331,14.635170,0.579897,0.490320,-0.236623,-0.123922,-0.044934,0.059367,-0.172450
6041,97686.240393155,-5.770813,14.636224,0.579306,0.501485,-0.234404,-0.132949,-0.046701,0.059470,-0.172063
6042,97686.245306485,-5.773335,14.637259,0.578676,0.506930,-0.219953,-0.140783,-0.048457,0.059573,-0.171679
6043,97686.250250332,-5.775896,14.638226,0.578005,0.507255,-0.197160,-0.146422,-0.050224,0.059676,-0.171293
6044,97686.260138028,-5.781013,14.639936,0.576609,0.502020,-0.142881,-0.152393,-0.053758,0.059882,-0.170520
6045,97686.265051358,-5.783518,14.640520,0.575889,0.499446,-0.114496,-0.153296,-0.055515,0.059985,-0.170135
6046,97686.269995205,-5.786021,14.640967,0.575162,0.498429,-0.088464,-0.154741,-0.057282,0.060088,-0.169749
6047,97686.274939053,-5.788513,14.641287,0.574429,0.498869,-0.066087,-0.157249,-0.059049,0.060191,-0.169362
6048,97686.279882901,-5.791002,14.641495,0.573685,0.500298,-0.047616,-0.160707,-0.060816,0.060295,-0.168976
6049,97686.284826748,-5.793495,14.641612,0.572925,0.502378,-0.033022,-0.164135,-0.062583,0.060398,-0.168589
6050,97686.289770596,-5.795995,14.641656,0.572149,0.504467,-0.021817,-0.167016,-0.063932,0.059347,-0.167595
6051,97686.294683926,-5.798487,14.641644,0.571364,0.505995,-0.013094,-0.169377,-0.065273,0.058303,-0.166608
6052,97686.299627774,-5.801001,14.641588,0.570564,0.506760,-0.006612,-0.171814,-0.066621,0.057252,-0.165614
6053,97686.304541104,-5.803502,14.641501,0.569757,0.507067,-0.001554,-0.174797,-0.067962,0.056208,-0.164627
6054,97686.309515469,-5.806034,14.641387,0.568925,0.507567,0.002698,-0.178656,-0.069319,0.055151,-0.163627
6055,97686.314459317,-5.808553,14.641253,0.568080,0.508479,0.006486,-0.183216,-0.070668,0.054100,-0.162633
6056,97686.319403164,-5.811076,14.641099,0.567213,0.510463,0.010593,-0.188638,-0.072017,0.053050,-0.161640
6057,97686.324347012,-5.813608,14.640925,0.566319,0.513103,0.015168,-0.194266,-0.073366,0.051999,-0.160646
6058,97686.329290860,-5.816153,14.640726,0.565398,0.515685,0.020586,-0.199920,-0.074715,0.050948,-0.159652
6059,97686.334234707,-5.818709,14.640500,0.564449,0.517652,0.026625,-0.205693,-0.076064,0.049898,-0.158659
6060,97686.339178555,-5.821275,14.640244,0.563472,0.519129,0.032997,-0.211133,-0.077413,0.048847,-0.157665
6061,97686.344091885,-5.823831,14.639957,0.562476,0.520099,0.039344,-0.216131,-0.078753,0.047803,-0.156678
6062,97686.349005215,-5.826390,14.639639,0.561455,0.520619,0.045153,-0.220951,-0.080094,0.046759,-0.155690
6063,97686.353949063,-5.828967,14.639289,0.560404,0.520848,0.049912,-0.225445,-0.081443,0.045708,-0.154696
6064,97686.358892911,-5.831545,14.638916,0.559331,0.521249,0.052807,-0.229939,-0.082792,0.044657,-0.153703
6065,97686.363836758,-5.834124,14.638527,0.558237,0.522204,0.053738,-0.234391,-0.084140,0.043607,-0.152709
6066,97686.368750088,-5.836692,14.638137,0.557127,0.523956,0.052348,-0.238973,-0.085481,0.042563,-0.151722
6067,97686.373693936,-5.839286,14.637750,0.555988,0.526725,0.048756,-0.243687,-0.086830,0.041512,-0.150728
6068,97686.378637784,-5.841894,14.637380,0.554825,0.530179,0.043513,-0.248112,-0.088179,0.040461,-0.149734
6069,97686.383581631,-5.844520,14.637034,0.553641,0.533887,0.037186,-0.252311,-0.089528,0.039411,-0.148741
6070,97686.388525479,-5.847167,14.636719,0.552436,0.537414,0.030622,-0.256014,-0.090877,0.038360,-0.147747
6071,97686.393438809,-5.849816,14.636437,0.551220,0.540741,0.024104,-0.258932,-0.092217,0.037316,-0.146759
6072,97686.398382657,-5.852500,14.636185,0.549981,0.543995,0.017908,-0.260937,-0.093566,0.036265,-0.145766
6073,97686.403326504,-5.855201,14.635962,0.548733,0.547219,0.012525,-0.262433,-0.094915,0.035214,-0.144772
6074,97686.408270352,-5.857920,14.635765,0.547477,0.550798,0.008447,-0.264041,-0.096264,0.034164,-0.143779
6075,97686.413214200,-5.860657,14.635588,0.546214,0.554896,0.005925,-0.266219,-0.097613,0.033113,-0.142785
6076,97686.418158047,-5.863415,14.635422,0.544939,0.559973,0.005056,-0.268952,-0.098962,0.032062,-0.141791
6077,97686.423101895,-5.866199,14.635259,0.543652,0.566032,0.005385,-0.271816,-0.100311,0.031012,-0.140798
6078,97686.427984707,-5.868978,14.635094,0.542367,0.573037,0.006747,-0.274505,-0.101643,0.029974,-0.139816
6079,97686.432959073,-5.871844,14.634919,0.541045,0.580929,0.008683,-0.276907,-0.103000,0.028917,-0.138816
6080,97686.437902920,-5.874731,14.634733,0.539720,0.588895,0.010726,-0.278405,-0.104349,0.027866,-0.137823
6081,97686.442846768,-5.877656,14.634535,0.538388,0.596536,0.012548,-0.278756,-0.105698,0.026816,-0.136829
6082,97686.447790616,-5.880620,14.634326,0.537055,0.603776,0.013983,-0.278313,-0.107047,0.025765,-0.135835
6083,97686.452703946,-5.883600,14.634110,0.535734,0.610287,0.015091,-0.277614,-0.108387,0.024721,-0.134848
6084,97686.457647793,-5.886630,14.633886,0.534408,0.616523,0.016163,-0.275983,-0.109736,0.023670,-0.133854
6085,97686.462591641,-5.889691,14.633655,0.533090,0.623499,0.016756,-0.272739,-0.111085,0.022619,-0.132861
6086,97686.467535489,-5.892787,14.633420,0.531789,0.631215,0.016506,-0.268885,-0.112434,0.021569,-0.131867
6087,97686.472448819,-5.895900,14.633187,0.530516,0.639371,0.015453,-0.266414,-0.113775,0.020525,-0.130879
6088,97686.477392666,-5.899073,14.632955,0.529248,0.647898,0.013937,-0.266124,-0.115123,0.019474,-0.129886
6089,97686.482336514,-5.902289,14.632729,0.527981,0.657088,0.012353,-0.266876,-0.116472,0.018423,-0.128892
6090,97686.487280362,-5.905551,14.632509,0.526712,0.667262,0.010950,-0.267366,-0.117821,0.017373,-0.127899
6091,97686.492224209,-5.908863,14.632294,0.525441,0.678293,0.009649,-0.266689,-0.119170,0.016322,-0.126905
6092,97686.497137539,-5.912209,14.632084,0.524181,0.689621,0.008038,-0.263918,-0.120511,0.015278,-0.125917
6093,97686.502081387,-5.915632,14.631878,0.522928,0.701904,0.005756,-0.258892,-0.121860,0.014227,-0.124924
6094,97686.507025235,-5.919115,14.631682,0.521701,0.715793,0.002705,-0.252392,-0.123208,0.013176,-0.123930
6095,97686.511969082,-5.922668,14.631498,0.520507,0.731752,-0.000909,-0.245439,-0.124557,0.012126,-0.122936
6096,97686.516912930,-5.926299,14.631328,0.519348,0.749992,-0.004804,-0.239423,-0.125906,0.011075,-0.121943
6097,97686.521856778,-5.930021,14.631175,0.518220,0.769831,-0.008927,-0.234892,-0.127255,0.010024,-0.120949
6098,97686.526800625,-5.933842,14.631037,0.517116,0.790270,-0.013269,-0.231373,-0.128604,0.008974,-0.119955
6099,97686.531744473,-5.937764,14.630917,0.516030,0.810174,-0.018236,-0.228110,-0.129953,0.007923,-0.118962
6100,97686.536657803,-5.941761,14.630818,0.514968,0.828670,-0.024152,-0.223853,-0.129058,0.008833,-0.119663
6101,97686.541601651,-5.945875,14.630744,0.513922,0.845913,-0.031507,-0.217573,-0.128158,0.009749,-0.120369
6102,97686.546545498,-5.950075,14.630703,0.512908,0.861952,-0.039744,-0.209629,-0.127257,0.010665,-0.121075
6103,97686.551489346,-5.954355,14.630699,0.511933,0.877428,-0.048167,-0.201378,-0.126357,0.011580,-0.121781
6104,97686.556402676,-5.958686,14.630734,0.511006,0.893094,-0.056261,-0.193450,-0.125462,0.012490,-0.122482
6105,97686.561346524,-5.963123,14.630807,0.510113,0.909890,-0.063897,-0.186199,-0.124562,0.013406,-0.123188
6106,97686.566290371,-5.967644,14.630914,0.509256,0.928241,-0.070831,-0.179918,-0.123662,0.014322,-0.123894
6107,97686.571234219,-5.972256,14.631051,0.508432,0.947969,-0.077103,-0.174446,-0.122761,0.015238,-0.124600
6108,97686.576178067,-5.976967,14.631216,0.507635,0.968793,-0.082799,-0.169224,-0.121861,0.016153,-0.125306
6109,97686.581091397,-5.981752,14.631403,0.506871,0.990207,-0.087355,-0.163776,-0.120966,0.017063,-0.126007
6110,97686.586035244,-5.986673,14.631610,0.506129,1.011683,-0.090228,-0.157714,-0.120066,0.017979,-0.126713
6111,97686.590979092,-5.991700,14.631827,0.505420,1.032772,-0.091214,-0.151249,-0.119166,0.018895,-0.127419
6112,97686.595922940,-5.996831,14.632044,0.504743,1.053846,-0.090243,-0.143969,-0.118265,0.019811,-0.128125
6113,97686.600866787,-6.002065,14.632253,0.504105,1.074514,-0.087181,-0.135397,-0.117365,0.020726,-0.128831
6114,97686.605810635,-6.007401,14.632442,0.503510,1.094649,-0.081612,-0.125780,-0.116464,0.021642,-0.129537
6115,97686.610723965,-6.012800,14.632599,0.502968,1.114434,-0.073733,-0.115481,-0.115570,0.022552,-0.130238
6116,97686.615667813,-6.018328,14.632715,0.502476,1.134590,-0.063616,-0.104088,-0.114164,0.023483,-0.130621
6117,97686.620611661,-6.023952,14.632777,0.502042,1.155338,-0.051710,-0.091680,-0.112759,0.024413,-0.131003
6118,97686.625555508,-6.029676,14.632777,0.501672,1.176887,-0.038878,-0.078503,-0.111354,0.025344,-0.131386
6119,97686.630468838,-6.035466,14.632710,0.501371,1.198967,-0.026728,-0.065495,-0.109957,0.026269,-0.131766
6120,97686.635382168,-6.041361,14.632579,0.501136,1.220981,-0.016284,-0.053182,-0.108561,0.027194,-0.132146
6121,97686.640356534,-6.047435,14.632390,0.500962,1.242892,-0.007454,-0.040941,-0.107147,0.028130,-0.132531
6122,97686.645300381,-6.053578,14.632156,0.500851,1.263998,0.000344,-0.027668,-0.105742,0.029061,-0.132913
6123,97686.650244229,-6.059822,14.631879,0.500808,1.284647,0.007771,-0.013294,-0.104336,0.029992,-0.133295
6124,97686.655188077,-6.066166,14.631561,0.500839,1.304792,0.015438,0.001423,-0.102931,0.030922,-0.133678
6125,97686.660131924,-6.072606,14.631203,0.500944,1.323868,0.023769,0.015987,-0.101526,0.031853,-0.134060
6126,97686.665075772,-6.079138,14.630800,0.501123,1.340480,0.032779,0.030904,-0.100121,0.032784,-0.134443
6127,97686.670019619,-6.085749,14.630350,0.501377,1.353881,0.041813,0.045862,-0.098716,0.033714,-0.134825
6128,97686.674963467,-6.092422,14.629853,0.501707,1.365079,0.050035,0.060409,-0.097310,0.034645,-0.135208
6129,97686.679907315,-6.099149,14.629315,0.502110,1.374266,0.057129,0.074313,-0.095905,0.035576,-0.135590
6130,97686.684820645,-6.105876,14.628743,0.502580,1.381336,0.063161,0.088290,-0.094509,0.036501,-0.135970
6131,97686.689764493,-6.112678,14.628138,0.503123,1.386307,0.068555,0.102893,-0.093103,0.037431,-0.136353
6132,97686.694708340,-6.119502,14.627506,0.503739,1.389904,0.073744,0.118910,-0.091698,0.038362,-0.136735
6133,97686.699652188,-6.126341,14.626848,0.504434,1.393146,0.078855,0.136533,-0.090293,0.039293,-0.137118
6134,97686.704596036,-6.133195,14.626166,0.505217,1.395206,0.084035,0.155051,-0.088888,0.040223,-0.137500
6135,97686.709509366,-6.140013,14.625463,0.506087,1.394574,0.088866,0.173841,-0.087491,0.041148,-0.137880
6136,97686.714453213,-6.146869,14.624733,0.507055,1.389820,0.093331,0.194119,-0.086086,0.042079,-0.138263
6137,97686.719397061,-6.153698,14.623984,0.508124,1.379673,0.097225,0.215301,-0.084681,0.043010,-0.138645
6138,97686.724310391,-6.160433,14.623223,0.509289,1.364200,0.101753,0.237421,-0.083284,0.043934,-0.139025
6139,97686.729284756,-6.167173,14.622436,0.510578,1.343571,0.106944,0.260092,-0.081870,0.044871,-0.139410
6140,97686.734228604,-6.173766,14.621633,0.511970,1.319028,0.112401,0.281870,-0.080465,0.045802,-0.139792
6141,97686.739172452,-6.180236,14.620810,0.513468,1.291540,0.118058,0.302251,-0.079060,0.046732,-0.140175
6142,97686.744116299,-6.186567,14.619967,0.515065,1.262775,0.123571,0.320609,-0.077654,0.047663,-0.140557
6143,97686.749029629,-6.192715,14.619109,0.516741,1.234302,0.128544,0.336893,-0.076258,0.048588,-0.140937
6144,97686.753973477,-6.198758,14.618228,0.518505,1.206864,0.133279,0.352935,-0.074853,0.049518,-0.141320
6145,97686.758917325,-6.204664,14.617331,0.520348,1.180916,0.137470,0.369020,-0.073447,0.050449,-0.141702
6146,97686.763830655,-6.210404,14.616425,0.522256,1.156685,0.141014,0.384416,-0.072051,0.051374,-0.142082
6147,97686.768774502,-6.216059,14.615503,0.524250,1.134225,0.143870,0.398308,-0.070646,0.052305,-0.142465
6148,97686.773718350,-6.221600,14.614572,0.526312,1.113964,0.146374,0.410009,-0.069240,0.053235,-0.142847
6149,97686.778662198,-6.227040,14.613634,0.528430,1.096223,0.148991,0.419171,-0.067835,0.054166,-0.143230
6150,97686.783575528,-6.232359,14.612693,0.530579,1.082201,0.151766,0.425484,-0.066994,0.055311,-0.142654
6151,97686.788519375,-6.237640,14.611736,0.532772,1.072914,0.154893,0.429488,-0.066148,0.056463,-0.142075
6152,97686.793463223,-6.242874,14.610766,0.534984,1.068415,0.158399,0.431653,-0.065302,0.057615,-0.141496
6153,97686.798407071,-6.248085,14.609780,0.537207,1.068190,0.162419,0.432697,-0.064456,0.058767,-0.140917
6154,97686.803350918,-6.253294,14.608774,0.539434,1.071404,0.166961,0.432833,-0.063610,0.059919,-0.140337
6155,97686.808294766,-6.258518,14.607745,0.541664,1.076910,0.171893,0.431986,-0.062764,0.061071,-0.139758
6156,97686.813238614,-6.263768,14.606690,0.543889,1.082661,0.177285,0.429978,-0.061918,0.062223,-0.139179
6157,97686.818151944,-6.269013,14.605614,0.546092,1.086876,0.182766,0.426286,-0.061077,0.063368,-0.138603
6158,97686.823095791,-6.274310,14.604503,0.548291,1.088811,0.188213,0.420859,-0.060231,0.064520,-0.138024
6159,97686.828039639,-6.279616,14.603364,0.550463,1.087514,0.193678,0.413418,-0.059384,0.065672,-0.137445
6160,97686.832983487,-6.284915,14.602198,0.552599,1.082928,0.198152,0.404633,-0.058538,0.066824,-0.136866
6161,97686.837896817,-6.290159,14.601018,0.554679,1.070823,0.195971,0.394795,-0.057697,0.067969,-0.136290
6162,97686.842840664,-6.295376,14.599843,0.556722,1.049602,0.183142,0.384083,-0.056851,0.069121,-0.135711
6163,97686.847753994,-6.300461,14.598743,0.558697,1.045492,0.198060,0.378266,-0.056010,0.070266,-0.135135
6164,97686.852697842,-6.305554,14.597562,0.560656,1.006900,0.176203,0.362895,-0.055164,0.071418,-0.134556
6165,97686.857641690,-6.310462,14.596497,0.562535,0.995339,0.182738,0.355515,-0.054318,0.072570,-0.133977
6166,97686.862555020,-6.315283,14.595408,0.564366,0.999549,0.206101,0.349152,-0.053477,0.073715,-0.133401
6167,97686.867498868,-6.320149,14.594196,0.566179,0.995026,0.218266,0.337425,-0.052631,0.074867,-0.132822
6168,97686.872442715,-6.324991,14.592924,0.567934,0.987050,0.222784,0.322821,-0.051785,0.076019,-0.132243
6169,97686.877386563,-6.329794,14.591631,0.569616,0.977417,0.222403,0.306340,-0.050939,0.077171,-0.131664
6170,97686.882330411,-6.334551,14.590340,0.571216,0.965478,0.217482,0.288052,-0.050093,0.078324,-0.131084
6171,97686.887274258,-6.339251,14.589075,0.572725,0.951806,0.208921,0.268185,-0.049247,0.079476,-0.130505
6172,97686.892187588,-6.343859,14.587862,0.574125,0.937626,0.198255,0.247266,-0.048406,0.080621,-0.129929
6173,97686.897131436,-6.348428,14.586695,0.575429,0.923043,0.185720,0.225214,-0.047560,0.081773,-0.129350
6174,97686.902075284,-6.352930,14.585593,0.576622,0.908308,0.172620,0.202786,-0.046714,0.082925,-0.128771
6175,97686.907019131,-6.357364,14.584556,0.577702,0.893768,0.159453,0.180059,-0.045868,0.084077,-0.128192
6176,97686.911962979,-6.361730,14.583587,0.578668,0.879517,0.146510,0.157151,-0.045022,0.085229,-0.127613
6177,97686.916876309,-6.366004,14.582688,0.579514,0.865539,0.134947,0.134517,-0.044181,0.086374,-0.127037
6178,97686.921820157,-6.370240,14.581843,0.580251,0.851785,0.124703,0.112062,-0.043335,0.087526,-0.126458
6179,97686.926764004,-6.374411,14.581050,0.580876,0.838602,0.115589,0.088905,-0.042488,0.088678,-0.125879
6180,97686.931707852,-6.378521,14.580303,0.581384,0.825658,0.107728,0.064670,-0.041642,0.089830,-0.125299
6181,97686.936651700,-6.382571,14.579596,0.581772,0.812880,0.101258,0.039040,-0.040796,0.090982,-0.124720
6182,97686.941595547,-6.386560,14.578923,0.582031,0.800646,0.096633,0.012111,-0.039950,0.092134,-0.124141
6183,97686.946539395,-6.390493,14.578273,0.582156,0.789018,0.093571,-0.015950,-0.039104,0.093286,-0.123562
6184,97686.951452725,-6.394346,14.577643,0.582142,0.777937,0.092011,-0.044538,-0.038263,0.094431,-0.122986
6185,97686.956396573,-6.398171,14.577017,0.581985,0.767188,0.091484,-0.073664,-0.037417,0.095583,-0.122407
6186,97686.961340420,-6.401945,14.576395,0.581684,0.756488,0.091585,-0.102059,-0.036571,0.096735,-0.121828
6187,97686.966253750,-6.405646,14.575776,0.581244,0.746219,0.092345,-0.128768,-0.035730,0.097880,-0.121252
6188,97686.971197598,-6.409320,14.575151,0.580668,0.736443,0.093522,-0.153597,-0.034884,0.099032,-0.120673
6189,97686.976141446,-6.412948,14.574520,0.579969,0.727829,0.094812,-0.176195,-0.034038,0.100184,-0.120094
6190,97686.981085293,-6.416534,14.573883,0.579158,0.719930,0.095986,-0.196256,-0.033192,0.101336,-0.119514
6191,97686.986029141,-6.420083,14.573241,0.578247,0.712920,0.097082,-0.213473,-0.032346,0.102488,-0.118935
6192,97686.990972989,-6.423598,14.572593,0.577251,0.706710,0.098235,-0.227537,-0.031500,0.103640,-0.118356
6193,97686.995886319,-6.427061,14.571945,0.576191,0.700885,0.099271,-0.238175,-0.030659,0.104785,-0.117780
6194,97687.000830166,-6.430518,14.571288,0.575072,0.696379,0.101574,-0.245648,-0.029813,0.105937,-0.117201
6195,97687.005774014,-6.433953,14.570620,0.573916,0.694235,0.105615,-0.250131,-0.028966,0.107089,-0.116622
6196,97687.010717862,-6.437376,14.569933,0.572737,0.694341,0.111597,-0.252124,-0.028120,0.108241,-0.116043
6197,97687.015661709,-6.440799,14.569215,0.571549,0.696908,0.119083,-0.252227,-0.027274,0.109393,-0.115463
6198,97687.020605557,-6.444233,14.568460,0.570361,0.702053,0.128378,-0.251473,-0.026428,0.110545,-0.114884
6199,97687.025549405,-6.447690,14.567659,0.569178,0.710047,0.139775,-0.251117,-0.025582,0.111697,-0.114305
6200,97687.030493252,-6.451184,14.566799,0.567998,0.720699,0.154304,-0.251360,-0.027529,0.110531,-0.111765
6201,97687.035437100,-6.454728,14.565865,0.566819,0.732457,0.173252,-0.253248,-0.030633,0.109275,-0.109177
6202,97687.040380948,-6.458326,14.564835,0.565632,0.744354,0.196441,-0.257966,-0.033737,0.108018,-0.106590
6203,97687.045294278,-6.461955,14.563694,0.564431,0.755936,0.223193,-0.265551,-0.036822,0.106770,-0.104019
6204,97687.050238125,-6.465659,14.562412,0.563188,0.766829,0.253594,-0.275064,-0.039926,0.105514,-0.101432
6205,97687.055151455,-6.469387,14.560985,0.561909,0.777114,0.286351,-0.285755,-0.043011,0.104265,-0.098860
6206,97687.060095303,-6.473183,14.559384,0.560571,0.786754,0.320652,-0.296947,-0.046115,0.103009,-0.096273
6207,97687.065039151,-6.477020,14.557612,0.559181,0.795901,0.354686,-0.306585,-0.049219,0.101752,-0.093686
6208,97687.069952481,-6.480872,14.555681,0.557755,0.804766,0.386302,-0.312728,-0.052304,0.100504,-0.091115
6209,97687.074896328,-6.484785,14.553579,0.556292,0.813770,0.415298,-0.313845,-0.055408,0.099248,-0.088527
6210,97687.079840176,-6.488736,14.551332,0.554826,0.824094,0.441027,-0.308504,-0.058512,0.097991,-0.085940
6211,97687.084784024,-6.492732,14.548956,0.553389,0.837021,0.463212,-0.295375,-0.061616,0.096735,-0.083353
6212,97687.089727871,-6.496786,14.546469,0.552019,0.853777,0.482352,-0.274300,-0.064720,0.095479,-0.080765
6213,97687.094671719,-6.500917,14.543884,0.550755,0.874544,0.499475,-0.246602,-0.067824,0.094223,-0.078178
6214,97687.099585049,-6.505119,14.541229,0.549638,0.898509,0.515897,-0.213957,-0.070909,0.092974,-0.075607
6215,97687.104528897,-6.509460,14.538473,0.548678,0.924760,0.532619,-0.179176,-0.074013,0.091718,-0.073020
6216,97687.109503262,-6.513952,14.535614,0.547888,0.951184,0.549914,-0.145844,-0.077136,0.090454,-0.070416
6217,97687.114416592,-6.518512,14.532701,0.547275,0.975785,0.567504,-0.118196,-0.080221,0.089205,-0.067845
6218,97687.119329922,-6.523187,14.529698,0.546800,0.997908,0.585411,-0.097803,-0.083306,0.087957,-0.065274
6219,97687.124273770,-6.527995,14.526585,0.546426,1.017373,0.602868,-0.084565,-0.086410,0.086701,-0.062686
6220,97687.129217618,-6.532894,14.523382,0.546119,1.033781,0.618929,-0.077311,-0.089514,0.085444,-0.060099
6221,97687.134161465,-6.537871,14.520097,0.545851,1.045562,0.632788,-0.075179,-0.092618,0.084188,-0.057512
6222,97687.139105313,-6.542902,14.516741,0.545595,1.051718,0.644154,-0.077796,-0.095722,0.082932,-0.054925
6223,97687.144049161,-6.547961,14.513327,0.545327,1.051932,0.653042,-0.085080,-0.098826,0.081675,-0.052337
6224,97687.148993008,-6.553021,14.509869,0.545024,1.045789,0.660097,-0.096645,-0.101930,0.080419,-0.049750
6225,97687.153906338,-6.558018,14.506398,0.544666,1.032631,0.665521,-0.111283,-0.105015,0.079171,-0.047179
6226,97687.158850186,-6.562981,14.502880,0.544233,1.012961,0.670268,-0.127407,-0.108119,0.077914,-0.044592
6227,97687.163794034,-6.567847,14.499343,0.543718,0.988785,0.674422,-0.141193,-0.111223,0.076658,-0.042004
6228,97687.168737881,-6.572594,14.495789,0.543134,0.962160,0.676676,-0.146967,-0.114327,0.075402,-0.039417
6229,97687.173681729,-6.577209,14.492230,0.542520,0.936503,0.676076,-0.137519,-0.117431,0.074146,-0.036830
6230,97687.178625577,-6.581697,14.488680,0.541950,0.914002,0.673765,-0.107396,-0.120535,0.072889,-0.034242
6231,97687.183538907,-6.586045,14.485169,0.541530,0.894493,0.670722,-0.058330,-0.123620,0.071641,-0.031671
6232,97687.188482754,-6.590321,14.481660,0.541348,0.878067,0.666588,-0.008298,-0.126724,0.070385,-0.029084
6233,97687.193426602,-6.594513,14.478177,0.541413,0.859707,0.662695,0.041145,-0.129828,0.069128,-0.026497
6234,97687.198370450,-6.598611,14.474721,0.541720,0.832491,0.661507,0.089452,-0.132932,0.067872,-0.023909
6235,97687.203283780,-6.602548,14.471300,0.542260,0.794628,0.664948,0.135834,-0.136017,0.066623,-0.021338
6236,97687.208227627,-6.606318,14.467853,0.543030,0.749182,0.673208,0.179880,-0.139121,0.065367,-0.018751
6237,97687.213171475,-6.609859,14.464377,0.544015,0.703634,0.684172,0.202161,-0.142225,0.064111,-0.016164
6238,97687.218115323,-6.613171,14.460859,0.545108,0.662547,0.697103,0.193072,-0.145329,0.062855,-0.013576
6239,97687.223028653,-6.616258,14.457307,0.546147,0.627887,0.711472,0.161202,-0.148414,0.061606,-0.011005
6240,97687.228003018,-6.619211,14.453645,0.547038,0.597842,0.727154,0.112764,-0.151537,0.060342,-0.008402
6241,97687.232946866,-6.621997,14.449932,0.547684,0.571291,0.742804,0.053812,-0.154641,0.059086,-0.005814
6242,97687.237860196,-6.624637,14.446166,0.548034,0.546498,0.754648,-0.009377,-0.157726,0.057837,-0.003243
6243,97687.242834561,-6.627188,14.442297,0.548074,0.522378,0.759682,-0.070986,-0.160849,0.056573,-0.000640
6244,97687.247778409,-6.629608,14.438427,0.547807,0.499948,0.756560,-0.122827,-0.163954,0.055317,0.001947
6245,97687.252722256,-6.631921,14.434575,0.547283,0.480301,0.744632,-0.160859,-0.167058,0.054061,0.004535
6246,97687.257635586,-6.634129,14.430807,0.546572,0.463843,0.724623,-0.185295,-0.170142,0.052812,0.007106
6247,97687.262579434,-6.636276,14.427116,0.545734,0.448991,0.695696,-0.199631,-0.173246,0.051556,0.009693
6248,97687.267523282,-6.638356,14.423570,0.544822,0.435808,0.657033,-0.206602,-0.176351,0.050300,0.012280
6249,97687.272467129,-6.640380,14.420218,0.543873,0.425358,0.608623,-0.206402,-0.179455,0.049043,0.014868
6250,97687.277410977,-6.642364,14.417107,0.542921,0.418907,0.551826,-0.197433,-0.182077,0.047327,0.015625
6251,97687.282354825,-6.644327,14.414279,0.542009,0.418207,0.489755,-0.177557,-0.184699,0.045611,0.016383
6252,97687.287268155,-6.646286,14.411774,0.541197,0.423889,0.426589,-0.150346,-0.187305,0.043905,0.017136
6253,97687.292212002,-6.648298,14.409566,0.540511,0.434765,0.366172,-0.121082,-0.189927,0.042189,0.017894
6254,97687.297155850,-6.650374,14.407656,0.539966,0.450205,0.314132,-0.094718,-0.192549,0.040473,0.018651
6255,97687.302099698,-6.652536,14.406001,0.539551,0.468827,0.274834,-0.074796,-0.195090,0.038331,0.019109
6256,97687.307013028,-6.654783,14.404546,0.539234,0.488252,0.249918,-0.063193,-0.197616,0.036202,0.019565
6257,97687.311956875,-6.657144,14.403202,0.538973,0.506500,0.238276,-0.058742,-0.200157,0.034060,0.020023
6258,97687.316900723,-6.659598,14.401912,0.538735,0.520863,0.239024,-0.060394,-0.202697,0.031918,0.020481
6259,97687.321814053,-6.662107,14.400623,0.538491,0.528425,0.249912,-0.066489,-0.205223,0.029789,0.020936
6260,97687.326727383,-6.664651,14.399279,0.538218,0.527771,0.268106,-0.074625,-0.207748,0.027660,0.021391
6261,97687.331671231,-6.667205,14.397836,0.537904,0.518966,0.290381,-0.082944,-0.210289,0.025518,0.021849
6262,97687.336615078,-6.669711,14.396284,0.537550,0.503497,0.313404,-0.089751,-0.212830,0.023376,0.022307
6263,97687.341558926,-6.672135,14.394622,0.537163,0.484061,0.334706,-0.094620,-0.215371,0.021234,0.022766
6264,97687.346502774,-6.674460,14.392858,0.536751,0.463268,0.353175,-0.097879,-0.217912,0.019092,0.023224
6265,97687.351446621,-6.676678,14.391007,0.536323,0.442844,0.368785,-0.100311,-0.220453,0.016950,0.023682
6266,97687.356390469,-6.678792,14.389084,0.535882,0.423971,0.381540,-0.103027,-0.222994,0.014808,0.024140
6267,97687.361303799,-6.680798,14.387114,0.535430,0.408002,0.391912,-0.106747,-0.225519,0.012679,0.024595
6268,97687.366247647,-6.682735,14.385083,0.534956,0.395094,0.400598,-0.111038,-0.228060,0.010537,0.025053
6269,97687.371191494,-6.684608,14.383012,0.534461,0.384972,0.407983,-0.115520,-0.230601,0.008395,0.025511
6270,97687.376135342,-6.686428,14.380907,0.533943,0.377200,0.414074,-0.119580,-0.233142,0.006253,0.025969
6271,97687.381079190,-6.688210,14.378772,0.533404,0.371037,0.419227,-0.123095,-0.235683,0.004110,0.026427
6272,97687.385992520,-6.689949,14.376627,0.532852,0.365635,0.423096,-0.126386,-0.238208,0.001982,0.026883
6273,97687.390936368,-6.691672,14.374451,0.532280,0.360892,0.425881,-0.129429,-0.240749,-0.000160,0.027341
6274,97687.395880215,-6.693371,14.372261,0.531692,0.357072,0.427862,-0.132165,-0.243290,-0.002303,0.027799
6275,97687.400824063,-6.695051,14.370062,0.531091,0.353804,0.429513,-0.134860,-0.245831,-0.004445,0.028257
6276,97687.405767911,-6.696714,14.367856,0.530477,0.350637,0.431073,-0.137405,-0.248372,-0.006587,0.028715
6277,97687.410681241,-6.698352,14.365656,0.529853,0.347308,0.432955,-0.140196,-0.250897,-0.008716,0.029170
6278,97687.415655606,-6.699993,14.363420,0.529208,0.343715,0.435336,-0.142963,-0.253454,-0.010871,0.029631
6279,97687.420599453,-6.701606,14.361187,0.528553,0.339628,0.438169,-0.145638,-0.255995,-0.013013,0.030089
6280,97687.425543301,-6.703199,14.358940,0.527885,0.335372,0.441078,-0.148812,-0.258536,-0.015155,0.030547
6281,97687.430487149,-6.704770,14.356680,0.527200,0.331482,0.443514,-0.152468,-0.261077,-0.017297,0.031005
6282,97687.435400479,-6.706312,14.354422,0.526502,0.328559,0.445070,-0.156267,-0.263602,-0.019426,0.031461
6283,97687.440313809,-6.707839,14.352157,0.525785,0.326834,0.445452,-0.160123,-0.266128,-0.021555,0.031916
6284,97687.445257657,-6.709368,14.349876,0.525045,0.326663,0.444479,-0.164098,-0.268669,-0.023697,0.032374
6285,97687.450201504,-6.710897,14.347600,0.524285,0.328205,0.442462,-0.167858,-0.271209,-0.025839,0.032832
6286,97687.455145352,-6.712433,14.345333,0.523506,0.331625,0.439521,-0.171069,-0.273750,-0.027981,0.033290
6287,97687.460089200,-6.713988,14.343080,0.522711,0.337058,0.435593,-0.174045,-0.276291,-0.030123,0.033748
6288,97687.465002530,-6.715560,14.340859,0.521907,0.344020,0.431424,-0.176415,-0.278817,-0.032252,0.034204
6289,97687.469946377,-6.717178,14.338642,0.521086,0.352042,0.427547,-0.178287,-0.281358,-0.034394,0.034662
6290,97687.474890225,-6.718837,14.336444,0.520257,0.360517,0.424331,-0.180194,-0.283899,-0.036536,0.035120
6291,97687.479834073,-6.720538,14.334258,0.519418,0.368996,0.421945,-0.182262,-0.286440,-0.038678,0.035578
6292,97687.484777920,-6.722281,14.332083,0.518570,0.376691,0.420703,-0.184269,-0.288981,-0.040820,0.036036
6293,97687.489691250,-6.724052,14.329926,0.517718,0.383480,0.421163,-0.186180,-0.291506,-0.042949,0.036491
6294,97687.494635098,-6.725868,14.327751,0.516851,0.389422,0.423338,-0.187999,-0.294047,-0.045091,0.036949
6295,97687.499578946,-6.727713,14.325564,0.515976,0.394748,0.427043,-0.189313,-0.296588,-0.047233,0.037407
6296,97687.504522793,-6.729583,14.323358,0.515095,0.399504,0.431941,-0.189998,-0.299129,-0.049375,0.037865
6297,97687.509466641,-6.731476,14.321126,0.514212,0.403310,0.437735,-0.190687,-0.301670,-0.051517,0.038323
6298,97687.514410489,-6.733386,14.318865,0.513325,0.406340,0.444267,-0.191724,-0.304211,-0.053659,0.038782
6299,97687.519323819,-6.735298,14.316585,0.512440,0.409084,0.450693,-0.192807,-0.306736,-0.055788,0.039237
6300,97687.524267666,-6.737234,14.314258,0.511544,0.412174,0.456630,-0.193580,-0.305893,-0.056045,0.037772
6301,97687.529211514,-6.739184,14.311902,0.510646,0.416047,0.462121,-0.193702,-0.305051,-0.056303,0.036308
6302,97687.534155362,-6.741152,14.309517,0.509747,0.420395,0.467137,-0.193089,-0.304209,-0.056560,0.034843
6303,97687.539099209,-6.743141,14.307107,0.508851,0.424472,0.472100,-0.191705,-0.303366,-0.056818,0.033379
6304,97687.544043057,-6.745148,14.304672,0.507964,0.428999,0.477440,-0.189069,-0.302524,-0.057075,0.031915
6305,97687.548956387,-6.747164,14.302224,0.507095,0.434513,0.483948,-0.184330,-0.301686,-0.057331,0.030459
6306,97687.553900235,-6.749218,14.299728,0.506245,0.441710,0.491439,-0.178960,-0.300844,-0.057588,0.028995
6307,97687.558844082,-6.751306,14.297194,0.505423,0.450368,0.499998,-0.175763,-0.300002,-0.057845,0.027530
6308,97687.563787930,-6.753434,14.294617,0.504617,0.460176,0.510068,-0.175184,-0.299159,-0.058103,0.026066
6309,97687.568701260,-6.755595,14.292003,0.503821,0.471032,0.521674,-0.175666,-0.298322,-0.058358,0.024610
6310,97687.573645108,-6.757820,14.289314,0.503019,0.483334,0.534029,-0.175509,-0.297479,-0.058616,0.023146
6311,97687.578588955,-6.760103,14.286561,0.502220,0.497175,0.546167,-0.173620,-0.296637,-0.058873,0.021682
6312,97687.583532803,-6.762453,14.283745,0.501431,0.511914,0.558125,-0.169084,-0.295794,-0.059131,0.020217
6313,97687.588476651,-6.764871,14.280867,0.500667,0.527216,0.569952,-0.162155,-0.294952,-0.059388,0.018753
6314,97687.593389981,-6.767347,14.277946,0.499943,0.543024,0.581484,-0.154651,-0.294115,-0.059644,0.017297
6315,97687.598333828,-6.769914,14.274947,0.499254,0.559726,0.593348,-0.148243,-0.293272,-0.059901,0.015833
6316,97687.603277676,-6.772560,14.271886,0.498598,0.577379,0.605426,-0.143798,-0.292430,-0.060158,0.014368
6317,97687.608221524,-6.775290,14.268762,0.497966,0.595229,0.617312,-0.141018,-0.291587,-0.060416,0.012904
6318,97687.613165371,-6.778106,14.265575,0.497351,0.612813,0.628482,-0.139038,-0.290745,-0.060673,0.011439
6319,97687.618109219,-6.781005,14.262330,0.496747,0.630795,0.638367,-0.136855,-0.289902,-0.060930,0.009975
6320,97687.623022549,-6.783973,14.259053,0.496159,0.650133,0.646902,-0.133772,-0.289065,-0.061186,0.008520
6321,97687.627935879,-6.787034,14.255729,0.495588,0.671598,0.654435,-0.129811,-0.288228,-0.061442,0.007064
6322,97687.632879727,-6.790218,14.252344,0.495036,0.694741,0.661593,-0.125785,-0.287386,-0.061699,0.005600
6323,97687.637854092,-6.793534,14.248897,0.494502,0.718257,0.668838,-0.122307,-0.286538,-0.061958,0.004126
6324,97687.642797940,-6.796945,14.245430,0.493991,0.741297,0.676185,-0.118890,-0.285695,-0.062216,0.002662
6325,97687.647741787,-6.800467,14.241923,0.493499,0.763093,0.684082,-0.114779,-0.284853,-0.062473,0.001197
6326,97687.652655118,-6.804073,14.238394,0.493032,0.783104,0.692763,-0.109912,-0.284016,-0.062729,-0.000258
6327,97687.657598965,-6.807798,14.234796,0.492588,0.801096,0.702075,-0.104759,-0.283173,-0.062986,-0.001722
6328,97687.662542813,-6.811609,14.231149,0.492172,0.816370,0.712046,-0.099316,-0.282331,-0.063243,-0.003187
6329,97687.667486661,-6.815493,14.227450,0.491784,0.828766,0.723696,-0.093141,-0.281488,-0.063501,-0.004651
6330,97687.672399991,-6.819411,14.223713,0.491431,0.838459,0.736902,-0.085825,-0.280651,-0.063756,-0.006107
6331,97687.677343838,-6.823398,14.219887,0.491113,0.845766,0.751863,-0.077360,-0.279809,-0.064014,-0.007571
6332,97687.682287686,-6.827417,14.215986,0.490839,0.850579,0.769070,-0.068139,-0.278966,-0.064271,-0.009036
6333,97687.687231534,-6.831455,14.211999,0.490611,0.853674,0.788631,-0.058076,-0.278124,-0.064529,-0.010500
6334,97687.692175381,-6.835504,14.207916,0.490435,0.855423,0.810231,-0.046912,-0.277281,-0.064786,-0.011965
6335,97687.697119229,-6.839556,14.203727,0.490315,0.856552,0.833351,-0.034678,-0.276439,-0.065043,-0.013429
6336,97687.702063077,-6.843607,14.199423,0.490257,0.858091,0.857023,-0.021184,-0.275596,-0.065301,-0.014893
6337,97687.706976407,-6.847635,14.195031,0.490268,0.860276,0.879906,-0.006883,-0.274759,-0.065556,-0.016349
6338,97687.711920254,-6.851693,14.190499,0.490350,0.862793,0.901593,0.007868,-0.273917,-0.065814,-0.017813
6339,97687.716864102,-6.855757,14.185860,0.490507,0.864836,0.921809,0.022386,-0.273074,-0.066071,-0.019278
6340,97687.721807950,-6.859826,14.181122,0.490737,0.866082,0.941001,0.037478,-0.272232,-0.066328,-0.020742
6341,97687.726751797,-6.863896,14.176289,0.491043,0.866647,0.959481,0.054301,-0.271389,-0.066586,-0.022207
6342,97687.731665127,-6.867939,14.171397,0.491431,0.867311,0.976870,0.072606,-0.270552,-0.066842,-0.023662
6343,97687.736639493,-6.872030,14.166358,0.491916,0.868407,0.993132,0.092189,-0.269704,-0.067100,-0.025135
6344,97687.741552823,-6.876071,14.161303,0.492492,0.868701,1.007315,0.112570,-0.268867,-0.067356,-0.026591
6345,97687.746496670,-6.880134,14.156147,0.493173,0.867812,1.019449,0.133416,-0.268025,-0.067614,-0.028055
6346,97687.751440518,-6.884188,14.150933,0.493958,0.866032,1.029373,0.152301,-0.267182,-0.067871,-0.029520
6347,97687.756353848,-6.888206,14.145704,0.494832,0.863919,1.037469,0.168961,-0.266345,-0.068127,-0.030975
6348,97687.761297696,-6.892235,14.140404,0.495793,0.861594,1.044422,0.184062,-0.265503,-0.068384,-0.032440
6349,97687.766241543,-6.896250,14.135071,0.496830,0.858451,1.051221,0.197989,-0.264660,-0.068641,-0.033904
6350,97687.771185391,-6.900246,14.129706,0.497935,0.854125,1.059737,0.211388,-0.262318,-0.067342,-0.033541
6351,97687.776129239,-6.904219,14.124301,0.499107,0.847892,1.069900,0.225568,-0.259975,-0.066042,-0.033178
6352,97687.781073086,-6.908158,14.118847,0.500349,0.838382,1.077915,0.240668,-0.257633,-0.064743,-0.032814
6353,97687.786016934,-6.912047,14.113358,0.501665,0.825368,1.080350,0.256379,-0.255291,-0.063443,-0.032451
6354,97687.790930264,-6.915846,14.107893,0.503050,0.808639,1.076539,0.272992,-0.252963,-0.062152,-0.032090
6355,97687.795874112,-6.919586,14.102419,0.504524,0.787471,1.066588,0.291478,-0.250621,-0.060852,-0.031727
6356,97687.800787442,-6.923200,14.097033,0.506077,0.762443,1.051487,0.311672,-0.248293,-0.059561,-0.031366
6357,97687.805731289,-6.926714,14.091694,0.507737,0.734163,1.032428,0.332635,-0.245950,-0.058261,-0.031003
6358,97687.810675137,-6.930092,14.086458,0.509498,0.703799,1.010535,0.352649,-0.243608,-0.056962,-0.030640
6359,97687.815618985,-6.933323,14.081337,0.511354,0.672699,0.987117,0.370016,-0.241266,-0.055662,-0.030276
6360,97687.820532315,-6.936385,14.076370,0.513280,0.642580,0.964228,0.384211,-0.238938,-0.054370,-0.029915
6361,97687.825476162,-6.939321,14.071494,0.515285,0.614272,0.943164,0.396149,-0.236596,-0.053071,-0.029552
6362,97687.830450528,-6.942139,14.066698,0.517358,0.588716,0.925188,0.407177,-0.234239,-0.051763,-0.029187
6363,97687.835363858,-6.944799,14.062056,0.519456,0.566613,0.910882,0.418178,-0.231911,-0.050472,-0.028826
6364,97687.840307705,-6.947370,14.057461,0.521620,0.547158,0.899789,0.428941,-0.229569,-0.049172,-0.028463
6365,97687.845251553,-6.949846,14.052926,0.523835,0.530514,0.891855,0.438456,-0.227226,-0.047873,-0.028099
6366,97687.850195401,-6.952240,14.048434,0.526095,0.516789,0.886524,0.446193,-0.224884,-0.046573,-0.027736
6367,97687.855108731,-6.954553,14.044000,0.528378,0.506111,0.883637,0.451134,-0.222556,-0.045282,-0.027375
6368,97687.860052578,-6.956829,14.039555,0.530698,0.498530,0.883423,0.453568,-0.220214,-0.043982,-0.027012
6369,97687.865026944,-6.959080,14.035085,0.533044,0.493957,0.886025,0.454476,-0.217857,-0.042675,-0.026646
6370,97687.869940274,-6.961280,14.030658,0.535366,0.492706,0.890600,0.453372,-0.215529,-0.041383,-0.026285
6371,97687.874884121,-6.963488,14.026182,0.537697,0.493882,0.896130,0.450405,-0.213187,-0.040083,-0.025922
6372,97687.879827969,-6.965700,14.021678,0.540014,0.495851,0.901369,0.446179,-0.210845,-0.038784,-0.025559
6373,97687.884741299,-6.967907,14.017175,0.542296,0.497349,0.905344,0.440683,-0.208517,-0.037492,-0.025198
6374,97687.889685147,-6.970135,14.012624,0.544565,0.497501,0.907148,0.433062,-0.206174,-0.036193,-0.024835
6375,97687.894628994,-6.972364,14.008063,0.546797,0.496386,0.906296,0.423616,-0.203832,-0.034893,-0.024472
6376,97687.899572842,-6.974588,14.003507,0.548982,0.494547,0.903095,0.413877,-0.201490,-0.033594,-0.024108
6377,97687.904486172,-6.976790,13.998994,0.551106,0.492309,0.897940,0.403652,-0.199162,-0.032302,-0.023747
6378,97687.909430020,-6.978998,13.994478,0.553191,0.488470,0.890288,0.393400,-0.196820,-0.031003,-0.023384
6379,97687.914373868,-6.981188,13.990000,0.555225,0.483006,0.880196,0.382742,-0.194477,-0.029703,-0.023021
6380,97687.919317715,-6.983355,13.985573,0.557206,0.476354,0.867995,0.371726,-0.192135,-0.028404,-0.022658
6381,97687.924231045,-6.985479,13.981233,0.559119,0.469013,0.854024,0.360875,-0.189807,-0.027112,-0.022297
6382,97687.929205411,-6.987597,13.976910,0.561000,0.462225,0.838906,0.349678,-0.187450,-0.025804,-0.021931
6383,97687.934118741,-6.989659,13.972715,0.562802,0.456727,0.823644,0.338371,-0.185122,-0.024513,-0.021570
6384,97687.939062588,-6.991712,13.968570,0.564557,0.452914,0.807903,0.326640,-0.182780,-0.023213,-0.021207
6385,97687.944006436,-6.993749,13.964502,0.566254,0.451248,0.792131,0.314290,-0.180438,-0.021914,-0.020844
6386,97687.948950284,-6.995783,13.960513,0.567889,0.451663,0.776310,0.300915,-0.178095,-0.020614,-0.020481
6387,97687.953894131,-6.997823,13.956600,0.569456,0.454014,0.760964,0.286570,-0.175753,-0.019315,-0.020117
6388,97687.958837979,-6.999880,13.952761,0.570952,0.457525,0.746131,0.271079,-0.173411,-0.018015,-0.019754
6389,97687.963751309,-7.001945,13.949018,0.572362,0.461716,0.731454,0.254110,-0.171083,-0.016724,-0.019393
6390,97687.968695157,-7.004048,13.945321,0.573696,0.466559,0.716960,0.235458,-0.168741,-0.015424,-0.019030
6391,97687.973639004,-7.006179,13.941694,0.574937,0.471410,0.702897,0.215272,-0.166398,-0.014125,-0.018667
6392,97687.978582852,-7.008339,13.938135,0.576078,0.475586,0.689174,0.193696,-0.164056,-0.012825,-0.018304
6393,97687.983496182,-7.010511,13.934662,0.577106,0.479326,0.675889,0.170456,-0.161728,-0.011533,-0.017943
6394,97687.988440030,-7.012719,13.931231,0.578025,0.481972,0.662800,0.145248,-0.159429,-0.010267,-0.017354
6395,97687.993383877,-7.014945,13.927862,0.578818,0.483308,0.650115,0.118397,-0.157130,-0.009000,-0.016765
6396,97687.998327725,-7.017182,13.924554,0.579478,0.483236,0.638030,0.090099,-0.154830,-0.007734,-0.016177
6397,97688.003271573,-7.019423,13.921305,0.579998,0.481856,0.626886,0.060557,-0.152531,-0.006467,-0.015588
6398,97688.008215420,-7.021662,13.918108,0.580370,0.479261,0.616972,0.030056,-0.150232,-0.005201,-0.014999
6399,97688.013128750,-7.023879,13.914979,0.580590,0.475816,0.608543,-0.000710,-0.147947,-0.003942,-0.014414
6400,97688.018072598,-7.026097,13.911870,0.580658,0.472290,0.601290,-0.032015,-0.148192,-0.003570,-0.013491
6401,97688.023016446,-7.028301,13.908796,0.580571,0.468757,0.595300,-0.063832,-0.148437,-0.003197,-0.012568
6402,97688.027960293,-7.030491,13.905751,0.580326,0.465056,0.590437,-0.095967,-0.148682,-0.002825,-0.011645
6403,97688.032904141,-7.032666,13.902728,0.579922,0.460992,0.586230,-0.128103,-0.148926,-0.002453,-0.010721
6404,97688.037847989,-7.034824,13.899725,0.579358,0.456550,0.582539,-0.160639,-0.149171,-0.002081,-0.009798
6405,97688.042791836,-7.036964,13.896739,0.578633,0.451875,0.579392,-0.193487,-0.149416,-0.001709,-0.008875
6406,97688.047705166,-7.039071,13.893786,0.577750,0.447098,0.576409,-0.225869,-0.149660,-0.001339,-0.007957
6407,97688.052649014,-7.041169,13.890828,0.576701,0.442722,0.573381,-0.257243,-0.149905,-0.000966,-0.007034
6408,97688.057592862,-7.043250,13.887885,0.575497,0.438736,0.570360,-0.286945,-0.150150,-0.000594,-0.006111
6409,97688.062506192,-7.045300,13.884973,0.574154,0.435646,0.567294,-0.314154,-0.150393,-0.000224,-0.005193
6410,97688.067450039,-7.047351,13.882057,0.572667,0.433017,0.564233,-0.337876,-0.150638,0.000148,-0.004270
6411,97688.072393887,-7.049391,13.879155,0.571063,0.430668,0.560841,-0.356713,-0.150883,0.000520,-0.003347
6412,97688.077337735,-7.051422,13.876270,0.569365,0.428403,0.557089,-0.369790,-0.151128,0.000893,-0.002424
6413,97688.082281582,-7.053443,13.873403,0.567603,0.426350,0.553350,-0.375471,-0.151373,0.001265,-0.001500
6414,97688.087225430,-7.055455,13.870554,0.565812,0.424629,0.550721,-0.372399,-0.151617,0.001637,-0.000577
6415,97688.092138760,-7.057447,13.867736,0.564046,0.422480,0.550802,-0.360745,-0.151861,0.002007,0.000340
6416,97688.097113125,-7.059451,13.864884,0.562317,0.419053,0.554693,-0.341921,-0.152107,0.002382,0.001269
6417,97688.102026455,-7.061413,13.862050,0.560701,0.413472,0.563887,-0.319600,-0.152351,0.002751,0.002187
6418,97688.106970303,-7.063355,13.859155,0.559186,0.405455,0.579983,-0.294962,-0.152596,0.003124,0.003110
6419,97688.111914151,-7.065252,13.856185,0.557793,0.395768,0.603732,-0.270029,-0.152841,0.003496,0.004033
6420,97688.116827481,-7.067084,13.853119,0.556532,0.385289,0.634327,-0.247438,-0.153084,0.003866,0.004951
6421,97688.121771328,-7.068866,13.849888,0.555375,0.372375,0.672553,-0.228815,-0.153329,0.004238,0.005874
6422,97688.126715176,-7.070576,13.846471,0.554312,0.356752,0.715781,-0.214169,-0.153574,0.004610,0.006797
6423,97688.131628506,-7.072187,13.842868,0.553329,0.340455,0.760700,-0.202619,-0.153817,0.004980,0.007715
6424,97688.136572354,-7.073718,13.839024,0.552398,0.325457,0.806887,-0.191855,-0.154062,0.005353,0.008638
6425,97688.141516202,-7.075163,13.834957,0.551522,0.314649,0.853963,-0.178762,-0.154307,0.005725,0.009561
6426,97688.146460049,-7.076545,13.830660,0.550713,0.309835,0.901904,-0.160917,-0.154552,0.006097,0.010485
6427,97688.151403897,-7.077890,13.826129,0.549995,0.310546,0.950103,-0.138244,-0.154797,0.006469,0.011408
6428,97688.156347744,-7.079227,13.821360,0.549392,0.315320,0.997432,-0.111706,-0.155042,0.006842,0.012331
6429,97688.161291592,-7.080576,13.816359,0.548923,0.322087,1.042465,-0.083674,-0.155287,0.007214,0.013254
6430,97688.166204922,-7.081937,13.811168,0.548597,0.328073,1.084523,-0.057992,-0.155530,0.007584,0.014172
6431,97688.171148770,-7.083326,13.805737,0.548400,0.330797,1.123881,-0.037133,-0.155775,0.007956,0.015095
6432,97688.176092618,-7.084718,13.800113,0.548308,0.329411,1.159724,-0.022842,-0.156020,0.008328,0.016018
6433,97688.181036465,-7.086094,13.794312,0.548289,0.324612,1.191532,-0.015536,-0.156265,0.008700,0.016942
6434,97688.185980313,-7.087440,13.788357,0.548308,0.317538,1.218515,-0.014691,-0.156510,0.009073,0.017865
6435,97688.190924161,-7.088744,13.782269,0.548332,0.309081,1.240276,-0.019499,-0.156755,0.009445,0.018788
6436,97688.195837491,-7.089995,13.776114,0.548333,0.300461,1.256150,-0.029330,-0.156998,0.009815,0.019706
6437,97688.200781338,-7.091208,13.769843,0.548285,0.292425,1.266409,-0.043888,-0.157243,0.010187,0.020629
6438,97688.205725186,-7.092380,13.763523,0.548166,0.285299,1.270749,-0.062502,-0.157488,0.010559,0.021552
6439,97688.210669034,-7.093517,13.757181,0.547954,0.279123,1.268304,-0.084065,-0.157733,0.010932,0.022475
6440,97688.215612881,-7.094626,13.750852,0.547635,0.273391,1.258594,-0.106374,-0.157978,0.011304,0.023398
6441,97688.220526211,-7.095703,13.744609,0.547208,0.267303,1.242391,-0.126613,-0.158221,0.011674,0.024316
6442,97688.225470059,-7.096762,13.738407,0.546676,0.260558,1.220473,-0.141744,-0.158466,0.012046,0.025239
6443,97688.230413907,-7.097794,13.732314,0.546068,0.253469,1.194120,-0.147045,-0.158711,0.012418,0.026162
6444,97688.235357754,-7.098797,13.726353,0.545431,0.246711,1.165017,-0.137110,-0.158956,0.012790,0.027086
6445,97688.240301602,-7.099772,13.720537,0.544842,0.240311,1.134945,-0.107514,-0.159201,0.013163,0.028009
6446,97688.245245450,-7.100720,13.714873,0.544396,0.233852,1.104325,-0.059620,-0.159446,0.013535,0.028932
6447,97688.250158780,-7.101633,13.709399,0.544186,0.228023,1.073739,-0.011467,-0.159689,0.013905,0.029850
6448,97688.255102627,-7.102527,13.704046,0.544211,0.219490,1.041352,0.036422,-0.159934,0.014277,0.030773
6449,97688.260046475,-7.103382,13.698858,0.544469,0.204723,1.006207,0.083792,-0.160179,0.014649,0.031696
6450,97688.264990323,-7.104168,13.693849,0.544959,0.182918,0.971138,0.130554,-0.162110,0.014145,0.031481
6451,97688.269934170,-7.104851,13.689022,0.545676,0.156580,0.939731,0.174586,-0.164041,0.013641,0.031266
6452,97688.274847500,-7.105404,13.684387,0.546601,0.130759,0.917315,0.198433,-0.165960,0.013140,0.031052
6453,97688.279791348,-7.105836,13.679840,0.547647,0.106099,0.906978,0.198473,-0.167891,0.012636,0.030837
6454,97688.284735196,-7.106149,13.675351,0.548690,0.081773,0.906912,0.179279,-0.169821,0.012132,0.030621
6455,97688.289679043,-7.106343,13.670865,0.549636,0.057397,0.911357,0.143831,-0.171752,0.011627,0.030406
6456,97688.294622891,-7.106418,13.666361,0.550406,0.032233,0.915342,0.094141,-0.173683,0.011123,0.030191
6457,97688.299536221,-7.106372,13.661867,0.550925,0.005301,0.915212,0.034516,-0.175602,0.010622,0.029977
6458,97688.304480069,-7.106197,13.657348,0.551151,-0.022661,0.909070,-0.027513,-0.177533,0.010118,0.029762
6459,97688.309454434,-7.105887,13.652834,0.551067,-0.049846,0.896113,-0.083622,-0.179476,0.009611,0.029545
6460,97688.314367764,-7.105455,13.648441,0.550706,-0.074042,0.876706,-0.126983,-0.181395,0.009110,0.029331
6461,97688.319311612,-7.104908,13.644120,0.550125,-0.093699,0.850458,-0.156261,-0.183326,0.008606,0.029116
6462,97688.324255459,-7.104272,13.639930,0.549397,-0.105905,0.816867,-0.173000,-0.185257,0.008101,0.028901
6463,97688.329199307,-7.103583,13.635908,0.548583,-0.108378,0.775645,-0.179059,-0.187188,0.007597,0.028686
6464,97688.334143155,-7.102892,13.632089,0.547736,-0.099692,0.727749,-0.176323,-0.189119,0.007093,0.028471
6465,97688.339087002,-7.102255,13.628505,0.546901,-0.079321,0.675563,-0.166222,-0.191050,0.006589,0.028255
6466,97688.344000332,-7.101731,13.625196,0.546119,-0.047608,0.623107,-0.149197,-0.192969,0.006088,0.028042
6467,97688.348944180,-7.101371,13.622120,0.545415,-0.005250,0.573667,-0.127237,-0.194900,0.005584,0.027826
6468,97688.353857510,-7.101231,13.619297,0.544823,0.043456,0.533012,-0.105252,-0.196819,0.005083,0.027612
6469,97688.358801358,-7.101337,13.616649,0.544338,0.095973,0.503854,-0.086141,-0.198749,0.004578,0.027397
6470,97688.363745205,-7.101708,13.614134,0.543950,0.146744,0.486612,-0.072050,-0.200680,0.004074,0.027182
6471,97688.368689053,-7.102332,13.611695,0.543634,0.190808,0.479145,-0.063830,-0.202611,0.003570,0.026967
6472,97688.373632901,-7.103175,13.609283,0.543361,0.225701,0.479293,-0.061000,-0.204542,0.003066,0.026752
6473,97688.378546231,-7.104183,13.606878,0.543107,0.249357,0.484812,-0.062561,-0.206461,0.002565,0.026538
6474,97688.383490078,-7.105314,13.604426,0.542845,0.261057,0.492910,-0.067255,-0.208392,0.002061,0.026322
6475,97688.388464444,-7.106508,13.601916,0.542560,0.260379,0.500616,-0.072866,-0.210335,0.001553,0.026106
6476,97688.393408291,-7.107690,13.599382,0.542249,0.248699,0.506579,-0.077885,-0.212266,0.001049,0.025891
6477,97688.398352139,-7.108814,13.596822,0.541913,0.228951,0.510659,-0.081889,-0.214197,0.000545,0.025676
6478,97688.403295987,-7.109840,13.594245,0.541555,0.204153,0.512875,-0.084918,-0.216128,0.000041,0.025460
6479,97688.408239834,-7.110742,13.591662,0.541182,0.177982,0.513091,-0.087726,-0.218059,-0.000463,0.025245
6480,97688.413183682,-7.111516,13.589084,0.540792,0.152625,0.511959,-0.090508,-0.219990,-0.000968,0.025030
6481,97688.418127530,-7.112165,13.586517,0.540387,0.130259,0.510251,-0.093454,-0.221921,-0.001472,0.024815
6482,97688.423071377,-7.112704,13.583963,0.539965,0.111940,0.509041,-0.096827,-0.223851,-0.001976,0.024599
6483,97688.428015225,-7.113153,13.581419,0.539525,0.098288,0.508131,-0.100385,-0.225782,-0.002480,0.024384
6484,97688.432959073,-7.113536,13.578882,0.539067,0.088870,0.507638,-0.103517,-0.227713,-0.002984,0.024169
6485,97688.437872403,-7.113869,13.576364,0.538595,0.082845,0.507496,-0.106139,-0.229632,-0.003485,0.023955
6486,97688.442816250,-7.114176,13.573833,0.538107,0.079316,0.507486,-0.108365,-0.231563,-0.003989,0.023740
6487,97688.447760098,-7.114465,13.571303,0.537607,0.077434,0.507396,-0.110160,-0.233494,-0.004494,0.023525
6488,97688.452703946,-7.114745,13.568774,0.537099,0.076447,0.507433,-0.111892,-0.235425,-0.004998,0.023310
6489,97688.457647793,-7.115020,13.566244,0.536582,0.076225,0.507508,-0.113799,-0.237356,-0.005502,0.023094
6490,97688.462561123,-7.115293,13.563729,0.536059,0.075792,0.508129,-0.116186,-0.239275,-0.006003,0.022880
6491,97688.467504971,-7.115565,13.561196,0.535520,0.074991,0.509667,-0.119021,-0.241206,-0.006507,0.022665
6492,97688.472448819,-7.115833,13.558655,0.534968,0.073946,0.512102,-0.122022,-0.243137,-0.007011,0.022450
6493,97688.477392666,-7.116096,13.556103,0.534401,0.072655,0.515265,-0.125384,-0.245068,-0.007515,0.022235
6494,97688.482336514,-7.116352,13.553534,0.533818,0.070836,0.519024,-0.128959,-0.246999,-0.008020,0.022020
6495,97688.487249844,-7.116596,13.550963,0.533220,0.068671,0.522718,-0.132458,-0.248918,-0.008521,0.021806
6496,97688.492193692,-7.116831,13.548359,0.532602,0.066287,0.526333,-0.135856,-0.250849,-0.009025,0.021590
6497,97688.497137539,-7.117054,13.545736,0.531967,0.063935,0.529495,-0.138650,-0.252779,-0.009529,0.021375
6498,97688.502081387,-7.117265,13.543099,0.531318,0.061856,0.531914,-0.141177,-0.254710,-0.010033,0.021160
6499,97688.507025235,-7.117465,13.540449,0.530657,0.060489,0.533424,-0.144024,-0.256641,-0.010537,0.020945
6500,97688.511938565,-7.117657,13.537809,0.529985,0.059915,0.534389,-0.147210,-0.256220,-0.011949,0.020259
6501,97688.516882412,-7.117847,13.535148,0.529294,0.060435,0.535129,-0.150738,-0.255796,-0.013369,0.019570
6502,97688.521826260,-7.118040,13.532482,0.528585,0.062344,0.536004,-0.154315,-0.255372,-0.014789,0.018880
6503,97688.526770108,-7.118242,13.529812,0.527859,0.065513,0.537104,-0.157831,-0.254949,-0.016209,0.018191
6504,97688.531713955,-7.118461,13.527135,0.527116,0.069689,0.538629,-0.161698,-0.254525,-0.017629,0.017501
6505,97688.536657803,-7.118699,13.524450,0.526354,0.074643,0.540757,-0.165892,-0.254101,-0.019049,0.016811
6506,97688.541601651,-7.118962,13.521753,0.525572,0.080035,0.543424,-0.170245,-0.253677,-0.020470,0.016122
6507,97688.546514981,-7.119250,13.519057,0.524774,0.085541,0.546649,-0.174690,-0.253256,-0.021881,0.015436
6508,97688.551458828,-7.119566,13.516328,0.523950,0.091233,0.550457,-0.179242,-0.252832,-0.023301,0.014747
6509,97688.556402676,-7.119910,13.513579,0.523104,0.096860,0.554566,-0.183786,-0.252408,-0.024721,0.014057
6510,97688.561346524,-7.120281,13.510807,0.522236,0.102349,0.559253,-0.188516,-0.251985,-0.026141,0.013367
6511,97688.566259854,-7.120676,13.508028,0.521350,0.107538,0.564388,-0.193588,-0.251564,-0.027553,0.012682
6512,97688.571203702,-7.121098,13.505206,0.520435,0.112897,0.570361,-0.198691,-0.251140,-0.028973,0.011992
6513,97688.576147549,-7.121546,13.502352,0.519496,0.118488,0.577234,-0.203318,-0.250716,-0.030393,0.011303
6514,97688.581091397,-7.122020,13.499463,0.518534,0.124302,0.584641,-0.206659,-0.250292,-0.031813,0.010613
6515,97688.586035244,-7.122522,13.496535,0.517557,0.130119,0.591968,-0.209588,-0.249868,-0.033233,0.009924
6516,97688.590948575,-7.123047,13.493589,0.516572,0.135872,0.599059,-0.211916,-0.249447,-0.034645,0.009238
6517,97688.595892422,-7.123603,13.490587,0.515570,0.142031,0.606043,-0.212795,-0.249023,-0.036065,0.008549
6518,97688.600805752,-7.124185,13.487569,0.514572,0.148582,0.612744,-0.212072,-0.248602,-0.037476,0.007863
6519,97688.605749600,-7.124801,13.484497,0.513571,0.156094,0.619275,-0.210069,-0.248178,-0.038896,0.007174
6520,97688.610693448,-7.125452,13.481392,0.512581,0.164623,0.625397,-0.206915,-0.247755,-0.040317,0.006484
6521,97688.615606778,-7.126140,13.478274,0.511614,0.173871,0.631731,-0.202744,-0.247333,-0.041728,0.005799
6522,97688.620550625,-7.126875,13.475103,0.510663,0.183732,0.638823,-0.197960,-0.246910,-0.043148,0.005109
6523,97688.625494473,-7.127658,13.471896,0.509736,0.193789,0.647197,-0.193410,-0.246486,-0.044568,0.004419
6524,97688.630407803,-7.128483,13.468666,0.508839,0.203808,0.657492,-0.189707,-0.246065,-0.045980,0.003734
6525,97688.635382168,-7.129366,13.465342,0.507950,0.213257,0.670289,-0.187354,-0.245638,-0.047408,0.003040
6526,97688.640326016,-7.130287,13.461974,0.507080,0.221708,0.685557,-0.186616,-0.245214,-0.048829,0.002350
6527,97688.645239346,-7.131240,13.458550,0.506221,0.229220,0.702790,-0.187373,-0.244793,-0.050240,0.001665
6528,97688.650183194,-7.132233,13.455017,0.505354,0.235747,0.721864,-0.189116,-0.244369,-0.051660,0.000975
6529,97688.655127041,-7.133254,13.451389,0.504479,0.241411,0.742236,-0.190145,-0.243946,-0.053080,0.000286
6530,97688.660070889,-7.134298,13.447659,0.503602,0.247000,0.763759,-0.189280,-0.243522,-0.054500,-0.000404
6531,97688.665014737,-7.135366,13.443822,0.502730,0.251811,0.785235,-0.187462,-0.243098,-0.055921,-0.001093
6532,97688.669928067,-7.136445,13.439902,0.501875,0.255453,0.806530,-0.184716,-0.242677,-0.057332,-0.001779
6533,97688.674871914,-7.137545,13.435852,0.501029,0.259230,0.828540,-0.180784,-0.241686,-0.057440,-0.003490
6534,97688.679815762,-7.138658,13.431692,0.500204,0.263993,0.851652,-0.175422,-0.240695,-0.057548,-0.005201
6535,97688.684759610,-7.139789,13.427418,0.499408,0.269485,0.875829,-0.168785,-0.239704,-0.057656,-0.006912
6536,97688.689672940,-7.140935,13.423051,0.498651,0.275571,0.900295,-0.161071,-0.238719,-0.057763,-0.008613
6537,97688.694616787,-7.142112,13.418535,0.497929,0.281924,0.924808,-0.152913,-0.237729,-0.057871,-0.010324
6538,97688.699560635,-7.143314,13.413897,0.497249,0.288850,0.948829,-0.144426,-0.236738,-0.057979,-0.012035
6539,97688.704504483,-7.144544,13.409139,0.496614,0.296711,0.972248,-0.135697,-0.235747,-0.058087,-0.013746
6540,97688.709448330,-7.145808,13.404265,0.496023,0.305346,0.996035,-0.127009,-0.234756,-0.058195,-0.015457
6541,97688.714392178,-7.147109,13.399272,0.495478,0.314519,1.020584,-0.118628,-0.233765,-0.058303,-0.017168
6542,97688.719305508,-7.148440,13.394187,0.494979,0.323835,1.045705,-0.111379,-0.232780,-0.058411,-0.018869
6543,97688.724249356,-7.149820,13.388946,0.494515,0.333445,1.071306,-0.105323,-0.231789,-0.058519,-0.020580
6544,97688.729193203,-7.151242,13.383576,0.494083,0.343316,1.096600,-0.099884,-0.230799,-0.058627,-0.022291
6545,97688.734137051,-7.152706,13.378080,0.493681,0.353828,1.121585,-0.094550,-0.229808,-0.058735,-0.024002
6546,97688.739080899,-7.154217,13.372458,0.493307,0.364977,1.146845,-0.088036,-0.228817,-0.058843,-0.025713
6547,97688.743994229,-7.155767,13.366745,0.492970,0.376677,1.172813,-0.078827,-0.227832,-0.058950,-0.027414
6548,97688.748938077,-7.157378,13.360866,0.492678,0.388995,1.199929,-0.067061,-0.226841,-0.059058,-0.029125
6549,97688.753851407,-7.159032,13.354889,0.492449,0.401616,1.227540,-0.053157,-0.225856,-0.059165,-0.030825
6550,97688.758795254,-7.160753,13.348736,0.492289,0.414525,1.255889,-0.037079,-0.222634,-0.056308,-0.032509
6551,97688.763739102,-7.162530,13.342442,0.492212,0.427520,1.284713,-0.019383,-0.219412,-0.053450,-0.034192
6552,97688.768652432,-7.164352,13.336043,0.492225,0.440404,1.313107,-0.001334,-0.216209,-0.050611,-0.035865
6553,97688.773596280,-7.166242,13.329462,0.492330,0.453372,1.340216,0.015608,-0.212987,-0.047753,-0.037548
6554,97688.778540127,-7.168188,13.322746,0.492521,0.466107,1.365247,0.030530,-0.209765,-0.044896,-0.039232
6555,97688.783483975,-7.170191,13.315905,0.492788,0.478868,1.387948,0.042728,-0.206542,-0.042038,-0.040915
6556,97688.788427823,-7.172251,13.308949,0.493118,0.491449,1.408806,0.052013,-0.203320,-0.039181,-0.042599
6557,97688.793371670,-7.174368,13.301888,0.493496,0.503142,1.427438,0.060836,-0.200098,-0.036323,-0.044282
6558,97688.798285000,-7.176525,13.294778,0.493917,0.512946,1.441737,0.072390,-0.196895,-0.033484,-0.045955
6559,97688.803228848,-7.178740,13.287551,0.494399,0.521198,1.450308,0.088165,-0.193673,-0.030626,-0.047638
6560,97688.808172696,-7.180992,13.280281,0.494960,0.528152,1.455621,0.104591,-0.190451,-0.027769,-0.049322
6561,97688.813116543,-7.183277,13.272985,0.495604,0.534418,1.459030,0.118811,-0.187229,-0.024911,-0.051005
6562,97688.818090909,-7.185605,13.265626,0.496322,0.540104,1.461674,0.131510,-0.183986,-0.022036,-0.052699
6563,97688.823004239,-7.187931,13.258343,0.497095,0.542886,1.465748,0.146554,-0.180784,-0.019196,-0.054372
6564,97688.827948086,-7.190283,13.250996,0.497948,0.541683,1.473468,0.164356,-0.177562,-0.016339,-0.056055
6565,97688.832861416,-7.192611,13.243658,0.498883,0.538984,1.483226,0.180555,-0.174359,-0.013499,-0.057728
6566,97688.837774746,-7.194923,13.236273,0.499898,0.536718,1.490804,0.195827,-0.171157,-0.010659,-0.059401
6567,97688.842718594,-7.197236,13.228807,0.500995,0.536139,1.492201,0.212017,-0.167935,-0.007802,-0.061084
6568,97688.847662442,-7.199544,13.221335,0.502172,0.537232,1.485561,0.230373,-0.164712,-0.004944,-0.062768
6569,97688.852606289,-7.201858,13.213896,0.503440,0.538778,1.471397,0.252168,-0.161490,-0.002087,-0.064451
6570,97688.857550137,-7.204181,13.206529,0.504814,0.539335,1.450581,0.277206,-0.158268,0.000771,-0.066135
6571,97688.862493985,-7.206509,13.199265,0.506311,0.538380,1.424065,0.303998,-0.155045,0.003628,-0.067818
6572,97688.867437832,-7.208837,13.192135,0.507939,0.536188,1.393024,0.330536,-0.151823,0.006485,-0.069501
6573,97688.872351162,-7.211144,13.185203,0.509685,0.533612,1.359499,0.355153,-0.148621,0.009325,-0.071174
6574,97688.877295010,-7.213459,13.178396,0.511562,0.531736,1.325310,0.377716,-0.145398,0.012183,-0.072858
6575,97688.882238858,-7.215769,13.171759,0.513548,0.531336,1.292303,0.399004,-0.142176,0.015040,-0.074541
6576,97688.887182705,-7.218084,13.165287,0.515637,0.532229,1.261408,0.419963,-0.138954,0.017898,-0.076224
6577,97688.892126553,-7.220408,13.158969,0.517828,0.533947,1.233079,0.440690,-0.135732,0.020755,-0.077908
6578,97688.897070401,-7.222746,13.152791,0.520120,0.535736,1.207082,0.460610,-0.132509,0.023612,-0.079591
6579,97688.902014248,-7.225096,13.146743,0.522508,0.537390,1.183965,0.478398,-0.129287,0.026470,-0.081275
6580,97688.906927578,-7.227444,13.140846,0.524969,0.538396,1.164240,0.493100,-0.126085,0.029310,-0.082948
6581,97688.911871426,-7.229814,13.135011,0.527516,0.538966,1.148855,0.505215,-0.122862,0.032167,-0.084631
6582,97688.916815274,-7.232190,13.129252,0.530122,0.539033,1.138727,0.514864,-0.119640,0.035025,-0.086314
6583,97688.921728604,-7.234553,13.123579,0.532759,0.538684,1.133937,0.522175,-0.116438,0.037864,-0.087987
6584,97688.926672452,-7.236930,13.117895,0.535448,0.538955,1.134052,0.527470,-0.113215,0.040722,-0.089671
6585,97688.931616299,-7.239307,13.112211,0.538163,0.540590,1.138367,0.530080,-0.109993,0.043579,-0.091354
6586,97688.936560147,-7.241691,13.106506,0.540891,0.543633,1.145618,0.530620,-0.106771,0.046437,-0.093037
6587,97688.941503994,-7.244089,13.100764,0.543623,0.547807,1.154037,0.530175,-0.103548,0.049294,-0.094721
6588,97688.946447842,-7.246506,13.094979,0.546353,0.552111,1.161846,0.529133,-0.100326,0.052152,-0.096404
6589,97688.951391690,-7.248942,13.089155,0.549079,0.556777,1.168023,0.527894,-0.097104,0.055009,-0.098088
6590,97688.956305020,-7.251385,13.083335,0.551783,0.561516,1.171408,0.525548,-0.093901,0.057849,-0.099760
6591,97688.961248868,-7.253866,13.077462,0.554493,0.565466,1.171362,0.521233,-0.090679,0.060706,-0.101444
6592,97688.966192715,-7.256366,13.071587,0.557181,0.568485,1.167341,0.514994,-0.087457,0.063564,-0.103127
6593,97688.971136563,-7.258883,13.065731,0.559839,0.570535,1.159259,0.506732,-0.084234,0.066421,-0.104811
6594,97688.976049893,-7.261397,13.059951,0.562440,0.571513,1.147696,0.497022,-0.081032,0.069261,-0.106484
6595,97688.980993741,-7.263934,13.054190,0.565007,0.572124,1.133201,0.486155,-0.077810,0.072119,-0.108167
6596,97688.985937588,-7.266479,13.048500,0.567521,0.572964,1.116287,0.474382,-0.074587,0.074976,-0.109850
6597,97688.990881436,-7.269032,13.042893,0.569975,0.574732,1.097141,0.461449,-0.071365,0.077833,-0.111534
6598,97688.995825284,-7.271599,13.037380,0.572364,0.577421,1.076564,0.447510,-0.068143,0.080691,-0.113217
6599,97689.000769131,-7.274184,13.031966,0.574684,0.580330,1.054836,0.432174,-0.064921,0.083548,-0.114900
6600,97689.005682461,-7.276774,13.026691,0.576912,0.583141,1.032656,0.415092,-0.063882,0.086438,-0.117783
6601,97689.010626309,-7.279399,13.021491,0.579069,0.585490,1.009898,0.395697,-0.064074,0.088790,-0.120951
6602,97689.015570157,-7.282043,13.016402,0.581129,0.587522,0.987042,0.373997,-0.064266,0.091142,-0.124118
6603,97689.020483487,-7.284687,13.011454,0.583069,0.588953,0.964889,0.350124,-0.064457,0.093480,-0.127267
6604,97689.025457852,-7.287377,13.006553,0.584912,0.589949,0.943099,0.324036,-0.064651,0.095847,-0.130454
6605,97689.030371182,-7.290046,13.001818,0.586603,0.590372,0.922429,0.296723,-0.064842,0.098185,-0.133602
6606,97689.035345547,-7.292756,12.997124,0.588179,0.590167,0.902741,0.267544,-0.065035,0.100552,-0.136790
6607,97689.040289395,-7.295456,12.992555,0.589599,0.589290,0.884324,0.237138,-0.065228,0.102905,-0.139957
6608,97689.045233243,-7.298157,12.988075,0.590868,0.587657,0.867036,0.205201,-0.065420,0.105257,-0.143125
6609,97689.050177090,-7.300856,12.983679,0.591978,0.585053,0.850758,0.172059,-0.065612,0.107610,-0.146293
6610,97689.055090420,-7.303531,12.979388,0.592917,0.581829,0.835520,0.138210,-0.065804,0.109948,-0.149441
6611,97689.060034268,-7.306213,12.975144,0.593694,0.577741,0.821304,0.103615,-0.065996,0.112300,-0.152609
6612,97689.064978116,-7.308880,12.970970,0.594298,0.572587,0.807784,0.069371,-0.066188,0.114653,-0.155777
6613,97689.069921963,-7.311528,12.966861,0.594732,0.566929,0.795341,0.034792,-0.066381,0.117005,-0.158945
6614,97689.074865811,-7.314152,12.962812,0.594993,0.560818,0.784182,0.000277,-0.066573,0.119358,-0.162113
6615,97689.079809659,-7.316751,12.958818,0.595083,0.553894,0.774148,-0.033549,-0.066765,0.121710,-0.165280
6616,97689.084722989,-7.319305,12.954897,0.595005,0.546461,0.764687,-0.066925,-0.066956,0.124048,-0.168429
6617,97689.089666836,-7.321842,12.950998,0.594761,0.538376,0.755390,-0.100495,-0.067149,0.126401,-0.171596
6618,97689.094610684,-7.324344,12.947145,0.594350,0.529678,0.746179,-0.133915,-0.067341,0.128753,-0.174764
6619,97689.099554532,-7.326807,12.943336,0.593772,0.520536,0.737073,-0.167330,-0.067533,0.131105,-0.177932
6620,97689.104498379,-7.329230,12.939573,0.593027,0.511044,0.728063,-0.200718,-0.067726,0.133458,-0.181100
6621,97689.109411709,-7.331595,12.935877,0.592122,0.501399,0.718777,-0.233873,-0.067917,0.135796,-0.184248
6622,97689.114355557,-7.333932,12.932204,0.591047,0.491668,0.709089,-0.267149,-0.068109,0.138148,-0.187416
6623,97689.119299405,-7.336225,12.928579,0.589805,0.481757,0.698699,-0.299918,-0.068301,0.140501,-0.190584
6624,97689.124243252,-7.338474,12.925005,0.588400,0.471243,0.687634,-0.331346,-0.068494,0.142853,-0.193752
6625,97689.129156582,-7.340662,12.921508,0.586848,0.460006,0.675774,-0.360077,-0.068685,0.145191,-0.196900
6626,97689.134130948,-7.342826,12.918027,0.585133,0.447618,0.662727,-0.385153,-0.068878,0.147558,-0.200087
6627,97689.139044278,-7.344907,12.914653,0.583313,0.434954,0.649567,-0.404119,-0.069069,0.149896,-0.203235
6628,97689.143988125,-7.346943,12.911326,0.581387,0.422004,0.637890,-0.414012,-0.069262,0.152249,-0.206403
6629,97689.148901455,-7.348906,12.908078,0.579422,0.409513,0.628813,-0.413877,-0.069453,0.154587,-0.209552
6630,97689.153845303,-7.350821,12.904858,0.577444,0.397028,0.624194,-0.403449,-0.069645,0.156939,-0.212719
6631,97689.158789151,-7.352675,12.901664,0.575517,0.384508,0.625615,-0.383103,-0.069838,0.159292,-0.215887
6632,97689.163702481,-7.354454,12.898486,0.573701,0.372353,0.635176,-0.353918,-0.070029,0.161630,-0.219035
6633,97689.168646328,-7.356181,12.895247,0.572017,0.361498,0.652979,-0.317372,-0.070221,0.163982,-0.222203
6634,97689.173590176,-7.357847,12.891923,0.570514,0.349968,0.679025,-0.277710,-0.070413,0.166335,-0.225371
6635,97689.178534024,-7.359447,12.888477,0.569208,0.335807,0.713786,-0.238561,-0.070606,0.168687,-0.228539
6636,97689.183477871,-7.360968,12.884864,0.568097,0.319844,0.753412,-0.202079,-0.070798,0.171039,-0.231707
6637,97689.188391202,-7.362389,12.881084,0.567172,0.303451,0.794450,-0.169308,-0.070989,0.173377,-0.234855
6638,97689.193335049,-7.363727,12.877085,0.566406,0.287976,0.835788,-0.139116,-0.071181,0.175730,-0.238023
6639,97689.198278897,-7.364978,12.872886,0.565789,0.274381,0.876265,-0.110616,-0.071374,0.178082,-0.241191
6640,97689.203222744,-7.366150,12.868492,0.565316,0.263640,0.916236,-0.083311,-0.071566,0.180435,-0.244358
6641,97689.208166592,-7.367259,12.863904,0.564978,0.258034,0.956398,-0.056871,-0.071758,0.182787,-0.247526
6642,97689.213079922,-7.368323,12.859151,0.564775,0.259733,0.998506,-0.030749,-0.071950,0.185125,-0.250674
6643,97689.218023770,-7.369391,12.854162,0.564702,0.269274,1.045019,-0.005092,-0.072142,0.187478,-0.253842
6644,97689.222937100,-7.370487,12.848974,0.564759,0.284353,1.095052,0.017998,-0.072333,0.189816,-0.256990
6645,97689.227880948,-7.371652,12.843506,0.564935,0.301466,1.146960,0.036677,-0.072525,0.192168,-0.260158
6646,97689.232824795,-7.372889,12.837778,0.565207,0.317982,1.198109,0.048357,-0.072718,0.194521,-0.263326
6647,97689.237768643,-7.374196,12.831795,0.565541,0.331689,1.245935,0.052640,-0.072910,0.196873,-0.266494
6648,97689.242712491,-7.375559,12.825574,0.565901,0.342346,1.288656,0.050087,-0.073102,0.199226,-0.269662
6649,97689.247656338,-7.376966,12.819138,0.566251,0.351576,1.325292,0.041158,-0.073295,0.201578,-0.272830
6650,97689.252600186,-7.378412,12.812520,0.566560,0.361042,1.354891,0.026990,-0.074100,0.202663,-0.274201
6651,97689.257544034,-7.379898,12.805752,0.566801,0.371729,1.376969,0.008898,-0.074906,0.203748,-0.275573
6652,97689.262487881,-7.381434,12.798871,0.566955,0.383514,1.390570,-0.011894,-0.075711,0.204832,-0.276944
6653,97689.267401211,-7.383017,12.791963,0.567008,0.395916,1.394360,-0.034095,-0.076512,0.205910,-0.278307
6654,97689.272345059,-7.384672,12.784989,0.566952,0.407934,1.387753,-0.056348,-0.077317,0.206995,-0.279679
6655,97689.277288907,-7.386389,12.778043,0.566787,0.418530,1.371169,-0.076236,-0.078123,0.208080,-0.281050
6656,97689.282232754,-7.388163,12.771176,0.566523,0.427269,1.344767,-0.091123,-0.078928,0.209165,-0.282422
6657,97689.287176602,-7.389987,12.764436,0.566185,0.433689,1.309346,-0.096692,-0.079734,0.210249,-0.283793
6658,97689.292089932,-7.391840,12.757911,0.565820,0.437761,1.267050,-0.088475,-0.080534,0.211327,-0.285156
6659,97689.297033780,-7.393733,12.751553,0.565491,0.439565,1.219966,-0.061571,-0.081340,0.212412,-0.286528
6660,97689.301977627,-7.395643,12.745429,0.565292,0.440065,1.171073,-0.015627,-0.082145,0.213497,-0.287900
6661,97689.306921475,-7.397563,12.739549,0.565318,0.440691,1.123798,0.031626,-0.082951,0.214582,-0.289271
6662,97689.311865323,-7.399493,12.733905,0.565574,0.438982,1.077519,0.078822,-0.083756,0.215666,-0.290643
6663,97689.316809170,-7.401421,12.728494,0.566061,0.430183,1.028383,0.125867,-0.084562,0.216751,-0.292014
6664,97689.321722500,-7.403301,12.723362,0.566772,0.413825,0.973762,0.172145,-0.085362,0.217829,-0.293377
6665,97689.326666348,-7.405121,12.718474,0.567712,0.393650,0.916795,0.217628,-0.086168,0.218914,-0.294749
6666,97689.331579678,-7.406839,12.713903,0.568865,0.373457,0.869262,0.243640,-0.086968,0.219992,-0.296112
6667,97689.336523526,-7.408477,12.709544,0.570149,0.356612,0.845326,0.242797,-0.087774,0.221077,-0.297483
6668,97689.341467373,-7.410037,12.705308,0.571426,0.346799,0.847165,0.227261,-0.088579,0.222161,-0.298855
6669,97689.346411221,-7.411550,12.701063,0.572626,0.343034,0.870474,0.201325,-0.089385,0.223246,-0.300227
6670,97689.351355069,-7.413040,12.696703,0.573699,0.340080,0.903575,0.163817,-0.090191,0.224331,-0.301598
6671,97689.356329434,-7.414521,12.692149,0.574593,0.333780,0.935108,0.115482,-0.091001,0.225422,-0.302978
6672,97689.361273282,-7.415958,12.687466,0.575245,0.322628,0.958931,0.060326,-0.092621,0.224898,-0.302785
6673,97689.366217129,-7.417338,12.682664,0.575625,0.304568,0.971067,0.002706,-0.094241,0.224374,-0.302592
6674,97689.371160977,-7.418631,12.677802,0.575719,0.280327,0.970770,-0.049863,-0.095861,0.223849,-0.302399
6675,97689.376104825,-7.419808,12.672944,0.575551,0.252961,0.957458,-0.090091,-0.097481,0.223325,-0.302206
6676,97689.381048672,-7.420856,12.668155,0.575182,0.225677,0.929805,-0.114207,-0.099102,0.222801,-0.302013
6677,97689.385992520,-7.421776,12.663507,0.574690,0.201007,0.887011,-0.121855,-0.100722,0.222276,-0.301820
6678,97689.390936368,-7.422585,12.659075,0.574156,0.183396,0.829986,-0.115468,-0.102342,0.221752,-0.301626
6679,97689.395880215,-7.423319,12.654929,0.573648,0.176845,0.761567,-0.100411,-0.103962,0.221228,-0.301433
6680,97689.400793545,-7.424029,12.651147,0.573213,0.181437,0.688010,-0.082277,-0.105572,0.220706,-0.301241
6681,97689.405737393,-7.424782,12.647704,0.572861,0.196584,0.616101,-0.064765,-0.107192,0.220182,-0.301048
6682,97689.410681241,-7.425623,12.644615,0.572593,0.222293,0.554401,-0.050744,-0.108812,0.219658,-0.300855
6683,97689.415625088,-7.426604,12.641826,0.572391,0.257493,0.509614,-0.041518,-0.110432,0.219133,-0.300662
6684,97689.420568936,-7.427768,12.639251,0.572236,0.298898,0.484966,-0.036770,-0.112052,0.218609,-0.300469
6685,97689.425512784,-7.429141,12.636788,0.572105,0.341327,0.476994,-0.036522,-0.113672,0.218085,-0.300276
6686,97689.430456631,-7.430726,12.634357,0.571979,0.379752,0.477745,-0.040260,-0.115293,0.217560,-0.300083
6687,97689.435400479,-7.432500,12.631912,0.571837,0.410268,0.480312,-0.046175,-0.116913,0.217036,-0.299890
6688,97689.440313809,-7.434414,12.629464,0.571669,0.430406,0.481153,-0.052075,-0.118523,0.216515,-0.299698
6689,97689.445257657,-7.436438,12.626991,0.571472,0.439380,0.479930,-0.056306,-0.120143,0.215991,-0.299505
6690,97689.450201504,-7.438508,12.624522,0.571255,0.438030,0.477327,-0.058958,-0.121763,0.215466,-0.299312
6691,97689.455114834,-7.440559,12.622081,0.571026,0.428467,0.474906,-0.061279,-0.123373,0.214945,-0.299120
6692,97689.460058682,-7.442576,12.619639,0.570784,0.412362,0.474402,-0.065004,-0.124993,0.214421,-0.298927
6693,97689.465002530,-7.444514,12.617203,0.570521,0.392272,0.477014,-0.070637,-0.126613,0.213896,-0.298734
6694,97689.469946377,-7.446353,12.614758,0.570230,0.370106,0.483252,-0.077666,-0.128233,0.213372,-0.298541
6695,97689.474890225,-7.448081,12.612286,0.569902,0.346992,0.492315,-0.085327,-0.129854,0.212848,-0.298347
6696,97689.479803555,-7.449684,12.609790,0.569538,0.324479,0.502064,-0.092453,-0.131464,0.212327,-0.298156
6697,97689.484747403,-7.451184,12.607234,0.569135,0.303666,0.510781,-0.098436,-0.133084,0.211802,-0.297962
6698,97689.489691250,-7.452580,12.604640,0.568702,0.285488,0.517145,-0.102996,-0.134704,0.211278,-0.297769
6699,97689.494635098,-7.453885,12.602018,0.568245,0.270510,0.520833,-0.106121,-0.136324,0.210754,-0.297576
6700,97689.499578946,-7.455115,12.599380,0.567772,0.259456,0.522024,-0.107848,-0.135668,0.209003,-0.295434
6701,97689.504492276,-7.456283,12.596755,0.567292,0.252212,0.520872,-0.108605,-0.135015,0.207263,-0.293305
6702,97689.509436123,-7.457423,12.594121,0.566805,0.248072,0.518045,-0.108821,-0.134359,0.205512,-0.291162
6703,97689.514379971,-7.458544,12.591502,0.566317,0.246938,0.514354,-0.109074,-0.133702,0.203761,-0.289020
6704,97689.519323819,-7.459659,12.588902,0.565827,0.247804,0.511077,-0.109648,-0.133046,0.202011,-0.286878
6705,97689.524267666,-7.460780,12.586317,0.565334,0.249700,0.509011,-0.110982,-0.132390,0.200260,-0.284735
6706,97689.529211514,-7.461910,12.583742,0.564834,0.251991,0.508386,-0.113937,-0.131733,0.198509,-0.282593
6707,97689.534155362,-7.463052,12.581170,0.564320,0.254042,0.509167,-0.118427,-0.131077,0.196758,-0.280451
6708,97689.539099209,-7.464205,12.578593,0.563784,0.254918,0.510842,-0.123308,-0.130420,0.195008,-0.278308
6709,97689.544012539,-7.465354,12.576023,0.563228,0.254218,0.512870,-0.127968,-0.129768,0.193268,-0.276179
6710,97689.548956387,-7.466508,12.573427,0.562645,0.252480,0.514633,-0.132552,-0.129112,0.191517,-0.274037
6711,97689.553900235,-7.467652,12.570822,0.562039,0.250649,0.515306,-0.137095,-0.128455,0.189766,-0.271895
6712,97689.558813565,-7.468781,12.568231,0.561415,0.249051,0.514871,-0.140913,-0.127803,0.188026,-0.269765
6713,97689.563757412,-7.469909,12.565625,0.560768,0.248305,0.513691,-0.144263,-0.127146,0.186275,-0.267623
6714,97689.568701260,-7.471034,12.563025,0.560104,0.248913,0.512399,-0.147237,-0.126490,0.184525,-0.265481
6715,97689.573614590,-7.472155,12.560447,0.559429,0.250836,0.511008,-0.150211,-0.125838,0.182785,-0.263352
6716,97689.578527920,-7.473287,12.557876,0.558740,0.253971,0.510041,-0.153460,-0.125185,0.181045,-0.261223
6717,97689.583441250,-7.474434,12.555308,0.558036,0.258301,0.509804,-0.157068,-0.124533,0.179305,-0.259093
6718,97689.588385098,-7.475610,12.552725,0.557309,0.263239,0.510254,-0.160804,-0.123877,0.177554,-0.256951
6719,97689.593328946,-7.476811,12.550138,0.556564,0.268481,0.511252,-0.164534,-0.123220,0.175803,-0.254809
6720,97689.598272793,-7.478038,12.547544,0.555802,0.273653,0.512671,-0.168514,-0.122564,0.174052,-0.252666
6721,97689.603186123,-7.479282,12.544958,0.555024,0.278439,0.514201,-0.172610,-0.121911,0.172312,-0.250537
6722,97689.608129971,-7.480558,12.542348,0.554223,0.282666,0.515649,-0.176936,-0.121255,0.170562,-0.248395
6723,97689.613073819,-7.481854,12.539729,0.553400,0.286560,0.516979,-0.181073,-0.120599,0.168811,-0.246253
6724,97689.618017666,-7.483170,12.537102,0.552557,0.290210,0.518622,-0.184966,-0.119942,0.167060,-0.244110
6725,97689.622961514,-7.484504,12.534466,0.551696,0.293573,0.520559,-0.188098,-0.119286,0.165309,-0.241968
6726,97689.627905362,-7.485854,12.531820,0.550819,0.296780,0.523144,-0.189709,-0.118629,0.163559,-0.239826
6727,97689.632849209,-7.487219,12.529160,0.549935,0.300037,0.526156,-0.190245,-0.117973,0.161808,-0.237683
6728,97689.637793057,-7.488600,12.526485,0.549048,0.303272,0.529150,-0.190220,-0.117317,0.160057,-0.235541
6729,97689.642736905,-7.489997,12.523794,0.548162,0.306372,0.532489,-0.189376,-0.116660,0.158306,-0.233398
6730,97689.647680752,-7.491408,12.521086,0.547280,0.309827,0.536541,-0.187181,-0.116004,0.156555,-0.231256
6731,97689.652594082,-7.492826,12.518374,0.546416,0.313032,0.541430,-0.184302,-0.115352,0.154815,-0.229127
6732,97689.657507412,-7.494258,12.515638,0.545566,0.315206,0.547221,-0.181293,-0.114699,0.153076,-0.226998
6733,97689.662451260,-7.495709,12.512855,0.544726,0.317310,0.554053,-0.177933,-0.114043,0.151325,-0.224856
6734,97689.667395108,-7.497168,12.510039,0.543903,0.319835,0.561680,-0.174417,-0.113386,0.149574,-0.222713
6735,97689.672338955,-7.498638,12.507185,0.543098,0.322853,0.570230,-0.171212,-0.112730,0.147823,-0.220571
6736,97689.677313321,-7.500130,12.504270,0.542305,0.326569,0.579667,-0.168310,-0.112070,0.146062,-0.218415
6737,97689.682257168,-7.501629,12.501326,0.541532,0.331271,0.589954,-0.165963,-0.111413,0.144311,-0.216273
6738,97689.687201016,-7.503149,12.498330,0.540772,0.337561,0.601319,-0.163055,-0.110757,0.142560,-0.214131
6739,97689.692114346,-7.504687,12.495296,0.540032,0.346305,0.613288,-0.158601,-0.110104,0.140820,-0.212001
6740,97689.697027676,-7.506266,12.492202,0.539315,0.358091,0.625050,-0.152348,-0.109452,0.139080,-0.209872
6741,97689.701971524,-7.507909,12.489028,0.538626,0.372955,0.636361,-0.144989,-0.108796,0.137329,-0.207730
6742,97689.706884854,-7.509613,12.485815,0.537979,0.390024,0.646981,-0.137459,-0.108143,0.135589,-0.205601
6743,97689.711828702,-7.511408,12.482527,0.537367,0.408597,0.656958,-0.129915,-0.107487,0.133839,-0.203459
6744,97689.716772549,-7.513293,12.479185,0.536795,0.427383,0.666601,-0.121811,-0.106831,0.132088,-0.201316
6745,97689.721716397,-7.515267,12.475793,0.536264,0.445844,0.676121,-0.113077,-0.106174,0.130337,-0.199174
6746,97689.726660244,-7.517330,12.472350,0.535779,0.463471,0.685646,-0.103743,-0.105518,0.128586,-0.197031
6747,97689.731604092,-7.519477,12.468857,0.535341,0.480547,0.695555,-0.094104,-0.104861,0.126836,-0.194889
6748,97689.736547940,-7.521706,12.465312,0.534954,0.497004,0.706187,-0.084143,-0.104205,0.125085,-0.192747
6749,97689.741491787,-7.524013,12.461712,0.534617,0.513016,0.718049,-0.074078,-0.103549,0.123334,-0.190604
6750,97689.746435635,-7.526396,12.458050,0.534332,0.528668,0.731667,-0.063922,-0.100871,0.123410,-0.190160
6751,97689.751348965,-7.528837,12.454341,0.534100,0.544100,0.746607,-0.053681,-0.098210,0.123486,-0.189718
6752,97689.756292813,-7.531366,12.450532,0.533920,0.559635,0.762285,-0.043620,-0.095533,0.123563,-0.189273
6753,97689.761236661,-7.533967,12.446644,0.533792,0.575169,0.777924,-0.034143,-0.092855,0.123639,-0.188828
6754,97689.766149991,-7.536625,12.442700,0.533713,0.590637,0.793518,-0.025312,-0.090194,0.123715,-0.188386
6755,97689.771093838,-7.539371,12.438651,0.533679,0.605998,0.809187,-0.017107,-0.087517,0.123791,-0.187942
6756,97689.776037686,-7.542189,12.434523,0.533688,0.620828,0.825100,-0.009649,-0.084839,0.123867,-0.187497
6757,97689.780981534,-7.545076,12.430313,0.533736,0.635418,0.841532,-0.002574,-0.082162,0.123944,-0.187052
6758,97689.785894864,-7.548013,12.426046,0.533820,0.650004,0.858720,0.004521,-0.079501,0.124019,-0.186610
6759,97689.790838711,-7.551036,12.421664,0.533942,0.665210,0.877470,0.012851,-0.076823,0.124096,-0.186166
6760,97689.795782559,-7.554130,12.417188,0.534108,0.681183,0.897065,0.022686,-0.074146,0.124172,-0.185721
6761,97689.800726407,-7.557297,12.412611,0.534324,0.697461,0.916748,0.032915,-0.071468,0.124248,-0.185276
6762,97689.805670254,-7.560540,12.407935,0.534594,0.713893,0.937015,0.043391,-0.068791,0.124325,-0.184832
6763,97689.810614102,-7.563859,12.403155,0.534917,0.730617,0.958527,0.054247,-0.066113,0.124401,-0.184387
6764,97689.815527432,-7.567234,12.398297,0.535295,0.747519,0.981234,0.065041,-0.063452,0.124477,-0.183945
6765,97689.820471280,-7.570708,12.393293,0.535731,0.765251,1.005298,0.075382,-0.060775,0.124553,-0.183500
6766,97689.825415127,-7.574263,12.388168,0.536220,0.784023,1.030547,0.085414,-0.058098,0.124629,-0.183056
6767,97689.830328457,-7.577883,12.382946,0.536759,0.803650,1.056777,0.094970,-0.055437,0.124705,-0.182614
6768,97689.835302823,-7.581638,12.377526,0.537355,0.824285,1.083623,0.104246,-0.052743,0.124782,-0.182166
6769,97689.840246670,-7.585466,12.372002,0.537997,0.845346,1.109852,0.113014,-0.050065,0.124858,-0.181722
6770,97689.845190518,-7.589391,12.366345,0.538685,0.867061,1.135081,0.120995,-0.047388,0.124935,-0.181277
6771,97689.850134366,-7.593418,12.360559,0.539415,0.889329,1.158812,0.128502,-0.044710,0.125011,-0.180832
6772,97689.855078213,-7.597549,12.354652,0.540186,0.912127,1.180525,0.136237,-0.042033,0.125087,-0.180387
6773,97689.860022061,-7.601787,12.348633,0.540998,0.934709,1.199842,0.144676,-0.039355,0.125164,-0.179943
6774,97689.864965909,-7.606132,12.342514,0.541854,0.955976,1.215935,0.154882,-0.036678,0.125240,-0.179498
6775,97689.869879239,-7.610551,12.336350,0.542758,0.974743,1.228246,0.167392,-0.034017,0.125316,-0.179056
6776,97689.874823086,-7.615085,12.330084,0.543731,0.991201,1.237912,0.180784,-0.031339,0.125392,-0.178611
6777,97689.879766934,-7.619699,12.323767,0.544773,1.005655,1.245883,0.193243,-0.028662,0.125468,-0.178167
6778,97689.884710782,-7.624380,12.317409,0.545877,1.018570,1.252609,0.204155,-0.025984,0.125545,-0.177722
6779,97689.889654629,-7.629124,12.311015,0.547037,1.028525,1.259029,0.216516,-0.023307,0.125621,-0.177277
6780,97689.894567959,-7.633884,12.304627,0.548251,1.032829,1.267582,0.233075,-0.020646,0.125697,-0.176835
6781,97689.899511807,-7.638693,12.298158,0.549556,1.032293,1.277668,0.249260,-0.017968,0.125773,-0.176391
6782,97689.904455655,-7.643495,12.291641,0.550941,1.028823,1.287463,0.263978,-0.015291,0.125849,-0.175946
6783,97689.909399502,-7.648278,12.285076,0.552400,1.023314,1.293596,0.278620,-0.012613,0.125926,-0.175501
6784,97689.914343350,-7.653030,12.278484,0.553930,1.016712,1.293263,0.294472,-0.009936,0.126002,-0.175057
6785,97689.919256680,-7.657720,12.271936,0.555529,1.009720,1.286687,0.312678,-0.007275,0.126078,-0.174615
6786,97689.924200528,-7.662405,12.265382,0.557227,1.001939,1.275069,0.334435,-0.004598,0.126154,-0.174170
6787,97689.929144375,-7.667052,12.258889,0.559031,0.992731,1.259267,0.359041,-0.001920,0.126230,-0.173725
6788,97689.934088223,-7.671655,12.252478,0.560954,0.982183,1.239671,0.385397,0.000757,0.126307,-0.173281
6789,97689.939001553,-7.676180,12.246206,0.562994,0.970205,1.217024,0.411902,0.003418,0.126383,-0.172839
6790,97689.943945401,-7.680678,12.240012,0.565175,0.957455,1.191526,0.437769,0.006096,0.126459,-0.172394
6791,97689.948889248,-7.685116,12.233948,0.567481,0.945200,1.164742,0.462312,0.008773,0.126535,-0.171949
6792,97689.953833096,-7.689497,12.228020,0.569906,0.933947,1.137771,0.485895,0.011451,0.126612,-0.171505
6793,97689.958776944,-7.693828,12.222229,0.572446,0.923730,1.111202,0.508897,0.014128,0.126688,-0.171060
6794,97689.963720791,-7.698112,12.216574,0.575096,0.914396,1.085048,0.530436,0.016806,0.126764,-0.170615
6795,97689.968634121,-7.702327,12.211085,0.577834,0.905428,1.059866,0.549247,0.019467,0.126840,-0.170173
6796,97689.973577969,-7.706529,12.205689,0.580680,0.896528,1.035869,0.564615,0.022144,0.126916,-0.169729
6797,97689.978521817,-7.710691,12.200415,0.583599,0.887869,1.014280,0.576096,0.024822,0.126993,-0.169284
6798,97689.983465664,-7.714814,12.195249,0.586574,0.879770,0.996814,0.584124,0.027499,0.127069,-0.168839
6799,97689.988409512,-7.718901,12.190173,0.589586,0.873007,0.984430,0.589483,0.030177,0.127145,-0.168394
6800,97689.993353360,-7.722956,12.185159,0.592624,0.867812,0.976553,0.592770,0.031029,0.127159,-0.167033
6801,97689.998266690,-7.726962,12.180217,0.595658,0.864442,0.973340,0.594233,0.031877,0.127173,-0.165679
6802,97690.003210537,-7.730977,12.175260,0.598717,0.863282,0.974274,0.595219,0.032730,0.127187,-0.164317
6803,97690.008154385,-7.734986,12.170299,0.601782,0.863723,0.978599,0.596064,0.033582,0.127201,-0.162955
6804,97690.013098233,-7.738996,12.165317,0.604851,0.864733,0.984513,0.596473,0.034435,0.127215,-0.161593
6805,97690.018042080,-7.743010,12.160305,0.607923,0.866457,0.990760,0.596281,0.035288,0.127230,-0.160231
6806,97690.022985928,-7.747031,12.155262,0.610994,0.868529,0.996033,0.595229,0.036140,0.127244,-0.158869
6807,97690.027929776,-7.751061,12.150192,0.614060,0.870442,0.999404,0.592924,0.036993,0.127258,-0.157507
6808,97690.032873623,-7.755100,12.145106,0.617115,0.871532,0.999842,0.589145,0.037846,0.127272,-0.156146
6809,97690.037817471,-7.759145,12.140016,0.620152,0.871708,0.997136,0.584293,0.038699,0.127286,-0.154784
6810,97690.042761319,-7.763191,12.134940,0.623165,0.870853,0.991261,0.578493,0.039551,0.127300,-0.153422
6811,97690.047674649,-7.767210,12.129924,0.626130,0.869074,0.982276,0.571651,0.039175,0.126678,-0.152231
6812,97690.052587979,-7.771223,12.124951,0.629061,0.866897,0.970110,0.563582,0.038799,0.126057,-0.151041
6813,97690.057531827,-7.775253,12.120008,0.631969,0.864885,0.955210,0.554610,0.038420,0.125432,-0.149843
6814,97690.062475674,-7.779276,12.115138,0.634832,0.863207,0.938469,0.544736,0.038042,0.124807,-0.148646
6815,97690.067419522,-7.783296,12.110351,0.637645,0.861680,0.920297,0.533541,0.037663,0.124181,-0.147448
6816,97690.072363369,-7.787314,12.105653,0.640401,0.860639,0.901059,0.520311,0.037285,0.123556,-0.146250
6817,97690.077276700,-7.791306,12.101078,0.643074,0.859630,0.881284,0.505878,0.036909,0.122935,-0.145060
6818,97690.082220547,-7.795324,12.096571,0.645691,0.859098,0.861267,0.490119,0.036530,0.122309,-0.143862
6819,97690.087164395,-7.799344,12.092163,0.648229,0.858983,0.841174,0.472933,0.036151,0.121684,-0.142664
6820,97690.092108243,-7.803369,12.087852,0.650681,0.858578,0.821745,0.454317,0.035773,0.121059,-0.141467
6821,97690.097052090,-7.807398,12.083637,0.653040,0.857780,0.803505,0.434169,0.035394,0.120434,-0.140269
6822,97690.101965420,-7.811404,12.079536,0.655284,0.856390,0.786726,0.412398,0.035018,0.119812,-0.139079
6823,97690.106909268,-7.815433,12.075491,0.657433,0.854188,0.770660,0.388886,0.034640,0.119187,-0.137881
6824,97690.111853116,-7.819456,12.071525,0.659465,0.851080,0.755062,0.363617,0.034261,0.118562,-0.136683
6825,97690.116796963,-7.823469,12.067634,0.661371,0.846987,0.740776,0.336453,0.033882,0.117937,-0.135486
6826,97690.121740811,-7.827467,12.063814,0.663141,0.841955,0.727516,0.307540,0.033504,0.117311,-0.134288
6827,97690.126684659,-7.831445,12.060058,0.664768,0.835521,0.715355,0.276989,0.033125,0.116686,-0.133090
6828,97690.131597989,-7.835371,12.056385,0.666232,0.827604,0.704416,0.245137,0.032749,0.116065,-0.131900
6829,97690.136511319,-7.839263,12.052765,0.667540,0.818335,0.694776,0.212465,0.032373,0.115443,-0.130709
6830,97690.141485684,-7.843163,12.049147,0.668699,0.807944,0.686142,0.179367,0.031992,0.114814,-0.129504
6831,97690.146429532,-7.846991,12.045595,0.669687,0.796878,0.678585,0.146350,0.031614,0.114189,-0.128307
6832,97690.151373379,-7.850768,12.042081,0.670510,0.784869,0.671901,0.113540,0.031235,0.113564,-0.127109
6833,97690.156286709,-7.854467,12.038621,0.671166,0.771901,0.666068,0.080941,0.030859,0.112942,-0.125919
6834,97690.161230557,-7.858129,12.035170,0.671664,0.757472,0.660753,0.048413,0.030480,0.112317,-0.124721
6835,97690.166174405,-7.861722,12.031745,0.671999,0.741261,0.655836,0.016267,0.030102,0.111692,-0.123523
6836,97690.171118252,-7.865239,12.028347,0.672173,0.723949,0.651140,-0.015963,0.029723,0.111066,-0.122325
6837,97690.176062100,-7.868674,12.024974,0.672187,0.706337,0.646696,-0.048355,0.029345,0.110441,-0.121128
6838,97690.180975430,-7.872005,12.021644,0.672040,0.688932,0.642523,-0.080259,0.028968,0.109820,-0.119937
6839,97690.185888760,-7.875253,12.018338,0.671735,0.672036,0.638372,-0.111783,0.028592,0.109198,-0.118747
6840,97690.190832608,-7.878441,12.015032,0.671271,0.655905,0.633709,-0.143253,0.028214,0.108573,-0.117549
6841,97690.195776455,-7.881553,12.011752,0.670650,0.640749,0.628421,-0.173765,0.027835,0.107948,-0.116352
6842,97690.200720303,-7.884593,12.008498,0.669876,0.626643,0.622396,-0.202154,0.027456,0.107323,-0.115154
6843,97690.205664151,-7.887567,12.005276,0.668960,0.613667,0.614977,-0.227374,0.027078,0.106697,-0.113956
6844,97690.210577481,-7.890462,12.002112,0.667925,0.601542,0.605829,-0.248040,0.026702,0.106076,-0.112766
6845,97690.215521328,-7.893319,11.998974,0.666780,0.590108,0.595228,-0.262862,0.026323,0.105451,-0.111568
6846,97690.220465176,-7.896123,11.995890,0.665561,0.580061,0.585328,-0.269804,0.025945,0.104826,-0.110370
6847,97690.225409024,-7.898880,11.992856,0.664305,0.571570,0.578165,-0.267652,0.025566,0.104200,-0.109173
6848,97690.230322354,-7.901579,11.989879,0.663067,0.564774,0.574044,-0.256754,0.025190,0.103579,-0.107982
6849,97690.235266202,-7.904262,11.986906,0.661874,0.559284,0.575124,-0.238206,0.024811,0.102954,-0.106785
6850,97690.240210049,-7.906916,11.983929,0.660773,0.553954,0.584222,-0.214037,0.020970,0.100166,-0.103695
6851,97690.245153897,-7.909540,11.980910,0.659791,0.548550,0.601823,-0.185811,0.017129,0.097378,-0.100605
6852,97690.250097744,-7.912132,11.977808,0.658949,0.542505,0.626396,-0.155900,0.013288,0.094590,-0.097515
6853,97690.255041592,-7.914686,11.974587,0.658256,0.535946,0.656238,-0.127794,0.009447,0.091803,-0.094425
6854,97690.259954922,-7.917184,11.971243,0.657707,0.529295,0.689393,-0.103581,0.005629,0.089032,-0.091354
6855,97690.264898770,-7.919655,11.967717,0.657276,0.522924,0.725109,-0.082899,0.001788,0.086244,-0.088265
6856,97690.269842618,-7.922086,11.964017,0.656948,0.518073,0.761616,-0.065002,-0.002053,0.083457,-0.085175
6857,97690.274786465,-7.924484,11.960140,0.656711,0.516580,0.797747,-0.048316,-0.005894,0.080669,-0.082085
6858,97690.279730313,-7.926865,11.956085,0.656559,0.519276,0.833923,-0.030777,-0.009735,0.077881,-0.078995
6859,97690.284643643,-7.929236,11.951878,0.656495,0.527005,0.870958,-0.010663,-0.013553,0.075110,-0.075924
6860,97690.289587491,-7.931650,11.947462,0.656534,0.540799,0.909718,0.012758,-0.017394,0.072323,-0.072835
6861,97690.294531338,-7.934122,11.942853,0.656692,0.561236,0.949531,0.039087,-0.021235,0.069535,-0.069745
6862,97690.299475186,-7.936685,11.938045,0.656983,0.587550,0.989314,0.067225,-0.025076,0.066747,-0.066655
6863,97690.304419034,-7.939366,11.933036,0.657419,0.616558,1.027673,0.094819,-0.028917,0.063959,-0.063565
6864,97690.309332364,-7.942164,11.927865,0.657991,0.644191,1.063262,0.118918,-0.032735,0.061189,-0.060494
6865,97690.314276211,-7.945106,11.922482,0.658690,0.668205,1.096613,0.137724,-0.036576,0.058401,-0.057404
6866,97690.319220059,-7.948157,11.916930,0.659486,0.687303,1.127283,0.149676,-0.040417,0.055613,-0.054315
6867,97690.324163907,-7.951296,11.911224,0.660345,0.702120,1.154175,0.154578,-0.044258,0.052826,-0.051225
6868,97690.329138272,-7.954521,11.905345,0.661236,0.713736,1.176451,0.152534,-0.048123,0.050021,-0.048116
6869,97690.334082119,-7.957780,11.899390,0.662113,0.723037,1.193140,0.144883,-0.051964,0.047233,-0.045026
6870,97690.339025967,-7.961081,11.893350,0.662954,0.730892,1.203827,0.133435,-0.055805,0.044445,-0.041936
6871,97690.343969815,-7.964419,11.887255,0.663740,0.737022,1.207767,0.119157,-0.059646,0.041657,-0.038846
6872,97690.348883145,-7.967767,11.881176,0.664452,0.740888,1.204303,0.102328,-0.063464,0.038887,-0.035776
6873,97690.353826993,-7.971157,11.875075,0.665085,0.742013,1.193776,0.083206,-0.067305,0.036099,-0.032686
6874,97690.358770840,-7.974556,11.869024,0.665623,0.739855,1.177152,0.063348,-0.071146,0.033311,-0.029596
6875,97690.363684170,-7.977928,11.863091,0.666059,0.734486,1.155350,0.044708,-0.074964,0.030541,-0.026525
6876,97690.368628018,-7.981301,11.857229,0.666403,0.726367,1.129052,0.029537,-0.078805,0.027753,-0.023435
6877,97690.373571866,-7.984641,11.851497,0.666671,0.716690,1.100275,0.020924,-0.082646,0.024965,-0.020345
6878,97690.378515713,-7.987940,11.845910,0.666894,0.706732,1.070734,0.021884,-0.086487,0.022177,-0.017256
6879,97690.383459561,-7.991196,11.840470,0.667118,0.697511,1.041198,0.035381,-0.090328,0.019390,-0.014166
6880,97690.388372891,-7.994392,11.835212,0.667406,0.688861,1.013134,0.064646,-0.094146,0.016619,-0.011095
6881,97690.393377774,-7.997608,11.830000,0.667842,0.680683,0.986442,0.111764,-0.098034,0.013797,-0.007967
6882,97690.398260586,-8.000709,11.825049,0.668496,0.674271,0.963736,0.160483,-0.101828,0.011043,-0.004915
6883,97690.403173916,-8.003798,11.820184,0.669392,0.665322,0.944872,0.209125,-0.105645,0.008273,-0.001845
6884,97690.408117764,-8.006864,11.815387,0.670531,0.647995,0.929629,0.257103,-0.109486,0.005485,0.001245
6885,97690.413061612,-8.009844,11.810672,0.671906,0.618971,0.919250,0.303865,-0.113328,0.002697,0.004335
6886,97690.418005459,-8.012679,11.806017,0.673509,0.578773,0.913853,0.349564,-0.117169,-0.000090,0.007425
6887,97690.422949307,-8.015313,11.801401,0.675335,0.532238,0.916548,0.388706,-0.121010,-0.002878,0.010515
6888,97690.427893155,-8.017715,11.796783,0.677351,0.485728,0.930912,0.401397,-0.124851,-0.005666,0.013605
6889,97690.432806485,-8.019869,11.792135,0.679414,0.441964,0.955217,0.386903,-0.128668,-0.008436,0.016675
6890,97690.437750332,-8.021817,11.787346,0.681416,0.401762,0.983604,0.350403,-0.132510,-0.011224,0.019765
6891,97690.442694180,-8.023562,11.782424,0.683237,0.364883,1.009559,0.293655,-0.136351,-0.014012,0.022855
6892,97690.447607510,-8.025114,11.777408,0.684766,0.329498,1.028254,0.222796,-0.140168,-0.016783,0.025926
6893,97690.452551358,-8.026501,11.772273,0.685954,0.294870,1.036861,0.146348,-0.144009,-0.019570,0.029016
6894,97690.457495205,-8.027722,11.767097,0.686761,0.261548,1.034496,0.075800,-0.147850,-0.022358,0.032105
6895,97690.462439053,-8.028783,11.761937,0.687217,0.231209,1.022371,0.019944,-0.151692,-0.025146,0.035195
6896,97690.467352383,-8.029696,11.756870,0.687393,0.206312,0.999980,-0.018063,-0.155509,-0.027916,0.038266
6897,97690.472296231,-8.030499,11.751886,0.687379,0.187547,0.964856,-0.041026,-0.159350,-0.030704,0.041356
6898,97690.477240078,-8.031218,11.747077,0.687248,0.175744,0.915566,-0.051528,-0.163191,-0.033492,0.044446
6899,97690.482214444,-8.031895,11.742486,0.687060,0.172313,0.851841,-0.051176,-0.167056,-0.036297,0.047555
6900,97690.487127774,-8.032560,11.738265,0.686872,0.179439,0.777561,-0.041687,-0.171284,-0.039237,0.048740
6901,97690.492041104,-8.033276,11.734407,0.686726,0.199741,0.697826,-0.022781,-0.175511,-0.042177,0.049925
6902,97690.496984952,-8.034112,11.730916,0.686670,0.233288,0.619706,0.001904,-0.179765,-0.045135,0.051118
6903,97690.501928799,-8.035130,11.727805,0.686734,0.277100,0.551675,0.027927,-0.184019,-0.048093,0.052311
6904,97690.506872647,-8.036376,11.725023,0.686926,0.327688,0.500021,0.050841,-0.188273,-0.051051,0.053504
6905,97690.511816494,-8.037882,11.722485,0.687232,0.379619,0.467814,0.066521,-0.192526,-0.054009,0.054696
6906,97690.516760342,-8.039651,11.720097,0.687617,0.427109,0.453101,0.073646,-0.196780,-0.056967,0.055889
6907,97690.521704190,-8.041656,11.717772,0.688039,0.467133,0.450970,0.073414,-0.201034,-0.059925,0.057082
6908,97690.526648037,-8.043860,11.715448,0.688464,0.497721,0.456254,0.068164,-0.205288,-0.062883,0.058275
6909,97690.531561368,-8.046199,11.713106,0.688863,0.516681,0.465122,0.061116,-0.209515,-0.065823,0.059460
6910,97690.536474698,-8.048630,11.710715,0.689229,0.522928,0.473816,0.054520,-0.213743,-0.068763,0.060646
6911,97690.541449063,-8.051121,11.708251,0.689568,0.517648,0.480437,0.049468,-0.218023,-0.071739,0.061846
6912,97690.546392911,-8.053570,11.705769,0.689879,0.503391,0.485042,0.046928,-0.222277,-0.074697,0.063038
6913,97690.551336758,-8.055947,11.703267,0.690178,0.482409,0.488208,0.046177,-0.226530,-0.077655,0.064231
6914,97690.556280606,-8.058220,11.700755,0.690471,0.457778,0.491134,0.046114,-0.230784,-0.080613,0.065424
6915,97690.561224453,-8.060371,11.698233,0.690763,0.432864,0.494494,0.046271,-0.235038,-0.083571,0.066617
6916,97690.566168301,-8.062398,11.695700,0.691053,0.410771,0.499073,0.045535,-0.239292,-0.086529,0.067810
6917,97690.571081631,-8.064303,11.693165,0.691337,0.393234,0.504371,0.043443,-0.243519,-0.089469,0.068995
6918,97690.576025479,-8.066132,11.690592,0.691611,0.379631,0.510010,0.040276,-0.247773,-0.092427,0.070188
6919,97690.580969327,-8.067893,11.687993,0.691869,0.369169,0.515357,0.036473,-0.252027,-0.095385,0.071380
6920,97690.585913174,-8.069602,11.685371,0.692107,0.360703,0.519605,0.032606,-0.256281,-0.098343,0.072573
6921,97690.590857022,-8.071268,11.682728,0.692326,0.353328,0.522616,0.029324,-0.260534,-0.101301,0.073766
6922,97690.595800869,-8.072897,11.680073,0.692529,0.346501,0.524363,0.026722,-0.264788,-0.104259,0.074959
6923,97690.600714200,-8.074482,11.677426,0.692717,0.340163,0.524959,0.023901,-0.269016,-0.107199,0.076144
6924,97690.605658047,-8.076047,11.674761,0.692892,0.334411,0.525522,0.020383,-0.273270,-0.110157,0.077337
6925,97690.610601895,-8.077582,11.672095,0.693049,0.329181,0.526930,0.016006,-0.277523,-0.113115,0.078530
6926,97690.615545743,-8.079092,11.669422,0.693184,0.323657,0.529262,0.010766,-0.281777,-0.116073,0.079722
6927,97690.620489590,-8.080575,11.666739,0.693293,0.317946,0.532541,0.004689,-0.286031,-0.119032,0.080915
6928,97690.625433438,-8.082029,11.664041,0.693372,0.311613,0.536271,-0.001839,-0.290285,-0.121990,0.082108
6929,97690.630377286,-8.083452,11.661325,0.693418,0.304595,0.540140,-0.008396,-0.294539,-0.124948,0.083301
6930,97690.635321133,-8.084839,11.658590,0.693431,0.296826,0.543896,-0.014781,-0.298792,-0.127906,0.084494
6931,97690.640264981,-8.086188,11.655839,0.693413,0.288338,0.547163,-0.020951,-0.303046,-0.130864,0.085686
6932,97690.645178311,-8.087486,11.653090,0.693364,0.279848,0.549720,-0.026917,-0.307274,-0.133804,0.086872
6933,97690.650122159,-8.088751,11.650313,0.693284,0.272095,0.551282,-0.032455,-0.311527,-0.136762,0.088064
6934,97690.655066006,-8.089977,11.647530,0.693177,0.265675,0.552076,-0.037669,-0.315781,-0.139720,0.089257
6935,97690.659979336,-8.091165,11.644760,0.693045,0.261169,0.551855,-0.042760,-0.320009,-0.142660,0.090443
6936,97690.664923184,-8.092337,11.641976,0.692886,0.259120,0.550681,-0.047942,-0.324263,-0.145618,0.091635
6937,97690.669867032,-8.093501,11.639197,0.692701,0.259239,0.549178,-0.053228,-0.328516,-0.148576,0.092828
6938,97690.674780362,-8.094658,11.636442,0.692491,0.261204,0.547575,-0.058606,-0.332744,-0.151516,0.094014
6939,97690.679724209,-8.095834,11.633678,0.692254,0.264850,0.545856,-0.063623,-0.336998,-0.154474,0.095206
6940,97690.684668057,-8.097027,11.630921,0.691992,0.269798,0.543929,-0.068172,-0.341251,-0.157432,0.096399
6941,97690.689611905,-8.098247,11.628172,0.691707,0.275806,0.541918,-0.072259,-0.345505,-0.160390,0.097592
6942,97690.694555752,-8.099496,11.625431,0.691403,0.282314,0.539738,-0.075677,-0.349759,-0.163348,0.098785
6943,97690.699499600,-8.100778,11.622700,0.691082,0.288746,0.537812,-0.078608,-0.354013,-0.166306,0.099977
6944,97690.704412930,-8.102085,11.619993,0.690750,0.294515,0.536743,-0.081279,-0.358240,-0.169246,0.101163
6945,97690.709356778,-8.103429,11.617273,0.690402,0.299168,0.536651,-0.084045,-0.362494,-0.172204,0.102356
6946,97690.714300625,-8.104796,11.614553,0.690041,0.302992,0.537996,-0.087572,-0.366748,-0.175162,0.103548
6947,97690.719244473,-8.106181,11.611825,0.689663,0.305944,0.541323,-0.091715,-0.371002,-0.178120,0.104741
6948,97690.724188321,-8.107581,11.609079,0.689264,0.308024,0.546450,-0.096362,-0.375256,-0.181078,0.105934
6949,97690.729132168,-8.108990,11.606308,0.688844,0.309661,0.552270,-0.101760,-0.379509,-0.184036,0.107127
6950,97690.734076016,-8.110407,11.603507,0.688397,0.311161,0.557978,-0.107336,-0.378446,-0.183953,0.105785
6951,97690.739019864,-8.111830,11.600677,0.687923,0.312305,0.563409,-0.112450,-0.377383,-0.183870,0.104444
6952,97690.743933194,-8.113249,11.597837,0.687427,0.313126,0.567995,-0.116045,-0.376326,-0.183787,0.103111
6953,97690.748877041,-8.114680,11.594957,0.686911,0.313815,0.572096,-0.117107,-0.375262,-0.183704,0.101770
6954,97690.753820889,-8.116114,11.592056,0.686389,0.314400,0.576163,-0.115962,-0.374199,-0.183621,0.100429
6955,97690.758734219,-8.117541,11.589154,0.685877,0.315191,0.580339,-0.113755,-0.373142,-0.183539,0.099096
6956,97690.763678067,-8.118980,11.586212,0.685373,0.316768,0.585210,-0.112128,-0.372079,-0.183456,0.097755
6957,97690.768621914,-8.120425,11.583246,0.684877,0.319221,0.591501,-0.112216,-0.371016,-0.183373,0.096414
6958,97690.773565762,-8.121881,11.580249,0.684382,0.323077,0.600222,-0.113787,-0.369952,-0.183290,0.095072
6959,97690.778509610,-8.123354,11.577207,0.683879,0.328921,0.611193,-0.116145,-0.368889,-0.183207,0.093731
6960,97690.783422940,-8.124845,11.574130,0.683369,0.336716,0.623183,-0.118567,-0.367832,-0.183124,0.092398
6961,97690.788366787,-8.126381,11.570972,0.682846,0.346323,0.635028,-0.120668,-0.366769,-0.183041,0.091057
6962,97690.793310635,-8.127962,11.567753,0.682313,0.356774,0.645943,-0.120250,-0.365705,-0.182958,0.089716
6963,97690.798254483,-8.129592,11.564478,0.681784,0.367681,0.656638,-0.115681,-0.364642,-0.182875,0.088375
6964,97690.803198330,-8.131273,11.561148,0.681279,0.378560,0.667752,-0.107816,-0.363579,-0.182792,0.087034
6965,97690.808111661,-8.132995,11.557782,0.680817,0.389318,0.679755,-0.099292,-0.362522,-0.182710,0.085701
6966,97690.813055508,-8.134777,11.554335,0.680395,0.399641,0.693221,-0.092501,-0.361459,-0.182627,0.084359
6967,97690.817999356,-8.136606,11.550819,0.680009,0.408674,0.708466,-0.087749,-0.360395,-0.182544,0.083018
6968,97690.822912686,-8.138465,11.547248,0.679651,0.417150,0.725350,-0.083794,-0.359338,-0.182461,0.081685
6969,97690.827856534,-8.140374,11.543570,0.679311,0.426066,0.742944,-0.079778,-0.358275,-0.182378,0.080344
6970,97690.832769864,-8.142310,11.539827,0.678995,0.436120,0.760023,-0.075415,-0.357218,-0.182296,0.079011
6971,97690.837713711,-8.144304,11.535974,0.678700,0.448262,0.775998,-0.070219,-0.356155,-0.182212,0.077670
6972,97690.842657559,-8.146354,11.532041,0.678433,0.462893,0.790901,-0.064075,-0.355092,-0.182129,0.076329
6973,97690.847601407,-8.148473,11.528030,0.678198,0.479546,0.805089,-0.057183,-0.354028,-0.182046,0.074988
6974,97690.852545254,-8.150671,11.523947,0.677999,0.497158,0.818949,-0.049988,-0.352965,-0.181963,0.073646
6975,97690.857458584,-8.152937,11.519817,0.677839,0.515267,0.832586,-0.042615,-0.351908,-0.181881,0.072313
6976,97690.862402432,-8.155304,11.515591,0.677716,0.533489,0.846094,-0.035003,-0.350845,-0.181798,0.070972
6977,97690.867346280,-8.157757,11.511295,0.677633,0.550623,0.859609,-0.027615,-0.349781,-0.181715,0.069631
6978,97690.872290127,-8.160292,11.506928,0.677589,0.565741,0.873063,-0.021050,-0.348718,-0.181632,0.068290
6979,97690.877233975,-8.162898,11.502493,0.677580,0.578094,0.886824,-0.014856,-0.347655,-0.181549,0.066949
6980,97690.882177823,-8.165561,11.497987,0.677602,0.588050,0.900736,-0.008845,-0.346591,-0.181466,0.065607
6981,97690.887121670,-8.168270,11.493411,0.677656,0.595822,0.915409,-0.001716,-0.345528,-0.181383,0.064266
6982,97690.892035000,-8.170997,11.488790,0.677746,0.601953,0.931191,0.007629,-0.344471,-0.181300,0.062933
6983,97690.896978848,-8.173766,11.484061,0.677884,0.607019,0.947924,0.019623,-0.343408,-0.181217,0.061592
6984,97690.901922696,-8.176557,11.479249,0.678083,0.611026,0.965101,0.033354,-0.342345,-0.181134,0.060251
6985,97690.906897061,-8.179380,11.474322,0.678353,0.613965,0.982842,0.048150,-0.341275,-0.181051,0.058901
6986,97690.911810391,-8.182177,11.469369,0.678693,0.616212,1.001421,0.063466,-0.340218,-0.180968,0.057569
6987,97690.916723721,-8.184981,11.464326,0.679110,0.618367,1.021114,0.079547,-0.339161,-0.180886,0.056236
6988,97690.921667569,-8.187807,11.459154,0.679610,0.621271,1.042165,0.096543,-0.338098,-0.180803,0.054894
6989,97690.926611416,-8.190642,11.453879,0.680196,0.625151,1.064201,0.114090,-0.337034,-0.180720,0.053553
6990,97690.931555264,-8.193490,11.448495,0.680870,0.630099,1.086109,0.131666,-0.335971,-0.180637,0.052212
6991,97690.936499112,-8.196356,11.443003,0.681633,0.635967,1.107723,0.149649,-0.334908,-0.180554,0.050871
6992,97690.941442959,-8.199245,11.437404,0.682486,0.642950,1.129056,0.168027,-0.333844,-0.180470,0.049530
6993,97690.946356289,-8.202145,11.431734,0.683426,0.651285,1.149469,0.185966,-0.332788,-0.180388,0.048197
6994,97690.951300137,-8.205098,11.425928,0.684463,0.660543,1.168876,0.202905,-0.331724,-0.180305,0.046856
6995,97690.956243985,-8.208092,11.420025,0.685585,0.669219,1.186998,0.217583,-0.330661,-0.180222,0.045514
6996,97690.961187832,-8.211123,11.414032,0.686781,0.676065,1.203481,0.230644,-0.329597,-0.180139,0.044173
6997,97690.966101162,-8.214165,11.407994,0.688036,0.680645,1.217125,0.243226,-0.328541,-0.180056,0.042840
6998,97690.971045010,-8.217245,11.401851,0.689361,0.683388,1.228463,0.256226,-0.327477,-0.179973,0.041499
6999,97690.975988858,-8.220334,11.395652,0.690752,0.684930,1.238593,0.268848,-0.326414,-0.179890,0.040158
7000,97690.980932705,-8.223428,11.389404,0.692206,0.685423,1.247498,0.281138,-0.323808,-0.177891,0.039798
7001,97690.985876553,-8.226522,11.383112,0.693721,0.684732,1.254469,0.293471,-0.322686,-0.176221,0.039651
7002,97690.990789883,-8.229591,11.376826,0.695288,0.682653,1.259181,0.306031,-0.321571,-0.174562,0.039504
7003,97690.995733731,-8.232667,11.370479,0.696927,0.679338,1.263019,0.319370,-0.320449,-0.172892,0.039356
7004,97691.000677578,-8.235724,11.364114,0.698632,0.674398,1.266299,0.333649,-0.319327,-0.171222,0.039209
7005,97691.005651944,-8.238774,11.357696,0.700418,0.667314,1.268320,0.348386,-0.318199,-0.169542,0.039060
7006,97691.010595791,-8.241769,11.351310,0.702265,0.658777,1.267209,0.363544,-0.317077,-0.167873,0.038913
7007,97691.015539639,-8.244721,11.344932,0.704187,0.649532,1.261485,0.379911,-0.315955,-0.166203,0.038765
7008,97691.020483487,-8.247628,11.338585,0.706189,0.638819,1.250573,0.398069,-0.314833,-0.164533,0.038618
7009,97691.025396817,-8.250465,11.332335,0.708266,0.626147,1.234759,0.417383,-0.313718,-0.162874,0.038471
7010,97691.030310147,-8.253241,11.326166,0.710436,0.611546,1.214566,0.437034,-0.312602,-0.161214,0.038324
7011,97691.035253994,-8.255966,11.320063,0.712714,0.595110,1.190705,0.456273,-0.311480,-0.159544,0.038177
7012,97691.040228360,-8.258630,11.314045,0.715100,0.577780,1.164330,0.473757,-0.310352,-0.157864,0.038028
7013,97691.045141690,-8.261181,11.308236,0.717539,0.560995,1.137767,0.488442,-0.309237,-0.156205,0.037881
7014,97691.050055020,-8.263653,11.302561,0.720048,0.545173,1.112261,0.501168,-0.308121,-0.154545,0.037735
7015,97691.054998868,-8.266068,11.296982,0.722632,0.530692,1.088417,0.512917,-0.306999,-0.152876,0.037587
7016,97691.059942715,-8.268416,11.291524,0.725272,0.517788,1.066865,0.524261,-0.305878,-0.151206,0.037440
7017,97691.064886563,-8.270703,11.286176,0.727966,0.506441,1.047322,0.535181,-0.304756,-0.149536,0.037292
7018,97691.069830411,-8.272939,11.280928,0.730711,0.496770,1.029412,0.544885,-0.303634,-0.147866,0.037144
7019,97691.074743741,-8.275116,11.275802,0.733486,0.489023,1.013836,0.553070,-0.302519,-0.146207,0.036998
7020,97691.079687588,-8.277271,11.270724,0.736317,0.483074,1.000800,0.559199,-0.301397,-0.144537,0.036850
7021,97691.084631436,-8.279399,11.265712,0.739177,0.479403,0.990713,0.563406,-0.300275,-0.142868,0.036703
7022,97691.089575284,-8.281511,11.260751,0.742056,0.478353,0.984488,0.566004,-0.299153,-0.141198,0.036555
7023,97691.094488614,-8.283606,11.255852,0.744931,0.479600,0.982507,0.567252,-0.298038,-0.139538,0.036408
7024,97691.099432461,-8.285720,11.250931,0.747829,0.482887,0.984184,0.567018,-0.296916,-0.137869,0.036261
7025,97691.104376309,-8.287850,11.246002,0.750727,0.487041,0.988696,0.565518,-0.295794,-0.136199,0.036113
7026,97691.109320157,-8.290000,11.241049,0.753617,0.491601,0.994087,0.562622,-0.294672,-0.134529,0.035966
7027,97691.114264004,-8.292171,11.236069,0.756494,0.496088,0.998943,0.558312,-0.293550,-0.132859,0.035818
7028,97691.119207852,-8.294364,11.231063,0.759351,0.499418,1.002369,0.551649,-0.292428,-0.131190,0.035670
7029,97691.124151700,-8.296573,11.226040,0.762175,0.501258,1.003041,0.543230,-0.291306,-0.129520,0.035523
7030,97691.129065030,-8.298778,11.221043,0.764940,0.502125,1.000679,0.533908,-0.290191,-0.127860,0.035376
7031,97691.134008877,-8.301002,11.216026,0.767676,0.501892,0.995312,0.523613,-0.289069,-0.126191,0.035229
7032,97691.138952725,-8.303227,11.211035,0.770361,0.500506,0.986808,0.512668,-0.287947,-0.124521,0.035081
7033,97691.143896573,-8.305448,11.206085,0.772992,0.499301,0.975529,0.501403,-0.286825,-0.122851,0.034933
7034,97691.148840420,-8.307665,11.201191,0.775565,0.499004,0.961642,0.489937,-0.285703,-0.121182,0.034786
7035,97691.153753750,-8.309872,11.196394,0.778066,0.499256,0.945309,0.478564,-0.284588,-0.119522,0.034639
7036,97691.158697598,-8.312098,11.191648,0.780525,0.500441,0.927138,0.467248,-0.283466,-0.117852,0.034492
7037,97691.163641446,-8.314334,11.186990,0.782928,0.502480,0.907831,0.455765,-0.282344,-0.116183,0.034344
7038,97691.168585293,-8.316586,11.182426,0.785272,0.504866,0.887558,0.443662,-0.281222,-0.114513,0.034196
7039,97691.173529141,-8.318855,11.177962,0.787556,0.507837,0.866666,0.430558,-0.280100,-0.112843,0.034049
7040,97691.178442471,-8.321129,11.173626,0.789760,0.510886,0.846115,0.415752,-0.278985,-0.111184,0.033902
7041,97691.183386319,-8.323439,11.169363,0.791904,0.513702,0.825854,0.399102,-0.277863,-0.109514,0.033754
7042,97691.188330166,-8.325767,11.165198,0.793964,0.515814,0.805924,0.380440,-0.276741,-0.107844,0.033607
7043,97691.193274014,-8.328112,11.161130,0.795931,0.517650,0.786853,0.359554,-0.275619,-0.106174,0.033459
7044,97691.198217862,-8.330472,11.157155,0.797794,0.519263,0.769012,0.336611,-0.274497,-0.104505,0.033312
7045,97691.203131192,-8.332831,11.153290,0.799532,0.520298,0.752289,0.312262,-0.273382,-0.102845,0.033165
7046,97691.208075039,-8.335214,11.149481,0.801159,0.521116,0.736431,0.286264,-0.272260,-0.101175,0.033017
7047,97691.213018887,-8.337607,11.145750,0.802657,0.521689,0.721779,0.258298,-0.271138,-0.099506,0.032870
7048,97691.217962735,-8.340008,11.142088,0.804015,0.521892,0.708453,0.229053,-0.270016,-0.097836,0.032722
7049,97691.222906582,-8.342415,11.138491,0.805229,0.521767,0.696106,0.198941,-0.268894,-0.096166,0.032575
7050,97691.227850430,-8.344827,11.134953,0.806293,0.521120,0.685202,0.168361,-0.268334,-0.095567,0.032130
7051,97691.232794278,-8.347239,11.131467,0.807204,0.519869,0.675689,0.137602,-0.267774,-0.094967,0.031685
7052,97691.237707608,-8.349635,11.128047,0.807959,0.518032,0.667868,0.107048,-0.267217,-0.094372,0.031242
7053,97691.242651455,-8.352040,11.124643,0.808567,0.516181,0.661852,0.077045,-0.266658,-0.093772,0.030797
7054,97691.247595303,-8.354440,11.121268,0.809025,0.514365,0.657647,0.048146,-0.266098,-0.093173,0.030352
7055,97691.252508633,-8.356819,11.117932,0.809339,0.512574,0.654738,0.020288,-0.265541,-0.092577,0.029910
7056,97691.257452481,-8.359207,11.114589,0.809517,0.510790,0.652661,-0.007094,-0.264981,-0.091978,0.029465
7057,97691.262396328,-8.361588,11.111255,0.809559,0.508792,0.650133,-0.034263,-0.264421,-0.091378,0.029020
7058,97691.267340176,-8.363962,11.107932,0.809466,0.506072,0.646869,-0.061243,-0.263861,-0.090779,0.028575
7059,97691.272284024,-8.366325,11.104623,0.809240,0.501987,0.642907,-0.088264,-0.263302,-0.090179,0.028130
7060,97691.277197354,-8.368656,11.101354,0.808881,0.496405,0.638254,-0.115401,-0.262745,-0.089583,0.027688
7061,97691.282171719,-8.370992,11.098067,0.808383,0.489515,0.632846,-0.143189,-0.262182,-0.088980,0.027240
7062,97691.287115567,-8.373282,11.094827,0.807749,0.481473,0.626674,-0.170381,-0.261622,-0.088381,0.026795
7063,97691.292059414,-8.375536,11.091617,0.806981,0.472279,0.619649,-0.196690,-0.261062,-0.087781,0.026350
7064,97691.297003262,-8.377748,11.088442,0.806081,0.461953,0.612084,-0.221324,-0.260502,-0.087182,0.025905
7065,97691.301947110,-8.379912,11.085305,0.805058,0.450742,0.604173,-0.243207,-0.259942,-0.086583,0.025460
7066,97691.306860440,-8.382011,11.082228,0.803932,0.438886,0.596496,-0.260815,-0.259386,-0.085987,0.025017
7067,97691.311804287,-8.384067,11.079170,0.802711,0.426451,0.589549,-0.273013,-0.258826,-0.085387,0.024572
7068,97691.316748135,-8.386065,11.076149,0.801429,0.413896,0.583753,-0.279218,-0.258266,-0.084788,0.024127
7069,97691.321691983,-8.388002,11.073159,0.800114,0.401049,0.578376,-0.278836,-0.257706,-0.084188,0.023682
7070,97691.326635830,-8.389877,11.070198,0.798800,0.386836,0.579377,-0.271873,-0.257146,-0.083589,0.023237
7071,97691.331579678,-8.391681,11.067236,0.797520,0.371195,0.589655,-0.258962,-0.256586,-0.082990,0.022792
7072,97691.336523526,-8.393404,11.064227,0.796303,0.353094,0.606077,-0.242170,-0.256026,-0.082390,0.022347
7073,97691.341467373,-8.395034,11.061142,0.795168,0.331364,0.628218,-0.224631,-0.255466,-0.081791,0.021902
7074,97691.346380703,-8.396540,11.057974,0.794127,0.306746,0.655488,-0.207992,-0.254910,-0.081195,0.021460
7075,97691.351324551,-8.397928,11.054657,0.793161,0.279953,0.686736,-0.192813,-0.254350,-0.080595,0.021015
7076,97691.356237881,-8.399167,11.051214,0.792275,0.252574,0.720602,-0.179994,-0.253793,-0.080000,0.020573
7077,97691.361181729,-8.400271,11.047589,0.791447,0.224875,0.756732,-0.169415,-0.253233,-0.079400,0.020128
7078,97691.366125577,-8.401229,11.043792,0.790672,0.197209,0.793182,-0.161513,-0.252674,-0.078801,0.019683
7079,97691.371069424,-8.402042,11.039822,0.789936,0.170931,0.828064,-0.155621,-0.252114,-0.078201,0.019237
7080,97691.376013272,-8.402718,11.035686,0.789229,0.147358,0.860350,-0.150123,-0.251554,-0.077602,0.018792
7081,97691.380926602,-8.403266,11.031422,0.788553,0.127245,0.889364,-0.144099,-0.250997,-0.077006,0.018350
7082,97691.385870450,-8.403711,11.026993,0.787904,0.111881,0.915803,-0.136185,-0.250437,-0.076407,0.017905
7083,97691.390814297,-8.404074,11.022437,0.787294,0.103424,0.940526,-0.124898,-0.249877,-0.075807,0.017460
7084,97691.395758145,-8.404390,11.017762,0.786740,0.102477,0.965121,-0.110249,-0.249318,-0.075208,0.017015
7085,97691.400701993,-8.404694,11.012967,0.786261,0.108649,0.990132,-0.092568,-0.248758,-0.074608,0.016570
7086,97691.405615323,-8.405020,11.008078,0.785873,0.120477,1.015784,-0.072872,-0.248201,-0.074013,0.016128
7087,97691.410559170,-8.405399,11.003030,0.785582,0.136433,1.042300,-0.052788,-0.247641,-0.073413,0.015683
7088,97691.415503018,-8.405850,10.997850,0.785394,0.154684,1.068528,-0.035245,-0.247081,-0.072814,0.015238
7089,97691.420446866,-8.406385,10.992537,0.785295,0.174027,1.093164,-0.021833,-0.245811,-0.072457,0.013678
7090,97691.425390713,-8.407008,10.987099,0.785266,0.193419,1.115377,-0.013448,-0.244542,-0.072100,0.012119
7091,97691.430304043,-8.407717,10.981582,0.785280,0.211856,1.133909,-0.010548,-0.243279,-0.071745,0.010569
7092,97691.435217373,-8.408513,10.975970,0.785312,0.228650,1.148518,-0.012585,-0.242017,-0.071390,0.009020
7093,97691.440161221,-8.409394,10.970248,0.785335,0.243518,1.158726,-0.019135,-0.240747,-0.071033,0.007460
7094,97691.445105069,-8.410346,10.964472,0.785328,0.255748,1.163953,-0.029891,-0.239478,-0.070676,0.005901
7095,97691.450048916,-8.411358,10.958666,0.785269,0.265009,1.163960,-0.043564,-0.238208,-0.070319,0.004342
7096,97691.454992764,-8.412417,10.952857,0.785143,0.270718,1.158278,-0.058529,-0.236938,-0.069962,0.002782
7097,97691.459906094,-8.413500,10.947110,0.784944,0.272893,1.146906,-0.072387,-0.235676,-0.069607,0.001232
7098,97691.464849942,-8.414603,10.941382,0.784675,0.271718,1.130863,-0.082741,-0.234406,-0.069250,-0.000327
7099,97691.469793789,-8.415705,10.935733,0.784354,0.267794,1.111558,-0.086271,-0.233136,-0.068893,-0.001886
7100,97691.474737637,-8.416792,10.930180,0.784014,0.261832,1.090266,-0.079452,-0.233081,-0.069295,-0.003358
7101,97691.479681485,-8.417854,10.924734,0.783706,0.254455,1.067319,-0.058787,-0.233026,-0.069697,-0.004829
7102,97691.484625332,-8.418883,10.919404,0.783499,0.246325,1.043524,-0.020264,-0.232971,-0.070099,-0.006300
7103,97691.489538662,-8.419868,10.914228,0.783479,0.238189,1.020642,0.027109,-0.232916,-0.070499,-0.007762
7104,97691.494482510,-8.420821,10.909138,0.783692,0.227469,0.998040,0.074587,-0.232861,-0.070901,-0.009234
7105,97691.499426358,-8.421722,10.904164,0.784137,0.209281,0.972935,0.120939,-0.232806,-0.071304,-0.010705
7106,97691.504370205,-8.422535,10.899321,0.784809,0.181777,0.945957,0.166608,-0.232751,-0.071706,-0.012176
7107,97691.509314053,-8.423215,10.894621,0.785703,0.148110,0.919367,0.211938,-0.232696,-0.072108,-0.013648
7108,97691.514227383,-8.423729,10.890090,0.786809,0.113225,0.895816,0.250931,-0.232641,-0.072508,-0.015110
7109,97691.519171231,-8.424075,10.885657,0.788112,0.079592,0.879401,0.264833,-0.232586,-0.072910,-0.016581
7110,97691.524115078,-8.424258,10.881313,0.789479,0.047706,0.871125,0.254820,-0.232531,-0.073312,-0.018052
7111,97691.529058926,-8.424286,10.877017,0.790795,0.017331,0.868705,0.225654,-0.232476,-0.073714,-0.019524
7112,97691.534002774,-8.424167,10.872737,0.791963,-0.012105,0.868203,0.179603,-0.232421,-0.074117,-0.020995
7113,97691.538946621,-8.423905,10.868463,0.792902,-0.041077,0.866899,0.122516,-0.232366,-0.074519,-0.022466
7114,97691.543890469,-8.423505,10.864198,0.793556,-0.068939,0.862846,0.062283,-0.232311,-0.074921,-0.023938
7115,97691.548834317,-8.422973,10.859956,0.793911,-0.094653,0.855026,0.005070,-0.232256,-0.075323,-0.025409
7116,97691.553747647,-8.422323,10.855780,0.793980,-0.116936,0.841846,-0.043209,-0.232202,-0.075723,-0.026871
7117,97691.558691494,-8.421566,10.851645,0.793808,-0.132706,0.822223,-0.080437,-0.232147,-0.076125,-0.028343
7118,97691.563635342,-8.420738,10.847608,0.793449,-0.139293,0.795309,-0.107068,-0.232092,-0.076527,-0.029814
7119,97691.568548672,-8.419890,10.843727,0.792960,-0.136183,0.761665,-0.123751,-0.232037,-0.076927,-0.031276
7120,97691.573492520,-8.419061,10.839987,0.792384,-0.122501,0.720460,-0.130901,-0.231982,-0.077329,-0.032747
7121,97691.578436368,-8.418308,10.836448,0.791771,-0.098130,0.671835,-0.128713,-0.231927,-0.077732,-0.034219
7122,97691.583380215,-8.417687,10.833143,0.791168,-0.063255,0.617495,-0.116970,-0.231872,-0.078134,-0.035690
7123,97691.588324063,-8.417249,10.830099,0.790622,-0.018680,0.560845,-0.098381,-0.231817,-0.078536,-0.037161
7124,97691.593237393,-8.417043,10.827345,0.790171,0.031848,0.507614,-0.076422,-0.231762,-0.078936,-0.038624
7125,97691.598181241,-8.417095,10.824826,0.789826,0.084566,0.462689,-0.054492,-0.231707,-0.079338,-0.040095
7126,97691.603125088,-8.417416,10.822519,0.789590,0.134829,0.430700,-0.037469,-0.231652,-0.079740,-0.041566
7127,97691.608068936,-8.417991,10.820360,0.789441,0.178014,0.413359,-0.027506,-0.231597,-0.080142,-0.043038
7128,97691.613012784,-8.418783,10.818279,0.789343,0.211788,0.409129,-0.024459,-0.231542,-0.080545,-0.044509
7129,97691.617956631,-8.419741,10.816211,0.789262,0.235948,0.413139,-0.026798,-0.231487,-0.080947,-0.045980
7130,97691.622900479,-8.420819,10.814118,0.789172,0.249782,0.422118,-0.031826,-0.231432,-0.081349,-0.047451
7131,97691.627844327,-8.421963,10.811977,0.789059,0.250741,0.435010,-0.037768,-0.231377,-0.081751,-0.048923
7132,97691.632788174,-8.423109,10.809772,0.788917,0.240355,0.447822,-0.044174,-0.231322,-0.082153,-0.050394
7133,97691.637701504,-8.424195,10.807519,0.788744,0.222066,0.457518,-0.049922,-0.231267,-0.082553,-0.051856
7134,97691.642614834,-8.425190,10.805223,0.788542,0.199161,0.462858,-0.053992,-0.231213,-0.082953,-0.053319
7135,97691.647558682,-8.426077,10.802890,0.788318,0.175126,0.464511,-0.055995,-0.231158,-0.083355,-0.054790
7136,97691.652502530,-8.426845,10.800555,0.788082,0.152276,0.463850,-0.056504,-0.231103,-0.083757,-0.056261
7137,97691.657446377,-8.427500,10.798228,0.787842,0.132574,0.462163,-0.057520,-0.231048,-0.084160,-0.057732
7138,97691.662390225,-8.428059,10.795913,0.787595,0.117534,0.460048,-0.060004,-0.230993,-0.084562,-0.059204
7139,97691.667334073,-8.428543,10.793611,0.787335,0.106730,0.458163,-0.063707,-0.230938,-0.084964,-0.060675
7140,97691.672247403,-8.428973,10.791336,0.787057,0.099019,0.456709,-0.068064,-0.230883,-0.085364,-0.062137
7141,97691.677191250,-8.429367,10.789055,0.786755,0.092989,0.455201,-0.072222,-0.230828,-0.085766,-0.063609
7142,97691.682135098,-8.429733,10.786782,0.786432,0.087623,0.453619,-0.075936,-0.230773,-0.086168,-0.065080
7143,97691.687078946,-8.430072,10.784518,0.786091,0.082649,0.451830,-0.079436,-0.230718,-0.086570,-0.066551
7144,97691.692022793,-8.430388,10.782263,0.785731,0.078048,0.450076,-0.082564,-0.230663,-0.086973,-0.068023
7145,97691.696936123,-8.430680,10.780032,0.785358,0.074021,0.448134,-0.085599,-0.230608,-0.087372,-0.069485
7146,97691.701879971,-8.430954,10.777798,0.784967,0.070453,0.446946,-0.089446,-0.230553,-0.087775,-0.070956
7147,97691.706823819,-8.431211,10.775569,0.784557,0.066474,0.446882,-0.094050,-0.230498,-0.088177,-0.072427
7148,97691.711767666,-8.431449,10.773342,0.784124,0.061546,0.448180,-0.099390,-0.230443,-0.088579,-0.073899
7149,97691.716711514,-8.431663,10.771109,0.783664,0.055634,0.450808,-0.104965,-0.230388,-0.088981,-0.075370
7150,97691.721624844,-8.431846,10.768878,0.783179,0.048897,0.454103,-0.110456,-0.229498,-0.089791,-0.075811
7151,97691.726568692,-8.431997,10.766618,0.782664,0.041292,0.457467,-0.115645,-0.228602,-0.090605,-0.076255
7152,97691.731512539,-8.432110,10.764342,0.782123,0.032871,0.460164,-0.120618,-0.227706,-0.091420,-0.076698
7153,97691.736456387,-8.432180,10.762055,0.781557,0.024293,0.461465,-0.125620,-0.226811,-0.092235,-0.077142
7154,97691.741400235,-8.432209,10.759763,0.780965,0.016473,0.461469,-0.130874,-0.225915,-0.093049,-0.077585
7155,97691.746344082,-8.432200,10.757472,0.780347,0.010509,0.460416,-0.135983,-0.225019,-0.093864,-0.078029
7156,97691.751287930,-8.432161,10.755187,0.779703,0.006957,0.458900,-0.141097,-0.224123,-0.094679,-0.078473
7157,97691.756201260,-8.432106,10.752924,0.779038,0.005943,0.457340,-0.146282,-0.223233,-0.095488,-0.078913
7158,97691.761145108,-8.432047,10.750655,0.778343,0.007640,0.456005,-0.151670,-0.222337,-0.096303,-0.079357
7159,97691.766088955,-8.431996,10.748392,0.777621,0.011870,0.455360,-0.157204,-0.221442,-0.097118,-0.079801
7160,97691.771032803,-8.431967,10.746130,0.776872,0.018016,0.455253,-0.162789,-0.220546,-0.097932,-0.080244
7161,97691.775946133,-8.431969,10.743882,0.776101,0.025693,0.455703,-0.168193,-0.219656,-0.098742,-0.080685
7162,97691.780889981,-8.432009,10.741615,0.775299,0.034450,0.456604,-0.173097,-0.218760,-0.099557,-0.081129
7163,97691.785833828,-8.432092,10.739342,0.774473,0.043616,0.458078,-0.177448,-0.217864,-0.100371,-0.081572
7164,97691.790777676,-8.432221,10.737059,0.773626,0.052632,0.459914,-0.181045,-0.216968,-0.101186,-0.082016
7165,97691.795721524,-8.432394,10.734765,0.772763,0.060837,0.462154,-0.184184,-0.216073,-0.102001,-0.082460
7166,97691.800634854,-8.432605,10.732472,0.771890,0.068010,0.465145,-0.186962,-0.215183,-0.102810,-0.082900
7167,97691.805578702,-8.432854,10.730148,0.770999,0.074197,0.469067,-0.189270,-0.214287,-0.103625,-0.083344
7168,97691.810522549,-8.433132,10.727803,0.770097,0.078663,0.474000,-0.191280,-0.213391,-0.104440,-0.083788
7169,97691.815466397,-8.433431,10.725433,0.769186,0.081794,0.480177,-0.193299,-0.212495,-0.105254,-0.084231
7170,97691.820410244,-8.433744,10.723032,0.768265,0.083621,0.487551,-0.195653,-0.211599,-0.106069,-0.084675
7171,97691.825323575,-8.434063,10.720609,0.767339,0.084669,0.495776,-0.198935,-0.210709,-0.106879,-0.085116
7172,97691.830267422,-8.434388,10.718129,0.766392,0.085518,0.504829,-0.203026,-0.209814,-0.107693,-0.085559
7173,97691.835211270,-8.434715,10.715605,0.765425,0.086702,0.514329,-0.206905,-0.208918,-0.108508,-0.086003
7174,97691.840155118,-8.435046,10.713033,0.764439,0.088368,0.524114,-0.209561,-0.208022,-0.109323,-0.086447
7175,97691.845098965,-8.435384,10.710412,0.763441,0.090796,0.533270,-0.210718,-0.207126,-0.110137,-0.086890
7176,97691.850042813,-8.435731,10.707746,0.762439,0.093767,0.541877,-0.210231,-0.206230,-0.110952,-0.087334
7177,97691.854986661,-8.436092,10.705036,0.761439,0.096959,0.549678,-0.208911,-0.205335,-0.111767,-0.087777
7178,97691.859899991,-8.436464,10.702304,0.760452,0.099918,0.557213,-0.207846,-0.204445,-0.112576,-0.088218
7179,97691.864843838,-8.436851,10.699517,0.759466,0.102331,0.565304,-0.207269,-0.203549,-0.113391,-0.088662
7180,97691.869787686,-8.437248,10.696690,0.758483,0.104252,0.574562,-0.207455,-0.202653,-0.114206,-0.089105
7181,97691.874731534,-8.437653,10.693817,0.757499,0.106405,0.585284,-0.208253,-0.201757,-0.115020,-0.089549
7182,97691.879644864,-8.438064,10.690908,0.756519,0.109256,0.597644,-0.208450,-0.200867,-0.115830,-0.089990
7183,97691.884588711,-8.438489,10.687920,0.755533,0.113909,0.612145,-0.206383,-0.199971,-0.116644,-0.090434
7184,97691.889532559,-8.438933,10.684859,0.754558,0.120945,0.628461,-0.201574,-0.199076,-0.117459,-0.090877
7185,97691.894476407,-8.439408,10.681716,0.753608,0.130133,0.646336,-0.195635,-0.198180,-0.118274,-0.091321
7186,97691.899420254,-8.439924,10.678484,0.752689,0.141187,0.665370,-0.189725,-0.197284,-0.119088,-0.091764
7187,97691.904333584,-8.440487,10.675176,0.751807,0.153330,0.684877,-0.184692,-0.196394,-0.119898,-0.092205
7188,97691.909277432,-8.441109,10.671749,0.750947,0.165457,0.704921,-0.180524,-0.195498,-0.120713,-0.092649
7189,97691.914221280,-8.441785,10.668220,0.750109,0.177319,0.725092,-0.176447,-0.194602,-0.121527,-0.093092
7190,97691.919165127,-8.442516,10.664589,0.749293,0.188966,0.744934,-0.171498,-0.193707,-0.122342,-0.093536
7191,97691.924108975,-8.443300,10.660859,0.748504,0.200302,0.763884,-0.165497,-0.192811,-0.123157,-0.093980
7192,97691.929052823,-8.444135,10.657032,0.747747,0.211476,0.781954,-0.158269,-0.191915,-0.123971,-0.094423
7193,97691.933996670,-8.445021,10.653115,0.747027,0.222373,0.799716,-0.150238,-0.191019,-0.124786,-0.094867
7194,97691.938940518,-8.445956,10.649108,0.746349,0.232929,0.817586,-0.141873,-0.190124,-0.125601,-0.095310
7195,97691.943884366,-8.446939,10.645010,0.745714,0.242899,0.835771,-0.133938,-0.189228,-0.126415,-0.095754
7196,97691.948797696,-8.447960,10.640848,0.745123,0.252270,0.854060,-0.126650,-0.188338,-0.127225,-0.096195
7197,97691.953741543,-8.449029,10.636567,0.744567,0.261238,0.872744,-0.119758,-0.187442,-0.128040,-0.096639
7198,97691.958654873,-8.450131,10.632220,0.744050,0.269674,0.891215,-0.113684,-0.186552,-0.128849,-0.097079
7199,97691.963598721,-8.451278,10.627753,0.743562,0.277534,0.909122,-0.108399,-0.185656,-0.129664,-0.097523
7200,97691.968542569,-8.452458,10.623196,0.743101,0.284631,0.926356,-0.103652,-0.183393,-0.128581,-0.098799
7201,97691.973486416,-8.453670,10.618553,0.742665,0.290936,0.943658,-0.098804,-0.181131,-0.127499,-0.100075
7202,97691.978430264,-8.454909,10.613823,0.742255,0.296473,0.961879,-0.092295,-0.178868,-0.126416,-0.101351
7203,97691.983374112,-8.456171,10.609003,0.741878,0.301636,0.981283,-0.082963,-0.176606,-0.125334,-0.102626
7204,97691.988287442,-8.457445,10.604116,0.741551,0.306732,1.001341,-0.071435,-0.174357,-0.124258,-0.103894
7205,97691.993231289,-8.458747,10.599100,0.741281,0.311292,1.021877,-0.058643,-0.172095,-0.123175,-0.105170
7206,97691.998175137,-8.460067,10.593982,0.741075,0.315224,1.043046,-0.045408,-0.169832,-0.122093,-0.106446
7207,97692.003118985,-8.461400,10.588760,0.740937,0.318706,1.065365,-0.031823,-0.167570,-0.121010,-0.107722
7208,97692.008032315,-8.462736,10.583460,0.740867,0.322093,1.088915,-0.018100,-0.165321,-0.119934,-0.108990
7209,97692.012976162,-8.464092,10.578012,0.740867,0.326057,1.114206,-0.004266,-0.163059,-0.118851,-0.110266
7210,97692.017950528,-8.465469,10.572404,0.740937,0.331605,1.140830,0.009615,-0.160782,-0.117762,-0.111549
7211,97692.022894375,-8.466858,10.566698,0.741078,0.338819,1.167507,0.023029,-0.158520,-0.116680,-0.112825
7212,97692.027838223,-8.468276,10.560861,0.741287,0.348173,1.193700,0.036850,-0.156257,-0.115597,-0.114101
7213,97692.032782071,-8.469733,10.554892,0.741566,0.359421,1.218854,0.051838,-0.153995,-0.114514,-0.115377
7214,97692.037725918,-8.471239,10.548798,0.741922,0.372489,1.242018,0.067082,-0.151732,-0.113432,-0.116653
7215,97692.042669766,-8.472804,10.542588,0.742356,0.386363,1.262817,0.081401,-0.149469,-0.112349,-0.117928
7216,97692.047583096,-8.474422,10.536312,0.742859,0.399410,1.281243,0.094742,-0.147221,-0.111273,-0.119196
7217,97692.052526944,-8.476109,10.529903,0.743434,0.410586,1.296493,0.108584,-0.144958,-0.110191,-0.120472
7218,97692.057470791,-8.477847,10.523418,0.744079,0.419686,1.308105,0.123395,-0.142696,-0.109108,-0.121748
7219,97692.062384121,-8.479616,10.516915,0.744794,0.427067,1.317614,0.137941,-0.140447,-0.108032,-0.123016
7220,97692.067297452,-8.481418,10.510365,0.745581,0.432998,1.326290,0.150895,-0.138199,-0.106956,-0.124284
7221,97692.072241299,-8.483257,10.503731,0.746439,0.437682,1.333998,0.162679,-0.135936,-0.105874,-0.125560
7222,97692.077185147,-8.485117,10.497058,0.747355,0.440924,1.340168,0.173625,-0.133674,-0.104791,-0.126835
7223,97692.082128994,-8.486991,10.490355,0.748326,0.441241,1.346375,0.185231,-0.131411,-0.103709,-0.128111
7224,97692.087072842,-8.488864,10.483622,0.749355,0.438221,1.352774,0.198012,-0.129149,-0.102626,-0.129387
7225,97692.091986172,-8.490708,10.476900,0.750441,0.430469,1.358432,0.212646,-0.126900,-0.101550,-0.130655
7226,97692.096930020,-8.492524,10.470111,0.751605,0.420821,1.361192,0.226881,-0.124638,-0.100467,-0.131931
7227,97692.101873868,-8.494290,10.463312,0.752839,0.411948,1.358580,0.241339,-0.122375,-0.099385,-0.133207
7228,97692.106817715,-8.496012,10.456529,0.754144,0.403595,1.349938,0.257719,-0.120679,-0.098136,-0.133415
7229,97692.111761563,-8.497693,10.449791,0.755529,0.394878,1.335696,0.276811,-0.118983,-0.096887,-0.133622
7230,97692.116674893,-8.499323,10.443167,0.756997,0.385390,1.316205,0.297322,-0.117297,-0.095645,-0.133829
7231,97692.121618741,-8.500919,10.436602,0.758574,0.375097,1.291598,0.317790,-0.115601,-0.094396,-0.134037
7232,97692.126593106,-8.502477,10.430122,0.760261,0.364280,1.263163,0.336694,-0.113894,-0.093139,-0.134246
7233,97692.131506436,-8.503969,10.423865,0.762017,0.353925,1.233484,0.352794,-0.112209,-0.091898,-0.134452
7234,97692.136450284,-8.505423,10.417719,0.763861,0.344735,1.203984,0.366933,-0.110513,-0.090649,-0.134660
7235,97692.141394131,-8.506838,10.411721,0.765772,0.336917,1.176304,0.380348,-0.108817,-0.089399,-0.134868
7236,97692.146337979,-8.508219,10.405863,0.767748,0.330563,1.151351,0.393344,-0.107120,-0.088150,-0.135075
7237,97692.151251309,-8.509564,10.400166,0.769773,0.326024,1.129405,0.405953,-0.105435,-0.086909,-0.135282
7238,97692.156195157,-8.510900,10.394543,0.771871,0.322423,1.109739,0.417425,-0.103739,-0.085660,-0.135490
7239,97692.161139004,-8.512221,10.389019,0.774025,0.319966,1.092804,0.427072,-0.102042,-0.084411,-0.135698
7240,97692.166082852,-8.513533,10.383579,0.776225,0.318633,1.079247,0.434491,-0.100346,-0.083161,-0.135905
7241,97692.170996182,-8.514833,10.378241,0.778447,0.318652,1.069155,0.439502,-0.098661,-0.081920,-0.136112
7242,97692.175940030,-8.516143,10.372919,0.780707,0.320074,1.062713,0.442174,-0.096965,-0.080671,-0.136320
7243,97692.180883877,-8.517461,10.367630,0.782980,0.322383,1.060365,0.442791,-0.095268,-0.079422,-0.136527
7244,97692.185827725,-8.518791,10.362351,0.785257,0.325248,1.061603,0.441790,-0.093572,-0.078172,-0.136735
7245,97692.190771573,-8.520135,10.357065,0.787528,0.328173,1.065635,0.439991,-0.091876,-0.076923,-0.136943
7246,97692.195715420,-8.521492,10.351759,0.789791,0.330587,1.071423,0.438300,-0.090180,-0.075674,-0.137151
7247,97692.200628750,-8.522852,10.346457,0.792032,0.332993,1.077326,0.436157,-0.088494,-0.074433,-0.137357
7248,97692.205572598,-8.524231,10.341092,0.794277,0.335961,1.082309,0.433229,-0.086798,-0.073184,-0.137565
7249,97692.210516446,-8.525624,10.335701,0.796509,0.339716,1.085263,0.429339,-0.085102,-0.071934,-0.137773
7250,97692.215460293,-8.527035,10.330295,0.798721,0.343649,1.085447,0.423784,-0.085102,-0.070357,-0.137788
7251,97692.220373623,-8.528457,10.324920,0.800893,0.347245,1.082178,0.416747,-0.085102,-0.068790,-0.137803
7252,97692.225317471,-8.529907,10.319526,0.803043,0.350623,1.075240,0.408493,-0.085102,-0.067213,-0.137818
7253,97692.230261319,-8.531376,10.314166,0.805153,0.354116,1.065154,0.399378,-0.085102,-0.065635,-0.137832
7254,97692.235205166,-8.532865,10.308854,0.807217,0.357867,1.052288,0.389746,-0.085101,-0.064058,-0.137847
7255,97692.240149014,-8.534375,10.303604,0.809233,0.361518,1.036788,0.379574,-0.085101,-0.062481,-0.137862
7256,97692.245092862,-8.535908,10.298429,0.811198,0.365267,1.018759,0.368718,-0.085101,-0.060904,-0.137877
7257,97692.250006192,-8.537455,10.293374,0.813097,0.369849,0.999169,0.357425,-0.085101,-0.059336,-0.137892
7258,97692.254950039,-8.539038,10.288382,0.814951,0.375778,0.978554,0.345576,-0.085101,-0.057759,-0.137907
7259,97692.259893887,-8.540657,10.283489,0.816746,0.382327,0.957502,0.332977,-0.085101,-0.056182,-0.137922
7260,97692.264837735,-8.542313,10.278699,0.818477,0.388849,0.936312,0.319356,-0.085101,-0.054605,-0.137937
7261,97692.269781582,-8.544007,10.274011,0.820141,0.394905,0.914988,0.304414,-0.085100,-0.053028,-0.137952
7262,97692.274694912,-8.545726,10.269454,0.821720,0.400389,0.893900,0.288157,-0.085100,-0.051460,-0.137967
7263,97692.279638760,-8.547488,10.264971,0.823227,0.405736,0.873859,0.269512,-0.085100,-0.049883,-0.137982
7264,97692.284582608,-8.549283,10.260584,0.824642,0.410602,0.855256,0.248840,-0.085100,-0.048306,-0.137997
7265,97692.289526455,-8.551107,10.256287,0.825954,0.414899,0.837798,0.226218,-0.085100,-0.046729,-0.138012
7266,97692.294439786,-8.552946,10.252100,0.827146,0.418706,0.821669,0.201952,-0.085100,-0.045161,-0.138027
7267,97692.299383633,-8.554821,10.247964,0.828224,0.421806,0.806918,0.175668,-0.085099,-0.043584,-0.138042
7268,97692.304327481,-8.556716,10.243899,0.829172,0.424025,0.793420,0.148018,-0.085099,-0.042007,-0.138056
7269,97692.309271328,-8.558627,10.239898,0.829983,0.425113,0.781221,0.119173,-0.085099,-0.040430,-0.138071
7270,97692.314215176,-8.560548,10.235955,0.830650,0.424844,0.770572,0.089456,-0.085099,-0.038852,-0.138086
7271,97692.319159024,-8.562472,10.232063,0.831170,0.423584,0.760828,0.058856,-0.085099,-0.037275,-0.138101
7272,97692.324102871,-8.564395,10.228218,0.831538,0.421318,0.751817,0.027819,-0.085099,-0.035698,-0.138116
7273,97692.329046719,-8.566310,10.224415,0.831752,0.418044,0.743284,-0.002862,-0.085099,-0.034121,-0.138131
7274,97692.333960049,-8.568201,10.220677,0.831813,0.413601,0.735122,-0.033060,-0.085098,-0.032553,-0.138146
7275,97692.338903897,-8.570087,10.216955,0.831724,0.408205,0.726795,-0.063268,-0.085098,-0.030976,-0.138161
7276,97692.343847744,-8.571949,10.213273,0.831485,0.401703,0.718221,-0.093416,-0.085098,-0.029399,-0.138176
7277,97692.348791592,-8.573784,10.209633,0.831096,0.394024,0.709564,-0.123570,-0.085098,-0.027822,-0.138191
7278,97692.353735440,-8.575584,10.206036,0.830557,0.384908,0.700742,-0.153981,-0.085098,-0.026245,-0.138206
7279,97692.358648770,-8.577333,10.202504,0.829871,0.374787,0.692201,-0.184464,-0.085098,-0.024677,-0.138221
7280,97692.363592618,-8.579047,10.198992,0.829029,0.363705,0.683545,-0.215368,-0.085098,-0.023100,-0.138236
7281,97692.368536465,-8.580710,10.195524,0.828032,0.352432,0.674811,-0.246600,-0.085097,-0.021523,-0.138251
7282,97692.373449795,-8.582311,10.192121,0.826887,0.341728,0.665917,-0.277566,-0.085097,-0.019955,-0.138265
7283,97692.378393643,-8.583874,10.188741,0.825580,0.331586,0.657203,-0.307721,-0.085097,-0.018378,-0.138280
7284,97692.383337491,-8.585391,10.185404,0.824123,0.322190,0.648423,-0.336066,-0.085097,-0.016801,-0.138295
7285,97692.388281338,-8.586865,10.182111,0.822525,0.313838,0.639306,-0.361277,-0.085097,-0.015224,-0.138310
7286,97692.393225186,-8.588302,10.178863,0.820800,0.306589,0.629558,-0.382187,-0.085097,-0.013646,-0.138325
7287,97692.398169034,-8.589707,10.175663,0.818972,0.300322,0.618612,-0.397518,-0.085097,-0.012069,-0.138340
7288,97692.403082364,-8.591075,10.172537,0.817078,0.294592,0.606302,-0.405898,-0.085096,-0.010502,-0.138355
7289,97692.408026211,-8.592427,10.169453,0.815130,0.289524,0.594400,-0.406556,-0.085096,-0.008925,-0.138370
7290,97692.412970059,-8.593757,10.166430,0.813177,0.284950,0.586456,-0.398667,-0.085096,-0.007347,-0.138385
7291,97692.417913907,-8.595066,10.163446,0.811263,0.279768,0.584372,-0.381594,-0.085096,-0.005770,-0.138400
7292,97692.422857754,-8.596348,10.160476,0.809433,0.273035,0.589919,-0.358262,-0.085096,-0.004193,-0.138415
7293,97692.427801602,-8.597593,10.157481,0.807717,0.263448,0.604571,-0.332443,-0.085096,-0.002616,-0.138430
7294,97692.432745450,-8.598787,10.154417,0.806130,0.250288,0.626561,-0.305666,-0.085096,-0.001039,-0.138445
7295,97692.437658780,-8.599902,10.151269,0.804684,0.234114,0.653359,-0.279919,-0.085095,0.000529,-0.138460
7296,97692.442602627,-8.600936,10.147973,0.803357,0.215108,0.684171,-0.257589,-0.085095,0.002106,-0.138475
7297,97692.447546475,-8.601868,10.144532,0.802141,0.193542,0.718155,-0.239614,-0.085095,0.003683,-0.138490
7298,97692.452490323,-8.602685,10.140928,0.801014,0.170478,0.754598,-0.224472,-0.085095,0.005260,-0.138504
7299,97692.457403653,-8.603375,10.137174,0.799968,0.148918,0.792686,-0.210693,-0.085095,0.006828,-0.138519
7300,97692.462347500,-8.603953,10.133213,0.798985,0.130506,0.832406,-0.196453,-0.086057,0.006560,-0.137050
7301,97692.467291348,-8.604431,10.129062,0.798074,0.116270,0.873347,-0.180193,-0.087020,0.006291,-0.135580
7302,97692.472235196,-8.604828,10.124712,0.797244,0.107549,0.916203,-0.160289,-0.087982,0.006023,-0.134111
7303,97692.477179043,-8.605172,10.120154,0.796515,0.106183,0.961740,-0.136337,-0.088945,0.005754,-0.132641
7304,97692.482122891,-8.605497,10.115372,0.795906,0.112477,1.010259,-0.109334,-0.089907,0.005486,-0.131172
7305,97692.487036221,-8.605838,10.110383,0.795438,0.124140,1.060758,-0.081825,-0.090864,0.005219,-0.129711
7306,97692.491980069,-8.606227,10.105112,0.795106,0.137628,1.111375,-0.056658,-0.091827,0.004951,-0.128242
7307,97692.496923916,-8.606669,10.099590,0.794903,0.149573,1.158325,-0.037004,-0.092789,0.004683,-0.126772
7308,97692.501867764,-8.607158,10.093834,0.794800,0.158025,1.199407,-0.024611,-0.093752,0.004414,-0.125303
7309,97692.506811612,-8.607680,10.087875,0.794762,0.162881,1.233668,-0.019506,-0.094714,0.004146,-0.123833
7310,97692.511724942,-8.608214,10.081784,0.794752,0.164892,1.260429,-0.020846,-0.095671,0.003879,-0.122373
7311,97692.516668789,-8.608756,10.075522,0.794736,0.165303,1.279517,-0.028058,-0.096633,0.003611,-0.120904
7312,97692.521612637,-8.609297,10.069165,0.794686,0.165298,1.290134,-0.040698,-0.097596,0.003342,-0.119434
7313,97692.526556485,-8.609835,10.062755,0.794575,0.166019,1.291812,-0.058731,-0.098558,0.003074,-0.117965
7314,97692.531500332,-8.610379,10.056336,0.794374,0.168109,1.284686,-0.081797,-0.099521,0.002806,-0.116495
7315,97692.536474698,-8.610939,10.049910,0.794057,0.172173,1.269310,-0.108345,-0.100489,0.002536,-0.115017
7316,97692.541418545,-8.611521,10.043597,0.793610,0.177843,1.246261,-0.134574,-0.101452,0.002267,-0.113547
7317,97692.546331875,-8.612135,10.037434,0.793037,0.185149,1.217530,-0.156175,-0.102408,0.002001,-0.112087
7318,97692.551275723,-8.612795,10.031371,0.792351,0.194087,1.185428,-0.168581,-0.103371,0.001732,-0.110617
7319,97692.556219571,-8.613508,10.025464,0.791603,0.203729,1.152615,-0.167223,-0.104333,0.001464,-0.109148
7320,97692.561132901,-8.614271,10.019752,0.790865,0.213012,1.119527,-0.149519,-0.105290,0.001197,-0.107687
7321,97692.566076748,-8.615091,10.014167,0.790209,0.221450,1.085753,-0.113917,-0.106252,0.000929,-0.106218
7322,97692.571020596,-8.615956,10.008750,0.789728,0.228452,1.051888,-0.065010,-0.107215,0.000660,-0.104748
7323,97692.575964444,-8.616861,10.003502,0.789486,0.234019,1.018528,-0.016097,-0.108177,0.000392,-0.103279
7324,97692.580908291,-8.617796,9.998420,0.789485,0.234015,0.984901,0.032156,-0.109140,0.000124,-0.101809
7325,97692.585821621,-8.618730,9.993537,0.789719,0.223039,0.950321,0.079488,-0.110096,-0.000143,-0.100349
7326,97692.590765469,-8.619619,9.988801,0.790185,0.198762,0.915263,0.126289,-0.111059,-0.000411,-0.098879
7327,97692.595709317,-8.620393,9.984245,0.790879,0.165104,0.884200,0.168847,-0.112022,-0.000680,-0.097410
7328,97692.600653164,-8.621004,9.979854,0.791779,0.125717,0.866568,0.188439,-0.112984,-0.000948,-0.095940
7329,97692.605597012,-8.621423,9.975558,0.792771,0.083953,0.864736,0.184334,-0.113947,-0.001216,-0.094471
7330,97692.610540860,-8.621636,9.971281,0.793741,0.043500,0.876461,0.163698,-0.114909,-0.001485,-0.093001
7331,97692.615454190,-8.621649,9.966980,0.794600,0.006617,0.895081,0.129453,-0.115866,-0.001751,-0.091541
7332,97692.620398037,-8.621478,9.962566,0.795294,-0.027258,0.912975,0.082341,-0.116828,-0.002020,-0.090072
7333,97692.625311368,-8.621141,9.958096,0.795751,-0.057691,0.924615,0.028170,-0.117785,-0.002287,-0.088611
7334,97692.630285733,-8.620650,9.953516,0.795942,-0.084603,0.927328,-0.025513,-0.118753,-0.002557,-0.087133
7335,97692.635229580,-8.620032,9.948953,0.795865,-0.107946,0.919901,-0.071299,-0.119716,-0.002825,-0.085663
7336,97692.640142911,-8.619309,9.944457,0.795562,-0.128708,0.902071,-0.105419,-0.120672,-0.003092,-0.084203
7337,97692.645056241,-8.618490,9.940050,0.795088,-0.144993,0.873542,-0.127515,-0.121629,-0.003358,-0.082742
7338,97692.650000088,-8.617593,9.935759,0.794499,-0.153548,0.834067,-0.139766,-0.122591,-0.003627,-0.081273
7339,97692.654943936,-8.616664,9.931665,0.793847,-0.151662,0.785162,-0.143473,-0.123554,-0.003895,-0.079803
7340,97692.659887784,-8.615754,9.927811,0.793173,-0.137467,0.729888,-0.139078,-0.124516,-0.004163,-0.078334
7341,97692.664801114,-8.614932,9.924249,0.792524,-0.109565,0.672741,-0.127020,-0.125473,-0.004430,-0.076873
7342,97692.669744961,-8.614254,9.920942,0.791928,-0.068700,0.618147,-0.110706,-0.126435,-0.004699,-0.075404
7343,97692.674688809,-8.613788,9.917897,0.791412,-0.017848,0.571421,-0.093700,-0.127398,-0.004967,-0.073934
7344,97692.679632657,-8.613582,9.915073,0.790982,0.038228,0.537087,-0.079006,-0.128361,-0.005235,-0.072465
7345,97692.684576504,-8.613660,9.912408,0.790627,0.093586,0.517102,-0.069071,-0.129323,-0.005504,-0.070995
7346,97692.689489834,-8.614013,9.909845,0.790325,0.142469,0.509990,-0.064738,-0.130280,-0.005770,-0.069535
7347,97692.694433682,-8.614610,9.907291,0.790046,0.182359,0.512751,-0.064907,-0.131242,-0.006039,-0.068065
7348,97692.699377530,-8.615404,9.904716,0.789770,0.211951,0.521069,-0.068331,-0.132205,-0.006307,-0.066596
7349,97692.704321377,-8.616342,9.902092,0.789479,0.230881,0.530065,-0.073601,-0.133167,-0.006575,-0.065126
7350,97692.709265225,-8.617373,9.899419,0.789164,0.239108,0.536753,-0.079381,-0.133595,-0.007491,-0.064126
7351,97692.714209073,-8.618442,9.896712,0.788821,0.237583,0.539684,-0.084358,-0.134023,-0.008407,-0.063125
7352,97692.719122403,-8.619498,9.894007,0.788457,0.228574,0.538949,-0.088029,-0.134449,-0.009317,-0.062131
7353,97692.724035733,-8.620510,9.891307,0.788073,0.214374,0.535643,-0.090791,-0.134874,-0.010227,-0.061136
7354,97692.728979580,-8.621458,9.888609,0.787672,0.197253,0.531719,-0.093649,-0.135302,-0.011143,-0.060136
7355,97692.733953946,-8.622329,9.885918,0.787253,0.179540,0.528682,-0.097000,-0.135733,-0.012064,-0.059129
7356,97692.738897793,-8.623108,9.883262,0.786819,0.163009,0.527276,-0.100855,-0.136161,-0.012980,-0.058128
7357,97692.743841641,-8.623806,9.880616,0.786364,0.148823,0.527280,-0.105283,-0.136589,-0.013896,-0.057128
7358,97692.748785489,-8.624433,9.877973,0.785886,0.137452,0.527607,-0.110025,-0.137017,-0.014812,-0.056127
7359,97692.753698819,-8.625002,9.875347,0.785387,0.129007,0.527281,-0.114852,-0.137443,-0.015722,-0.055133
7360,97692.758642666,-8.625533,9.872708,0.784861,0.123006,0.525653,-0.119357,-0.137871,-0.016638,-0.054132
7361,97692.763586514,-8.626034,9.870078,0.784311,0.118554,0.523024,-0.123118,-0.138299,-0.017554,-0.053131
7362,97692.768499844,-8.626512,9.867478,0.783746,0.115354,0.519527,-0.126013,-0.138724,-0.018464,-0.052137
7363,97692.773443692,-8.626978,9.864879,0.783163,0.112725,0.515450,-0.128575,-0.139152,-0.019379,-0.051136
7364,97692.778387539,-8.627432,9.862301,0.782567,0.109964,0.510997,-0.131243,-0.139580,-0.020295,-0.050136
7365,97692.783331387,-8.627873,9.859745,0.781957,0.106768,0.506559,-0.134392,-0.140009,-0.021211,-0.049135
7366,97692.788275235,-8.628300,9.857212,0.781331,0.103055,0.503077,-0.138005,-0.140437,-0.022127,-0.048134
7367,97692.793219082,-8.628710,9.854696,0.780687,0.098592,0.500636,-0.142419,-0.140908,-0.022888,-0.047179
7368,97692.798132412,-8.629095,9.852209,0.780024,0.093359,0.499597,-0.147631,-0.141377,-0.023644,-0.046229
7369,97692.803076260,-8.629458,9.849712,0.779331,0.087042,0.500018,-0.153258,-0.141849,-0.024406,-0.045273
7370,97692.808020108,-8.629791,9.847214,0.778610,0.079842,0.501360,-0.159536,-0.142321,-0.025167,-0.044318
7371,97692.812963955,-8.630087,9.844711,0.777857,0.071590,0.503359,-0.165971,-0.142793,-0.025928,-0.043362
7372,97692.817877286,-8.630342,9.842214,0.777077,0.062506,0.504940,-0.172212,-0.143262,-0.026685,-0.042412
7373,97692.822821133,-8.630553,9.839696,0.776261,0.053187,0.505646,-0.178404,-0.143734,-0.027446,-0.041456
7374,97692.827734463,-8.630718,9.837192,0.775418,0.044822,0.505823,-0.184223,-0.144202,-0.028202,-0.040507
7375,97692.832708828,-8.630843,9.834657,0.774536,0.037956,0.505319,-0.189460,-0.144677,-0.028968,-0.039545
7376,97692.837683194,-8.630935,9.832125,0.773627,0.033882,0.504659,-0.194364,-0.145152,-0.029734,-0.038584
7377,97692.842627041,-8.631006,9.829613,0.772699,0.032884,0.504153,-0.199208,-0.145624,-0.030495,-0.037628
7378,97692.847570889,-8.631074,9.827104,0.771747,0.034487,0.503820,-0.204288,-0.146096,-0.031256,-0.036672
7379,97692.852514737,-8.631149,9.824595,0.770770,0.038052,0.503579,-0.209616,-0.146567,-0.032018,-0.035717
7380,97692.857428067,-8.631242,9.822102,0.769773,0.042798,0.503637,-0.214868,-0.147036,-0.032774,-0.034767
7381,97692.862371914,-8.631359,9.819592,0.768744,0.048390,0.503955,-0.219705,-0.147508,-0.033535,-0.033811
7382,97692.867315762,-8.631504,9.817079,0.767692,0.054817,0.504883,-0.224122,-0.147980,-0.034297,-0.032855
7383,97692.872259610,-8.631681,9.814559,0.766618,0.061685,0.506483,-0.228640,-0.148452,-0.035058,-0.031900
7384,97692.877172940,-8.631891,9.812046,0.765530,0.068786,0.508769,-0.233151,-0.148921,-0.035814,-0.030950
7385,97692.882147305,-8.632138,9.809488,0.764406,0.076209,0.512013,-0.237036,-0.149395,-0.036580,-0.029988
7386,97692.887060635,-8.632419,9.806944,0.763278,0.083493,0.516120,-0.240057,-0.149864,-0.037337,-0.029039
7387,97692.891973965,-8.632734,9.804377,0.762135,0.091072,0.521176,-0.241817,-0.150333,-0.038093,-0.028089
7388,97692.896917813,-8.633088,9.801769,0.760978,0.098745,0.526660,-0.242621,-0.150805,-0.038854,-0.027133
7389,97692.901861661,-8.633479,9.799131,0.759818,0.106096,0.532608,-0.242749,-0.151277,-0.039615,-0.026178
7390,97692.906774991,-8.633902,9.796479,0.758665,0.112903,0.538914,-0.241961,-0.151746,-0.040372,-0.025228
7391,97692.911718838,-8.634359,9.793777,0.757509,0.119226,0.545584,-0.239998,-0.152217,-0.041133,-0.024272
7392,97692.916662686,-8.634847,9.791042,0.756365,0.124937,0.552972,-0.237107,-0.152689,-0.041894,-0.023316
7393,97692.921606534,-8.635361,9.788269,0.755235,0.130027,0.561225,-0.233803,-0.153161,-0.042656,-0.022361
7394,97692.926550381,-8.635898,9.785454,0.754123,0.134172,0.570283,-0.230675,-0.153633,-0.043417,-0.021405
7395,97692.931463711,-8.636449,9.782612,0.753033,0.137122,0.580161,-0.228289,-0.154102,-0.044173,-0.020455
7396,97692.936438077,-8.637020,9.779685,0.751943,0.139351,0.591081,-0.226418,-0.154577,-0.044939,-0.019494
7397,97692.941351407,-8.637593,9.776739,0.750876,0.140792,0.602326,-0.225616,-0.155045,-0.045696,-0.018544
7398,97692.946295254,-8.638173,9.773720,0.749808,0.141288,0.614203,-0.225302,-0.155517,-0.046457,-0.017588
7399,97692.951239102,-8.638754,9.770642,0.748741,0.142243,0.627587,-0.222865,-0.155989,-0.047218,-0.016633
7400,97692.956152432,-8.639332,9.767517,0.747694,0.145035,0.642224,-0.216937,-0.154860,-0.045878,-0.017056
7401,97692.961096280,-8.639924,9.764300,0.746671,0.150055,0.657558,-0.208623,-0.154710,-0.044189,-0.018210
7402,97692.966040127,-8.640537,9.761007,0.745690,0.156176,0.673220,-0.199758,-0.154561,-0.042500,-0.019365
7403,97692.970983975,-8.641177,9.757636,0.744755,0.162960,0.689466,-0.191369,-0.154411,-0.040811,-0.020519
7404,97692.975927823,-8.641845,9.754183,0.743862,0.170856,0.706856,-0.183541,-0.154262,-0.039122,-0.021673
7405,97692.980841153,-8.642544,9.750666,0.743015,0.180082,0.725161,-0.176440,-0.154113,-0.037443,-0.022820
7406,97692.985785000,-8.643289,9.747034,0.742200,0.190865,0.743514,-0.169792,-0.153963,-0.035754,-0.023974
7407,97692.990728848,-8.644082,9.743310,0.741420,0.203174,0.761269,-0.163251,-0.153814,-0.034066,-0.025129
7408,97692.995672696,-8.644932,9.739496,0.740673,0.217070,0.777901,-0.156355,-0.153664,-0.032377,-0.026283
7409,97693.000616543,-8.645846,9.735598,0.739963,0.232269,0.793918,-0.148628,-0.153515,-0.030688,-0.027437
7410,97693.005529873,-8.646825,9.731642,0.739297,0.248232,0.809830,-0.140265,-0.153366,-0.029009,-0.028584
7411,97693.010473721,-8.647885,9.727580,0.738671,0.264746,0.825854,-0.131664,-0.153217,-0.027320,-0.029739
7412,97693.015417569,-8.649022,9.723435,0.738089,0.281343,0.842143,-0.123340,-0.153067,-0.025631,-0.030893
7413,97693.020330899,-8.650230,9.719234,0.737554,0.297303,0.858652,-0.115416,-0.152919,-0.023953,-0.032040
7414,97693.025274746,-8.651520,9.714921,0.737057,0.312361,0.876018,-0.107631,-0.152769,-0.022264,-0.033194
7415,97693.030218594,-8.652880,9.710521,0.736601,0.325928,0.893460,-0.099702,-0.152620,-0.020575,-0.034348
7416,97693.035162442,-8.654302,9.706031,0.736186,0.337579,0.910488,-0.092036,-0.152470,-0.018886,-0.035503
7417,97693.040106289,-8.655778,9.701456,0.735810,0.347323,0.927024,-0.084572,-0.152321,-0.017197,-0.036657
7418,97693.045050137,-8.657298,9.696797,0.735474,0.355048,0.943494,-0.076975,-0.152171,-0.015508,-0.037811
7419,97693.049993985,-8.658852,9.692056,0.735176,0.360593,0.960978,-0.067687,-0.152022,-0.013819,-0.038965
7420,97693.054937832,-8.660429,9.687227,0.734926,0.364599,0.979445,-0.056521,-0.151872,-0.012130,-0.040120
7421,97693.059851162,-8.662011,9.682338,0.734733,0.367077,0.998298,-0.044502,-0.151723,-0.010452,-0.041267
7422,97693.064795010,-8.663610,9.677326,0.734600,0.368068,1.017978,-0.031643,-0.151574,-0.008763,-0.042421
7423,97693.069738858,-8.665209,9.672216,0.734532,0.367724,1.039362,-0.018171,-0.151424,-0.007074,-0.043575
7424,97693.074682705,-8.666800,9.667003,0.734532,0.366945,1.062733,-0.003898,-0.151275,-0.005385,-0.044730
7425,97693.079626553,-8.668381,9.661674,0.734604,0.366169,1.087869,0.011246,-0.151125,-0.003696,-0.045884
7426,97693.084539883,-8.669943,9.656257,0.734751,0.365898,1.113754,0.026594,-0.150977,-0.002018,-0.047031
7427,97693.089483731,-8.671506,9.650679,0.734976,0.366491,1.139126,0.040865,-0.150827,-0.000329,-0.048185
7428,97693.094427578,-8.673065,9.644976,0.735273,0.368371,1.163453,0.053007,-0.150678,0.001360,-0.049340
7429,97693.099371426,-8.674628,9.639154,0.735632,0.371931,1.187103,0.064753,-0.150528,0.003049,-0.050494
7430,97693.104315274,-8.676202,9.633215,0.736051,0.377416,1.210678,0.076760,-0.150379,0.004738,-0.051648
7431,97693.109228604,-8.677788,9.627196,0.736528,0.384524,1.233731,0.088920,-0.150230,0.006417,-0.052795
7432,97693.114202969,-8.679422,9.620987,0.737073,0.392513,1.255523,0.100938,-0.150080,0.008116,-0.053957
7433,97693.119146817,-8.681080,9.614708,0.737677,0.399901,1.273628,0.112911,-0.149930,0.009805,-0.055111
7434,97693.124090664,-8.682770,9.608339,0.738341,0.406589,1.286825,0.125239,-0.149781,0.011494,-0.056265
7435,97693.129034512,-8.684490,9.601903,0.739067,0.412635,1.296333,0.137117,-0.149631,0.013183,-0.057419
7436,97693.133978360,-8.686236,9.595420,0.739853,0.417532,1.303995,0.147843,-0.149482,0.014872,-0.058574
7437,97693.138922207,-8.688004,9.588899,0.740693,0.421835,1.310325,0.158338,-0.149332,0.016561,-0.059728
7438,97693.143835537,-8.689780,9.582387,0.741580,0.425181,1.315122,0.169306,-0.149183,0.018239,-0.060875
7439,97693.148779385,-8.691582,9.575811,0.742527,0.426952,1.319842,0.181520,-0.149034,0.019928,-0.062029
7440,97693.153723233,-8.693391,9.569212,0.743535,0.425533,1.325019,0.196196,-0.148884,0.021617,-0.063183
7441,97693.158667080,-8.695190,9.562588,0.744616,0.419404,1.329424,0.213827,-0.148735,0.023306,-0.064338
7442,97693.163610928,-8.696957,9.555945,0.745783,0.412061,1.330605,0.230000,-0.148585,0.024995,-0.065492
7443,97693.168524258,-8.698676,9.549340,0.747023,0.405924,1.326395,0.245176,-0.148437,0.026673,-0.066639
7444,97693.173437588,-8.700364,9.542758,0.748336,0.400536,1.315859,0.261522,-0.148288,0.028352,-0.067786
7445,97693.178381436,-8.702037,9.536189,0.749737,0.394733,1.299631,0.280061,-0.148139,0.030041,-0.068941
7446,97693.183325284,-8.703684,9.529703,0.751229,0.387760,1.278441,0.300070,-0.147989,0.031730,-0.070095
7447,97693.188238614,-8.705290,9.523363,0.752808,0.379812,1.253061,0.320232,-0.147841,0.033408,-0.071242
7448,97693.193182461,-8.706870,9.517113,0.754494,0.371117,1.224230,0.339332,-0.147691,0.035097,-0.072396
7449,97693.198126309,-8.708413,9.511008,0.756272,0.362406,1.194104,0.356245,-0.147542,0.036786,-0.073550
7450,97693.203070157,-8.709918,9.505054,0.758131,0.354411,1.164079,0.370627,-0.145856,0.038087,-0.073043
7451,97693.208014004,-8.711388,9.499252,0.760059,0.347241,1.135604,0.383439,-0.144170,0.039387,-0.072536
7452,97693.212957852,-8.712829,9.493593,0.762048,0.341303,1.109524,0.395617,-0.142485,0.040688,-0.072028
7453,97693.217871182,-8.714236,9.488098,0.764083,0.336452,1.085992,0.406938,-0.140810,0.041981,-0.071524
7454,97693.222784512,-8.715624,9.482721,0.766171,0.332756,1.064698,0.416938,-0.139135,0.043274,-0.071020
7455,97693.227728360,-8.717006,9.477417,0.768321,0.329360,1.045990,0.425395,-0.137449,0.044574,-0.070512
7456,97693.232672207,-8.718375,9.472207,0.770510,0.326102,1.030252,0.431707,-0.135764,0.045875,-0.070005
7457,97693.237646573,-8.719739,9.467044,0.772744,0.323167,1.017737,0.435722,-0.134068,0.047184,-0.069494
7458,97693.242590420,-8.721082,9.461975,0.774983,0.320644,1.009858,0.437717,-0.132382,0.048485,-0.068987
7459,97693.247534268,-8.722415,9.456946,0.777231,0.318836,1.006757,0.437917,-0.130697,0.049785,-0.068480
7460,97693.252478116,-8.723740,9.451932,0.779479,0.317610,1.007984,0.436487,-0.129011,0.051086,-0.067972
7461,97693.257421963,-8.725058,9.446913,0.781721,0.317272,1.012993,0.434484,-0.127325,0.052387,-0.067465
7462,97693.262365811,-8.726373,9.441869,0.783952,0.317286,1.020655,0.432619,-0.125640,0.053687,-0.066958
7463,97693.267279141,-8.727679,9.436818,0.786162,0.318024,1.029060,0.430658,-0.123965,0.054980,-0.066453
7464,97693.272222989,-8.728995,9.431694,0.788376,0.319279,1.037031,0.428209,-0.122279,0.056281,-0.065946
7465,97693.277166836,-8.730316,9.426530,0.790578,0.320397,1.043393,0.424402,-0.120594,0.057582,-0.065439
7466,97693.282110684,-8.731641,9.421335,0.792762,0.321615,1.047281,0.419300,-0.118908,0.058882,-0.064931
7467,97693.287054532,-8.732972,9.416119,0.794921,0.322667,1.047989,0.413480,-0.117223,0.060183,-0.064424
7468,97693.291998379,-8.734308,9.410900,0.797052,0.323157,1.045389,0.407005,-0.115537,0.061484,-0.063916
7469,97693.296911709,-8.735639,9.405725,0.799137,0.323668,1.039260,0.399829,-0.113862,0.062776,-0.063412
7470,97693.301855557,-8.736983,9.400547,0.801200,0.324991,1.030079,0.391938,-0.112176,0.064077,-0.062905
7471,97693.306799405,-8.738336,9.395415,0.803223,0.327799,1.018638,0.383277,-0.110491,0.065378,-0.062397
7472,97693.311743252,-8.739706,9.390337,0.805203,0.332103,1.005211,0.373852,-0.108805,0.066679,-0.061890
7473,97693.316687100,-8.741101,9.385324,0.807136,0.337587,0.990158,0.363475,-0.107120,0.067979,-0.061383
7474,97693.321600430,-8.742518,9.380415,0.809005,0.343885,0.974094,0.351652,-0.105445,0.069272,-0.060878
7475,97693.326513760,-8.743971,9.375582,0.810816,0.350822,0.957455,0.338402,-0.103769,0.070565,-0.060374
7476,97693.331488125,-8.745480,9.370769,0.812583,0.358253,0.940349,0.323572,-0.102073,0.071873,-0.059864
7477,97693.336431973,-8.747022,9.366068,0.814265,0.365563,0.923433,0.307466,-0.100388,0.073174,-0.059356
7478,97693.341375821,-8.748605,9.361447,0.815867,0.372671,0.906717,0.290089,-0.098702,0.074475,-0.058849
7479,97693.346319668,-8.750227,9.356907,0.817383,0.379168,0.890444,0.271273,-0.097017,0.075776,-0.058341
7480,97693.351263516,-8.751887,9.352444,0.818805,0.384735,0.874829,0.251066,-0.095331,0.077076,-0.057834
7481,97693.356176846,-8.753568,9.348083,0.820119,0.389218,0.859796,0.229483,-0.093656,0.078369,-0.057330
7482,97693.361120694,-8.755287,9.343767,0.821334,0.392332,0.845090,0.206591,-0.091971,0.079670,-0.056822
7483,97693.366064541,-8.757026,9.339522,0.822435,0.394239,0.830787,0.182568,-0.090285,0.080971,-0.056315
7484,97693.370977871,-8.758769,9.335371,0.823410,0.394892,0.816688,0.157600,-0.088610,0.082263,-0.055811
7485,97693.375921719,-8.760530,9.331262,0.824268,0.394380,0.802815,0.131250,-0.086924,0.083564,-0.055303
7486,97693.380865567,-8.762294,9.327220,0.824994,0.392582,0.789390,0.103626,-0.085239,0.084865,-0.054796
7487,97693.385809414,-8.764054,9.323243,0.825582,0.388784,0.776355,0.075689,-0.083553,0.086165,-0.054289
7488,97693.390753262,-8.765800,9.319329,0.826032,0.383276,0.764201,0.047027,-0.081868,0.087466,-0.053781
7489,97693.395697110,-8.767523,9.315475,0.826338,0.376783,0.753237,0.017625,-0.080182,0.088767,-0.053274
7490,97693.400640957,-8.769219,9.311675,0.826499,0.369512,0.743285,-0.012282,-0.078497,0.090068,-0.052766
7491,97693.405554287,-8.770873,9.307946,0.826510,0.361634,0.733784,-0.042086,-0.076822,0.091360,-0.052262
7492,97693.410498135,-8.772502,9.304242,0.826373,0.353247,0.725064,-0.072002,-0.075136,0.092661,-0.051755
7493,97693.415441983,-8.774094,9.300580,0.826086,0.344231,0.717506,-0.101685,-0.073450,0.093962,-0.051247
7494,97693.420385830,-8.775646,9.296955,0.825652,0.334578,0.710753,-0.131007,-0.071765,0.095262,-0.050740
7495,97693.425329678,-8.777153,9.293364,0.825072,0.324542,0.704625,-0.160124,-0.070079,0.096563,-0.050233
7496,97693.430273526,-8.778614,9.289804,0.824347,0.313984,0.698947,-0.188726,-0.068394,0.097864,-0.049725
7497,97693.435217373,-8.780026,9.286272,0.823479,0.303420,0.693643,-0.217300,-0.066708,0.099165,-0.049218
7498,97693.440161221,-8.781389,9.282767,0.822469,0.293521,0.688967,-0.246214,-0.065023,0.100465,-0.048710
7499,97693.445105069,-8.782707,9.279286,0.821315,0.284173,0.684478,-0.275186,-0.063337,0.101766,-0.048203
7500,97693.450048916,-8.783981,9.275826,0.820017,0.275079,0.680027,-0.303889,-0.064392,0.100900,-0.046895
7501,97693.454992764,-8.785214,9.272389,0.818576,0.266493,0.674731,-0.331714,-0.065446,0.100035,-0.045588
7502,97693.459906094,-8.786400,9.268999,0.817006,0.258687,0.668787,-0.357103,-0.066494,0.099174,-0.044288
7503,97693.464849942,-8.787557,9.265618,0.815301,0.251630,0.662716,-0.378600,-0.067549,0.098309,-0.042980
7504,97693.469793789,-8.788683,9.262267,0.813488,0.245033,0.656507,-0.393776,-0.068603,0.097443,-0.041672
7505,97693.474707119,-8.789772,9.258967,0.811610,0.238894,0.651361,-0.401518,-0.069651,0.096583,-0.040373
7506,97693.479650967,-8.790839,9.255673,0.809682,0.232404,0.649173,-0.401451,-0.071138,0.095270,-0.038919
7507,97693.484594815,-8.791874,9.252391,0.807754,0.223722,0.651116,-0.391548,-0.072624,0.093958,-0.037466
7508,97693.489538662,-8.792866,9.249103,0.805874,0.212169,0.658353,-0.371721,-0.074111,0.092645,-0.036012
7509,97693.494482510,-8.793797,9.245782,0.804092,0.197823,0.671468,-0.345502,-0.075598,0.091333,-0.034559
7510,97693.499426358,-8.794653,9.242401,0.802439,0.180919,0.689609,-0.315723,-0.077084,0.090020,-0.033106
7511,97693.504339688,-8.795414,9.238958,0.800943,0.163013,0.712531,-0.285286,-0.078562,0.088716,-0.031661
7512,97693.509283536,-8.796085,9.235385,0.799587,0.144520,0.740935,-0.256501,-0.080048,0.087403,-0.030208
7513,97693.514227383,-8.796656,9.231679,0.798375,0.125363,0.773840,-0.230218,-0.081535,0.086091,-0.028755
7514,97693.519140713,-8.797121,9.227839,0.797299,0.107024,0.810038,-0.205771,-0.083012,0.084786,-0.027310
7515,97693.524084561,-8.797488,9.223802,0.796338,0.091559,0.849924,-0.181662,-0.084499,0.083474,-0.025857
7516,97693.529028409,-8.797768,9.219574,0.795498,0.080445,0.893580,-0.156235,-0.085985,0.082161,-0.024403
7517,97693.533972256,-8.797983,9.215133,0.794785,0.074251,0.940822,-0.127939,-0.087472,0.080849,-0.022950
7518,97693.538885586,-8.798153,9.210491,0.794218,0.072627,0.991145,-0.097214,-0.088949,0.079545,-0.021506
7519,97693.543829434,-8.798303,9.205575,0.793802,0.074209,1.044318,-0.065508,-0.090436,0.078232,-0.020052
7520,97693.548773282,-8.798448,9.200397,0.793547,0.076489,1.097795,-0.035535,-0.091923,0.076920,-0.018599
7521,97693.553717129,-8.798589,9.194956,0.793442,0.076192,1.149343,-0.009999,-0.093409,0.075607,-0.017146
7522,97693.558630459,-8.798716,9.189298,0.793467,0.071915,1.196808,0.009242,-0.094887,0.074303,-0.015701
7523,97693.563574307,-8.798810,9.183372,0.793590,0.063952,1.239505,0.021670,-0.096373,0.072990,-0.014248
7524,97693.568518155,-8.798855,9.177238,0.793776,0.053340,1.275737,0.027200,-0.097860,0.071678,-0.012794
7525,97693.573462002,-8.798839,9.170928,0.793991,0.041789,1.303674,0.026319,-0.099346,0.070365,-0.011341
7526,97693.578405850,-8.798760,9.164482,0.794202,0.031196,1.323378,0.018899,-0.100833,0.069053,-0.009888
7527,97693.583349698,-8.798625,9.157941,0.794377,0.022698,1.334429,0.004976,-0.102320,0.067740,-0.008434
7528,97693.588263028,-8.798448,9.151387,0.794482,0.017563,1.336271,-0.013910,-0.103797,0.066436,-0.006990
7529,97693.593206875,-8.798246,9.144783,0.794495,0.016048,1.327829,-0.035856,-0.105284,0.065123,-0.005537
7530,97693.598150723,-8.798039,9.138219,0.794398,0.017644,1.309565,-0.057403,-0.106770,0.063811,-0.004083
7531,97693.603094571,-8.797845,9.131744,0.794194,0.020972,1.282681,-0.074678,-0.108257,0.062499,-0.002630
7532,97693.608038418,-8.797676,9.125400,0.793903,0.024768,1.248148,-0.083291,-0.109743,0.061186,-0.001176
7533,97693.612951748,-8.797534,9.119263,0.793570,0.028249,1.208295,-0.078995,-0.111221,0.059882,0.000268
7534,97693.617895596,-8.797416,9.113285,0.793254,0.031798,1.165163,-0.057798,-0.112707,0.058569,0.001721
7535,97693.622839444,-8.797324,9.107520,0.793041,0.035531,1.121259,-0.017452,-0.114194,0.057257,0.003175
7536,97693.627752774,-8.797257,9.102008,0.793024,0.040220,1.080356,0.029436,-0.115671,0.055952,0.004619
7537,97693.632727139,-8.797219,9.096632,0.793239,0.044848,1.041840,0.077350,-0.117167,0.054632,0.006081
7538,97693.637700019,-8.797208,9.091452,0.793689,0.047076,1.004968,0.125132,-0.118663,0.053312,0.007543
7539,97693.642643866,-8.797214,9.086486,0.794372,0.045988,0.970207,0.172764,-0.120149,0.051999,0.008997
7540,97693.647557196,-8.797217,9.081725,0.795281,0.041701,0.939423,0.219865,-0.121627,0.050695,0.010441
7541,97693.652501044,-8.797203,9.077091,0.796427,0.035002,0.917619,0.255338,-0.123113,0.049382,0.011894
7542,97693.657444892,-8.797159,9.072567,0.797747,0.026527,0.907541,0.267228,-0.124600,0.048070,0.013348
7543,97693.662358222,-8.797074,9.068124,0.799116,0.015372,0.907094,0.259473,-0.126077,0.046765,0.014792
7544,97693.667302069,-8.796934,9.063657,0.800454,0.000985,0.910879,0.234654,-0.127564,0.045453,0.016246
7545,97693.672245917,-8.796724,9.059173,0.801668,-0.016391,0.914385,0.194902,-0.129050,0.044140,0.017699
7546,97693.677189765,-8.796430,9.054673,0.802685,-0.036390,0.914410,0.143317,-0.130537,0.042828,0.019152
7547,97693.682133612,-8.796042,9.050174,0.803445,-0.058464,0.908704,0.084758,-0.132024,0.041515,0.020606
7548,97693.687077460,-8.795549,9.045704,0.803914,-0.081416,0.895834,0.026323,-0.133510,0.040203,0.022059
7549,97693.691990790,-8.794954,9.041326,0.804091,-0.102752,0.875826,-0.023366,-0.134988,0.038899,0.023503
7550,97693.696934638,-8.794258,9.037022,0.804020,-0.118787,0.848062,-0.059829,-0.137358,0.037614,0.024001
7551,97693.701878485,-8.793492,9.032855,0.803767,-0.126721,0.813101,-0.082373,-0.139729,0.036329,0.024500
7552,97693.706822333,-8.792695,9.028862,0.803399,-0.124009,0.771133,-0.093145,-0.142100,0.035044,0.024998
7553,97693.711735663,-8.791926,9.025098,0.802978,-0.109279,0.722834,-0.094774,-0.144456,0.033767,0.025493
7554,97693.716679511,-8.791236,9.021546,0.802544,-0.082185,0.669803,-0.088598,-0.146826,0.032482,0.025991
7555,97693.721592841,-8.790695,9.018270,0.802143,-0.043778,0.616875,-0.074722,-0.149183,0.031205,0.026486
7556,97693.726506171,-8.790352,9.015247,0.801809,0.003114,0.568399,-0.056714,-0.151539,0.029928,0.026981
7557,97693.731480536,-8.790247,9.012418,0.801562,0.054901,0.527726,-0.038253,-0.153924,0.028636,0.027482
7558,97693.736424384,-8.790406,9.009798,0.801408,0.106237,0.498872,-0.022398,-0.156295,0.027351,0.027980
7559,97693.741368232,-8.790824,9.007310,0.801335,0.153041,0.482269,-0.010841,-0.158665,0.026066,0.028478
7560,97693.746312079,-8.791476,9.004894,0.801322,0.192761,0.476562,-0.003971,-0.161036,0.024781,0.028976
7561,97693.751255927,-8.792325,9.002499,0.801345,0.224401,0.479124,-0.001447,-0.163407,0.023496,0.029474
7562,97693.756199775,-8.793329,9.000084,0.801383,0.247307,0.486786,-0.002633,-0.165777,0.022211,0.029972
7563,97693.761143622,-8.794445,8.997626,0.801418,0.260569,0.496802,-0.006937,-0.168148,0.020926,0.030470
7564,97693.766056952,-8.795617,8.995131,0.801433,0.264032,0.507322,-0.013084,-0.170504,0.019649,0.030965
7565,97693.771000800,-8.796811,8.992568,0.801418,0.257769,0.516359,-0.019790,-0.172875,0.018365,0.031463
7566,97693.775944648,-8.797973,8.989960,0.801370,0.243619,0.522604,-0.026243,-0.175246,0.017080,0.031962
7567,97693.780888495,-8.799065,8.987325,0.801290,0.223736,0.525954,-0.031929,-0.177616,0.015795,0.032460
7568,97693.785832343,-8.800058,8.984677,0.801180,0.200153,0.527002,-0.036828,-0.179987,0.014510,0.032958
7569,97693.790745673,-8.800929,8.982045,0.801045,0.175757,0.526049,-0.040897,-0.182343,0.013233,0.033453
7570,97693.795689521,-8.801686,8.979406,0.800888,0.152056,0.523893,-0.044480,-0.184714,0.011948,0.033951
7571,97693.800633368,-8.802326,8.976783,0.800711,0.131342,0.521227,-0.048053,-0.187085,0.010663,0.034449
7572,97693.805577216,-8.802865,8.974178,0.800514,0.114845,0.518192,-0.051338,-0.189455,0.009379,0.034947
7573,97693.810521064,-8.803323,8.971590,0.800300,0.102567,0.515460,-0.053822,-0.191826,0.008094,0.035445
7574,97693.815464911,-8.803721,8.969019,0.800072,0.093795,0.512725,-0.055662,-0.194197,0.006809,0.035943
7575,97693.820408759,-8.804077,8.966463,0.799835,0.087656,0.509832,-0.056996,-0.196567,0.005524,0.036441
7576,97693.825322089,-8.804401,8.963938,0.799592,0.083764,0.506792,-0.058162,-0.198923,0.004247,0.036936
7577,97693.830265937,-8.804709,8.961414,0.799341,0.081670,0.503672,-0.059539,-0.201294,0.002962,0.037434
7578,97693.835209784,-8.805007,8.958905,0.799083,0.080832,0.500775,-0.061408,-0.203665,0.001677,0.037932
7579,97693.840153632,-8.805302,8.956410,0.798815,0.081146,0.498803,-0.064138,-0.206036,0.000392,0.038430
7580,97693.845097480,-8.805599,8.953925,0.798534,0.082149,0.497970,-0.067764,-0.208406,-0.000892,0.038928
7581,97693.850010810,-8.805899,8.951459,0.798237,0.083366,0.498543,-0.072271,-0.210762,-0.002169,0.039423
7582,97693.854954657,-8.806208,8.948974,0.797915,0.084335,0.500141,-0.077239,-0.213133,-0.003454,0.039922
7583,97693.859898505,-8.806521,8.946481,0.797570,0.084710,0.502580,-0.082596,-0.215504,-0.004739,0.040420
7584,97693.864842353,-8.806836,8.943975,0.797198,0.084088,0.505265,-0.087884,-0.217874,-0.006024,0.040918
7585,97693.869755683,-8.807146,8.941472,0.796803,0.082378,0.507618,-0.093070,-0.220231,-0.007301,0.041413
7586,97693.874699530,-8.807449,8.938941,0.796379,0.079769,0.509246,-0.097962,-0.222601,-0.008586,0.041911
7587,97693.879643378,-8.807739,8.936403,0.795931,0.076872,0.509722,-0.102270,-0.224972,-0.009870,0.042409
7588,97693.884587226,-8.808016,8.933862,0.795462,0.074008,0.509133,-0.105618,-0.227343,-0.011155,0.042907
7589,97693.889531073,-8.808278,8.931325,0.794976,0.071889,0.507738,-0.108188,-0.229713,-0.012440,0.043405
7590,97693.894444403,-8.808529,8.928811,0.794480,0.070933,0.505745,-0.110180,-0.232069,-0.013717,0.043900
7591,97693.899388251,-8.808777,8.926291,0.793971,0.071207,0.503374,-0.111831,-0.234440,-0.015002,0.044398
7592,97693.904332099,-8.809027,8.923782,0.793453,0.072607,0.501228,-0.113807,-0.236811,-0.016287,0.044896
7593,97693.909275946,-8.809285,8.921284,0.792926,0.075014,0.499247,-0.116351,-0.239182,-0.017572,0.045394
7594,97693.914219794,-8.809555,8.918795,0.792387,0.078291,0.497544,-0.119803,-0.241552,-0.018857,0.045892
7595,97693.919163642,-8.809843,8.916313,0.791830,0.082449,0.496398,-0.124304,-0.243923,-0.020141,0.046390
7596,97693.924076972,-8.810149,8.913851,0.791255,0.087147,0.495858,-0.129597,-0.246279,-0.021418,0.046885
7597,97693.929020819,-8.810481,8.911375,0.790651,0.092164,0.495843,-0.135492,-0.248650,-0.022703,0.047383
7598,97693.933964667,-8.810838,8.908898,0.790017,0.097400,0.496516,-0.142097,-0.251020,-0.023988,0.047882
7599,97693.938908515,-8.811221,8.906416,0.789352,0.102735,0.497643,-0.149006,-0.253391,-0.025273,0.048380
7600,97693.943852362,-8.811631,8.903926,0.788653,0.108275,0.499381,-0.155502,-0.252288,-0.025274,0.047996
7601,97693.948765693,-8.812066,8.901442,0.787927,0.114228,0.501768,-0.160810,-0.251192,-0.025275,0.047614
7602,97693.958622870,-8.812996,8.896432,0.786419,0.127481,0.507369,-0.168598,-0.248993,-0.025278,0.046848
7603,97693.963566718,-8.813527,8.893888,0.785625,0.135129,0.511245,-0.169792,-0.247890,-0.025279,0.046464
7604,97693.968510566,-8.814096,8.891323,0.784827,0.143108,0.515786,-0.169274,-0.246787,-0.025280,0.046080
7605,97693.973423896,-8.814699,8.888750,0.784036,0.150890,0.521061,-0.167019,-0.245690,-0.025282,0.045698
7606,97693.978367743,-8.815343,8.886134,0.783253,0.158039,0.527060,-0.163312,-0.244587,-0.025283,0.045314
7607,97693.983311591,-8.816020,8.883486,0.782489,0.164336,0.533842,-0.158692,-0.243484,-0.025284,0.044930
7608,97693.988255439,-8.816727,8.880804,0.781749,0.169204,0.541581,-0.153425,-0.242381,-0.025285,0.044546
7609,97693.993199286,-8.817456,8.878083,0.781035,0.172273,0.550319,-0.148064,-0.241278,-0.025287,0.044162
7610,97693.998112616,-8.818193,8.875336,0.780354,0.173340,0.560206,-0.143343,-0.240182,-0.025288,0.043780
7611,97694.003056464,-8.818938,8.872522,0.779691,0.173322,0.571867,-0.139716,-0.239079,-0.025289,0.043396
7612,97694.008000312,-8.819680,8.869652,0.779048,0.173022,0.585819,-0.136962,-0.237976,-0.025290,0.043012
7613,97694.012944159,-8.820417,8.866712,0.778419,0.171483,0.601468,-0.136046,-0.236873,-0.025292,0.042628
7614,97694.017888007,-8.821143,8.863696,0.777795,0.169583,0.618733,-0.135756,-0.235770,-0.025293,0.042244
7615,97694.022831855,-8.821855,8.860595,0.777174,0.169003,0.637492,-0.133803,-0.234667,-0.025294,0.041860
7616,97694.027775702,-8.822561,8.857402,0.776563,0.170731,0.657526,-0.129686,-0.233564,-0.025295,0.041476
7617,97694.032689032,-8.823266,8.854130,0.775978,0.174980,0.678116,-0.123929,-0.232467,-0.025296,0.041094
7618,97694.037632880,-8.823992,8.850735,0.775419,0.181761,0.698940,-0.117997,-0.231364,-0.025298,0.040710
7619,97694.042576728,-8.824746,8.847236,0.774891,0.190904,0.719676,-0.112447,-0.230261,-0.025299,0.040326
7620,97694.047520575,-8.825540,8.843634,0.774392,0.201436,0.740171,-0.107076,-0.229158,-0.025300,0.039942
7621,97694.052464423,-8.826382,8.839928,0.773922,0.213207,0.760482,-0.101099,-0.228055,-0.025301,0.039558
7622,97694.057377753,-8.827271,8.836143,0.773487,0.226452,0.780423,-0.094744,-0.226959,-0.025303,0.039176
7623,97694.062321601,-8.828227,8.832234,0.773082,0.240923,0.800004,-0.088204,-0.225856,-0.025304,0.038792
7624,97694.067265448,-8.829249,8.828225,0.772712,0.256389,0.819187,-0.081755,-0.224753,-0.025305,0.038408
7625,97694.072209296,-8.830343,8.824119,0.772376,0.272420,0.838780,-0.075460,-0.223650,-0.025306,0.038024
7626,97694.077122626,-8.831504,8.819939,0.772075,0.288527,0.859077,-0.069019,-0.222554,-0.025308,0.037642
7627,97694.082066474,-8.832748,8.815629,0.771807,0.304566,0.880300,-0.062641,-0.221451,-0.025309,0.037258
7628,97694.087010321,-8.834065,8.811212,0.771572,0.320002,0.901921,-0.056381,-0.220348,-0.025310,0.036874
7629,97694.091954169,-8.835453,8.806685,0.771372,0.334296,0.923694,-0.050437,-0.219245,-0.025311,0.036490
7630,97694.096898017,-8.836907,8.802047,0.771202,0.346773,0.945689,-0.044443,-0.218142,-0.025313,0.036106
7631,97694.101811347,-8.838408,8.797328,0.771066,0.357549,0.968395,-0.037649,-0.217045,-0.025314,0.035724
7632,97694.106755194,-8.839966,8.792466,0.770964,0.366725,0.991240,-0.030816,-0.215942,-0.025315,0.035340
7633,97694.111699042,-8.841564,8.787489,0.770899,0.373702,1.014134,-0.024404,-0.214839,-0.025316,0.034956
7634,97694.116642890,-8.843191,8.782398,0.770866,0.378354,1.037841,-0.017735,-0.213736,-0.025318,0.034572
7635,97694.121586737,-8.844835,8.777189,0.770869,0.381058,1.062744,-0.009571,-0.212633,-0.025319,0.034188
7636,97694.126500068,-8.846476,8.771891,0.770913,0.382857,1.088944,0.000937,-0.211537,-0.025320,0.033806
7637,97694.131443915,-8.848130,8.766430,0.771012,0.384564,1.116294,0.014130,-0.210434,-0.025321,0.033422
7638,97694.136387763,-8.849786,8.760835,0.771177,0.386915,1.143655,0.029683,-0.209331,-0.025323,0.033038
7639,97694.141331610,-8.851446,8.755105,0.771421,0.390547,1.169775,0.046780,-0.208228,-0.025324,0.032654
7640,97694.146275458,-8.853117,8.749246,0.771751,0.395865,1.193756,0.063502,-0.207125,-0.025325,0.032270
7641,97694.151219306,-8.854808,8.743268,0.772166,0.402851,1.215942,0.078268,-0.206022,-0.025326,0.031886
7642,97694.156132636,-8.856517,8.737219,0.772652,0.410881,1.236462,0.090990,-0.204926,-0.025327,0.031504
7643,97694.161076484,-8.858271,8.731029,0.773207,0.419638,1.256450,0.102878,-0.203823,-0.025329,0.031120
7644,97694.166020331,-8.860063,8.724739,0.773822,0.428672,1.275808,0.115010,-0.202720,-0.025330,0.030736
7645,97694.170964179,-8.861895,8.718353,0.774498,0.437218,1.292573,0.128796,-0.200991,-0.025168,0.029835
7646,97694.175908026,-8.863764,8.711883,0.775245,0.445118,1.305523,0.144444,-0.199261,-0.025007,0.028934
7647,97694.180821357,-8.865656,8.705388,0.776065,0.452479,1.315253,0.159779,-0.197543,-0.024846,0.028039
7648,97694.185765204,-8.867593,8.698805,0.776967,0.459003,1.322926,0.173706,-0.195814,-0.024685,0.027138
7649,97694.190709052,-8.869560,8.692183,0.777939,0.463682,1.328851,0.188219,-0.194085,-0.024523,0.026237
7650,97694.195652900,-8.871548,8.685532,0.778983,0.464371,1.333607,0.205317,-0.190952,-0.022609,0.025746
7651,97694.200596747,-8.873537,8.678858,0.780113,0.461900,1.337523,0.222464,-0.187819,-0.020694,0.025256
7652,97694.205540595,-8.875511,8.672166,0.781327,0.457214,1.340803,0.239312,-0.184686,-0.018780,0.024765
7653,97694.210484443,-8.877461,8.665461,0.782624,0.450904,1.343138,0.256248,-0.181553,-0.016865,0.024274
7654,97694.215397773,-8.879365,8.658787,0.783996,0.444246,1.342633,0.273741,-0.178440,-0.014963,0.023786
7655,97694.220341620,-8.881248,8.652077,0.785462,0.439016,1.337763,0.293298,-0.175307,-0.013048,0.023295
7656,97694.225285468,-8.883104,8.645394,0.787025,0.435360,1.328333,0.315753,-0.172174,-0.011134,0.022804
7657,97694.230229316,-8.884943,8.638760,0.788697,0.432303,1.314783,0.340402,-0.169041,-0.009220,0.022313
7658,97694.235173163,-8.886768,8.632194,0.790491,0.428885,1.297319,0.366312,-0.165908,-0.007305,0.021823
7659,97694.240117011,-8.888578,8.625717,0.792411,0.425333,1.276265,0.392337,-0.162775,-0.005391,0.021332
7660,97694.245060859,-8.890373,8.619347,0.794458,0.422082,1.252500,0.416829,-0.159642,-0.003476,0.020841
7661,97694.250004706,-8.892155,8.613096,0.796625,0.419564,1.226928,0.439846,-0.156509,-0.001562,0.020350
7662,97694.254918036,-8.893918,8.607011,0.798890,0.417412,1.201050,0.461766,-0.153396,0.000341,0.019862
7663,97694.259831366,-8.895674,8.601056,0.801260,0.415682,1.175530,0.482723,-0.150282,0.002243,0.019374
7664,97694.264775214,-8.897437,8.595190,0.803748,0.414002,1.150386,0.501901,-0.147149,0.004158,0.018883
7665,97694.269719062,-8.899196,8.589451,0.806328,0.412327,1.125774,0.518011,-0.144016,0.006072,0.018392
7666,97694.274662909,-8.900950,8.583835,0.808987,0.410700,1.102776,0.530503,-0.140883,0.007987,0.017902
7667,97694.279606757,-8.902701,8.578333,0.811705,0.408721,1.082789,0.539572,-0.137751,0.009901,0.017411
7668,97694.284550605,-8.904445,8.572931,0.814468,0.406087,1.066512,0.545593,-0.134618,0.011815,0.016920
7669,97694.289463935,-8.906169,8.567643,0.817241,0.402829,1.054824,0.549503,-0.131504,0.013718,0.016432
7670,97694.294407782,-8.907890,8.562381,0.820050,0.399392,1.048375,0.551191,-0.128371,0.015632,0.015941
7671,97694.299351630,-8.909595,8.557152,0.822867,0.396347,1.047226,0.550969,-0.125238,0.017547,0.015450
7672,97694.304295478,-8.911285,8.551929,0.825683,0.394058,1.050175,0.549058,-0.122105,0.019461,0.014959
7673,97694.309239325,-8.912964,8.546692,0.828489,0.392174,1.056620,0.545740,-0.118972,0.021376,0.014468
7674,97694.314183173,-8.914632,8.541423,0.831279,0.390723,1.065220,0.541706,-0.115839,0.023290,0.013978
7675,97694.319096503,-8.916281,8.536144,0.834032,0.389653,1.074190,0.537535,-0.112726,0.025193,0.013490
7676,97694.324070868,-8.917944,8.530756,0.836799,0.389627,1.081779,0.532847,-0.109574,0.027119,0.012996
7677,97694.329014716,-8.919595,8.525362,0.839527,0.390420,1.086844,0.526886,-0.106441,0.029033,0.012505
7678,97694.333928046,-8.921238,8.519977,0.842209,0.391741,1.088985,0.519331,-0.103327,0.030936,0.012017
7679,97694.338871894,-8.922899,8.514547,0.844870,0.393100,1.087595,0.510550,-0.100194,0.032850,0.011526
7680,97694.348759589,-8.926236,8.503698,0.850106,0.396459,1.076992,0.491565,-0.093928,0.036679,0.010545
7681,97694.353703437,-8.927925,8.498325,0.852630,0.398603,1.064016,0.481009,-0.090795,0.038594,0.010054
7682,97694.358647284,-8.929627,8.493014,0.855101,0.401276,1.047768,0.470109,-0.087663,0.040508,0.009563
7683,97694.363591132,-8.931348,8.487782,0.857517,0.405644,1.029319,0.458449,-0.084530,0.042423,0.009072
7684,97694.368534980,-8.933095,8.482640,0.859875,0.411173,1.009148,0.446439,-0.081397,0.044337,0.008581
7685,97694.373478827,-8.934874,8.477595,0.862172,0.417395,0.988177,0.433616,-0.078264,0.046251,0.008090
7686,97694.378422675,-8.936689,8.472652,0.864406,0.423942,0.966702,0.419609,-0.075131,0.048166,0.007599
7687,97694.383366523,-8.938543,8.467812,0.866569,0.430525,0.945027,0.404337,-0.071998,0.050080,0.007108
7688,97694.388310370,-8.940435,8.463077,0.868656,0.436795,0.923287,0.387546,-0.068865,0.051995,0.006618
7689,97694.393254218,-8.942363,8.458447,0.870660,0.442749,0.902188,0.369250,-0.065732,0.053909,0.006127
7690,97694.398167548,-8.944315,8.453947,0.872560,0.448147,0.882236,0.349100,-0.062619,0.055812,0.005639
7691,97694.403111396,-8.946312,8.449515,0.874372,0.452825,0.863034,0.327168,-0.059486,0.057726,0.005148
7692,97694.408055243,-8.948337,8.445175,0.876074,0.456483,0.844941,0.303611,-0.056353,0.059641,0.004657
7693,97694.412999091,-8.950386,8.440923,0.877659,0.459347,0.827558,0.278241,-0.053220,0.061555,0.004166
7694,97694.417942939,-8.952455,8.436754,0.879118,0.460820,0.810670,0.251897,-0.050087,0.063469,0.003675
7695,97694.422886786,-8.954536,8.432666,0.880446,0.460813,0.794309,0.224608,-0.046954,0.065384,0.003184
7696,97694.427830634,-8.956623,8.428658,0.881638,0.459408,0.778539,0.196146,-0.043821,0.067298,0.002694
7697,97694.432743964,-8.958696,8.424750,0.882682,0.457102,0.763695,0.167023,-0.040707,0.069201,0.002206
7698,97694.437687812,-8.960775,8.420890,0.883587,0.453793,0.749316,0.137163,-0.037575,0.071115,0.001715
7699,97694.442631659,-8.962844,8.417100,0.884344,0.449401,0.735659,0.107069,-0.034442,0.073030,0.001224
7700,97694.447575507,-8.964896,8.413376,0.884951,0.443985,0.722863,0.077058,-0.034366,0.073690,0.001151
7701,97694.452519355,-8.966926,8.409715,0.885408,0.437887,0.710930,0.047093,-0.034291,0.074349,0.001079
7702,97694.457432685,-8.968918,8.406134,0.885714,0.431241,0.700025,0.017547,-0.034216,0.075005,0.001007
7703,97694.462376532,-8.970894,8.402585,0.885875,0.423889,0.690142,-0.011703,-0.034141,0.075665,0.000935
7704,97694.467320380,-8.972838,8.399084,0.885889,0.415779,0.681065,-0.040553,-0.034065,0.076324,0.000862
7705,97694.472233710,-8.974735,8.395649,0.885762,0.406579,0.672523,-0.069049,-0.033990,0.076980,0.000790
7706,97694.477177558,-8.976602,8.392235,0.885491,0.396127,0.664274,-0.097403,-0.033915,0.077640,0.000718
7707,97694.482121405,-8.978421,8.388863,0.885078,0.385288,0.656446,-0.125604,-0.033839,0.078300,0.000645
7708,97694.487065253,-8.980190,8.385530,0.884526,0.374342,0.648673,-0.153715,-0.033764,0.078959,0.000573
7709,97694.492009101,-8.981908,8.382235,0.883832,0.363749,0.640915,-0.181732,-0.033689,0.079619,0.000500
7710,97694.496952948,-8.983579,8.378980,0.882999,0.354129,0.633351,-0.209900,-0.033613,0.080279,0.000428
7711,97694.501866278,-8.985195,8.375782,0.882032,0.345724,0.626162,-0.237237,-0.033538,0.080934,0.000356
7712,97694.506810126,-8.986783,8.372600,0.880923,0.338141,0.618582,-0.263105,-0.033463,0.081594,0.000283
7713,97694.511753974,-8.988337,8.369455,0.879684,0.330813,0.610357,-0.286292,-0.033388,0.082254,0.000211
7714,97694.516697821,-8.989859,8.366351,0.878330,0.323232,0.601762,-0.305944,-0.033312,0.082914,0.000138
7715,97694.521641669,-8.991346,8.363290,0.876878,0.314805,0.592709,-0.320801,-0.033237,0.083573,0.000066
7716,97694.526585517,-8.992795,8.360274,0.875351,0.304859,0.583762,-0.329247,-0.033161,0.084233,-0.000007
7717,97694.531529364,-8.994198,8.357304,0.873782,0.292959,0.576499,-0.330666,-0.033086,0.084893,-0.000079
7718,97694.536473212,-8.995543,8.354373,0.872203,0.278922,0.573143,-0.323906,-0.033011,0.085553,-0.000152
7719,97694.541386542,-8.996811,8.351479,0.870667,0.262308,0.576161,-0.307793,-0.032936,0.086208,-0.000224
7720,97694.546330390,-8.998003,8.348558,0.869199,0.243599,0.586952,-0.284022,-0.032860,0.086868,-0.000296
7721,97694.551274237,-8.999099,8.345588,0.867849,0.224147,0.605386,-0.255154,-0.032785,0.087528,-0.000369
7722,97694.556187568,-9.000087,8.342553,0.866648,0.205141,0.630949,-0.223995,-0.032710,0.088183,-0.000441
7723,97694.561131415,-9.000979,8.339378,0.865594,0.186128,0.663062,-0.194041,-0.032635,0.088843,-0.000513
7724,97694.566044745,-9.001763,8.336072,0.864694,0.166523,0.699217,-0.166444,-0.032560,0.089499,-0.000585
7725,97694.570988593,-9.002445,8.332572,0.863925,0.145927,0.737589,-0.139732,-0.032484,0.090159,-0.000658
7726,97694.575932441,-9.003015,8.328889,0.863290,0.125100,0.776250,-0.112953,-0.032409,0.090818,-0.000730
7727,97694.580845771,-9.003470,8.325045,0.862790,0.105735,0.813786,-0.086080,-0.032334,0.091474,-0.000802
7728,97694.585789618,-9.003821,8.320997,0.862421,0.089428,0.850120,-0.058790,-0.032259,0.092134,-0.000875
7729,97694.590733466,-9.004082,8.316776,0.862188,0.076877,0.886801,-0.030352,-0.032183,0.092793,-0.000947
7730,97694.595677314,-9.004272,8.312378,0.862097,0.068541,0.926426,-0.001598,-0.032108,0.093453,-0.001019
7731,97694.600590644,-9.004408,8.307816,0.862149,0.065075,0.970652,0.026151,-0.032033,0.094109,-0.001091
7732,97694.605534491,-9.004517,8.303009,0.862341,0.065112,1.020422,0.050966,-0.031958,0.094769,-0.001164
7733,97694.610478339,-9.004613,8.297959,0.862659,0.065528,1.073351,0.070243,-0.031882,0.095428,-0.001236
7734,97694.615422187,-9.004698,8.292648,0.863076,0.064143,1.126026,0.082095,-0.031807,0.096088,-0.001309
7735,97694.620366034,-9.004764,8.287078,0.863553,0.060162,1.174890,0.085349,-0.031731,0.096748,-0.001381
7736,97694.625309882,-9.004800,8.281268,0.864050,0.053960,1.217158,0.079656,-0.031656,0.097408,-0.001454
7737,97694.630253730,-9.004796,8.275251,0.864521,0.046978,1.250417,0.065579,-0.031581,0.098067,-0.001526
7738,97694.635197577,-9.004752,8.269069,0.864923,0.040689,1.272814,0.044030,-0.031505,0.098727,-0.001599
7739,97694.640110907,-9.004673,8.262816,0.865218,0.036151,1.283313,0.016063,-0.031430,0.099383,-0.001671
7740,97694.645054755,-9.004572,8.256471,0.865377,0.033820,1.281993,-0.017950,-0.031355,0.100042,-0.001743
7741,97694.649998603,-9.004461,8.250131,0.865368,0.034162,1.269740,-0.055245,-0.031280,0.100702,-0.001816
7742,97694.654942450,-9.004358,8.243850,0.865173,0.037114,1.247464,-0.091948,-0.031204,0.101362,-0.001888
7743,97694.659855780,-9.004277,8.237713,0.864798,0.042614,1.216937,-0.123141,-0.031129,0.102018,-0.001960
7744,97694.664769110,-9.004232,8.231723,0.864269,0.050008,1.180383,-0.144351,-0.031054,0.102673,-0.002032
7745,97694.669712958,-9.004233,8.225874,0.863630,0.058047,1.139628,-0.151316,-0.030979,0.103333,-0.002105
7746,97694.674656806,-9.004283,8.220223,0.862954,0.065744,1.096325,-0.140293,-0.030904,0.103993,-0.002177
7747,97694.679570136,-9.004379,8.214819,0.862335,0.073442,1.051952,-0.107431,-0.030829,0.104648,-0.002249
7748,97694.684513984,-9.004521,8.209601,0.861873,0.082647,1.008363,-0.059209,-0.030753,0.105308,-0.002322
7749,97694.689457831,-9.004714,8.204600,0.861646,0.092939,0.966762,-0.010505,-0.030678,0.105968,-0.002394
7750,97694.694401679,-9.004964,8.199804,0.861659,0.102225,0.924706,0.037898,-0.032554,0.104864,-0.002260
7751,97694.699345526,-9.005265,8.195218,0.861910,0.107359,0.877862,0.085995,-0.034430,0.103761,-0.002125
7752,97694.704289374,-9.005598,8.190864,0.862395,0.105336,0.825067,0.133246,-0.036307,0.102657,-0.001990
7753,97694.709202704,-9.005927,8.186801,0.863107,0.095752,0.772848,0.179747,-0.038172,0.101560,-0.001857
7754,97694.714146552,-9.006219,8.182974,0.864048,0.079408,0.732785,0.217875,-0.040048,0.100457,-0.001722
7755,97694.719090400,-9.006437,8.179352,0.865175,0.058523,0.717516,0.228955,-0.041924,0.099353,-0.001588
7756,97694.724034247,-9.006553,8.175810,0.866354,0.036035,0.728396,0.218443,-0.043801,0.098249,-0.001453
7757,97694.728978095,-9.006557,8.172219,0.867480,0.013319,0.756688,0.189043,-0.045677,0.097146,-0.001319
7758,97694.733921943,-9.006445,8.168491,0.868461,-0.009995,0.789030,0.139949,-0.047553,0.096042,-0.001184
7759,97694.738865790,-9.006214,8.164605,0.869199,-0.034973,0.815595,0.072343,-0.049430,0.094938,-0.001049
7760,97694.743779120,-9.005861,8.160614,0.869600,-0.062555,0.831311,-0.007251,-0.051294,0.093842,-0.000916
7761,97694.748722968,-9.005372,8.156521,0.869610,-0.092539,0.833200,-0.087736,-0.053171,0.092738,-0.000781
7762,97694.753666816,-9.004740,8.152421,0.869219,-0.121459,0.822377,-0.155011,-0.055047,0.091634,-0.000647
7763,97694.758580146,-9.003978,8.148401,0.868497,-0.144402,0.798891,-0.201668,-0.056912,0.090537,-0.000513
7764,97694.763523993,-9.003105,8.144474,0.867538,-0.157728,0.761235,-0.227264,-0.058788,0.089434,-0.000378
7765,97694.768467841,-9.002177,8.140734,0.866448,-0.159208,0.709039,-0.232916,-0.060664,0.088330,-0.000244
7766,97694.773411689,-9.001254,8.137252,0.865327,-0.146869,0.642762,-0.222632,-0.062541,0.087227,-0.000109
7767,97694.778355536,-9.000405,8.134096,0.864255,-0.118452,0.566388,-0.199994,-0.064417,0.086123,0.000025
7768,97694.783268866,-8.999715,8.131329,0.863297,-0.074940,0.487704,-0.172321,-0.066282,0.085026,0.000159
7769,97694.788212714,-8.999251,8.128925,0.862469,-0.020687,0.414218,-0.144946,-0.068158,0.083922,0.000294
7770,97694.793156562,-8.999070,8.126875,0.861776,0.039559,0.355213,-0.120950,-0.070034,0.082819,0.000428
7771,97694.798100409,-8.999196,8.125104,0.861202,0.100214,0.317884,-0.103708,-0.071911,0.081715,0.000563
7772,97694.803044257,-8.999630,8.123506,0.860716,0.155281,0.304399,-0.094977,-0.073787,0.080612,0.000697
7773,97694.807988105,-9.000337,8.121963,0.860276,0.201921,0.310513,-0.094197,-0.075663,0.079508,0.000832
7774,97694.812901435,-9.001268,8.120390,0.859847,0.238349,0.327868,-0.099750,-0.077528,0.078411,0.000966
7775,97694.817875800,-9.002388,8.118702,0.859388,0.263996,0.349636,-0.108955,-0.079416,0.077301,0.001101
7776,97694.822850165,-9.003631,8.116901,0.858887,0.277183,0.369699,-0.119419,-0.081304,0.076190,0.001236
7777,97694.827732978,-9.004912,8.115031,0.858346,0.277350,0.385111,-0.128418,-0.083157,0.075100,0.001369
7778,97694.832707343,-9.006215,8.113048,0.857752,0.265833,0.395562,-0.134540,-0.085045,0.073990,0.001505
7779,97694.837651191,-9.007452,8.111029,0.857130,0.245144,0.401982,-0.137884,-0.086921,0.072886,0.001639
7780,97694.842595038,-9.008585,8.108982,0.856491,0.217689,0.405451,-0.139783,-0.088798,0.071782,0.001774
7781,97694.847508368,-9.009576,8.106936,0.855844,0.187429,0.407090,-0.141519,-0.090662,0.070686,0.001907
7782,97694.852452216,-9.010423,8.104876,0.855183,0.158092,0.407375,-0.143932,-0.092539,0.069582,0.002042
7783,97694.857396064,-9.011125,8.102821,0.854508,0.133425,0.405992,-0.147181,-0.094415,0.068478,0.002177
7784,97694.862309394,-9.011703,8.100790,0.853819,0.115168,0.402892,-0.150983,-0.096679,0.066648,0.002661
7785,97694.867253241,-9.012195,8.098766,0.853105,0.102878,0.398109,-0.154962,-0.098957,0.064807,0.003148
7786,97694.872197089,-9.012628,8.096768,0.852371,0.095718,0.392626,-0.157966,-0.101234,0.062966,0.003635
7787,97694.877140937,-9.013027,8.094798,0.851621,0.092188,0.387378,-0.159744,-0.103512,0.061124,0.004122
7788,97694.882084784,-9.013409,8.092855,0.850861,0.091106,0.382670,-0.160668,-0.105790,0.059283,0.004609
7789,97694.886998114,-9.013785,8.090947,0.850101,0.091728,0.378342,-0.160845,-0.108054,0.057453,0.005092
7790,97694.891941962,-9.014167,8.089049,0.849336,0.093416,0.374158,-0.161141,-0.110332,0.055612,0.005579
7791,97694.896885810,-9.014559,8.087170,0.848568,0.095444,0.370469,-0.162770,-0.112609,0.053770,0.006066
7792,97694.901829657,-9.014961,8.085310,0.847793,0.097196,0.368422,-0.166003,-0.114887,0.051929,0.006553
7793,97694.906773505,-9.015373,8.083459,0.847002,0.098289,0.368852,-0.170702,-0.117165,0.050087,0.007040
7794,97694.911717353,-9.015791,8.081605,0.846187,0.098309,0.371859,-0.176553,-0.119443,0.048246,0.007527
7795,97694.916661200,-9.016208,8.079736,0.845344,0.097082,0.376732,-0.183178,-0.121720,0.046405,0.008014
7796,97694.921605048,-9.016619,8.077843,0.844469,0.093861,0.382194,-0.190275,-0.123998,0.044563,0.008501
7797,97694.926487860,-9.017008,8.075947,0.843569,0.088220,0.386880,-0.197225,-0.126248,0.042745,0.008982
7798,97694.931401191,-9.017371,8.074017,0.842630,0.080244,0.390155,-0.203940,-0.128512,0.040915,0.009466
7799,97694.936345038,-9.017698,8.072060,0.841651,0.070736,0.391604,-0.210344,-0.130789,0.039073,0.009953
7800,97694.941288886,-9.017977,8.070097,0.840640,0.060945,0.391201,-0.215991,-0.130825,0.036657,0.009954
7801,97694.946232734,-9.018208,8.068138,0.839600,0.052432,0.389798,-0.221055,-0.130821,0.035420,0.009147
7802,97694.951176581,-9.018398,8.066188,0.838535,0.046320,0.387869,-0.225631,-0.130816,0.034184,0.008341
7803,97694.956120429,-9.018559,8.064248,0.837446,0.043084,0.386270,-0.229843,-0.130811,0.032948,0.007534
7804,97694.961064276,-9.018704,8.062317,0.836337,0.042767,0.385411,-0.234104,-0.130806,0.031712,0.006727
7805,97694.966008124,-9.018848,8.060389,0.835206,0.045062,0.385593,-0.238212,-0.130801,0.030475,0.005921
7806,97694.970921454,-9.019003,8.058472,0.834062,0.049266,0.386632,-0.241745,-0.130796,0.029247,0.005119
7807,97694.975865302,-9.019180,8.056537,0.832894,0.055333,0.388335,-0.244929,-0.130791,0.028010,0.004313
7808,97694.980809150,-9.019386,8.054591,0.831710,0.062663,0.390561,-0.247870,-0.130786,0.026774,0.003506
7809,97694.985752997,-9.019629,8.052633,0.830513,0.071163,0.392985,-0.250564,-0.130781,0.025538,0.002699
7810,97694.990696845,-9.019913,8.050661,0.829303,0.080312,0.395960,-0.253496,-0.130776,0.024301,0.001893
7811,97694.995610175,-9.020239,8.048685,0.828088,0.089623,0.399533,-0.256754,-0.130771,0.023073,0.001091
7812,97695.000554023,-9.020614,8.046676,0.826849,0.099030,0.403797,-0.259931,-0.130766,0.021837,0.000285
7813,97695.005497870,-9.021033,8.044644,0.825596,0.108229,0.408895,-0.262592,-0.130762,0.020600,-0.000522
7814,97695.010441718,-9.021498,8.042584,0.824330,0.116821,0.414931,-0.264454,-0.130757,0.019364,-0.001328
7815,97695.015385566,-9.022004,8.040493,0.823057,0.124401,0.421359,-0.265429,-0.130752,0.018128,-0.002135
7816,97695.020329413,-9.022545,8.038369,0.821779,0.130839,0.427676,-0.265409,-0.130747,0.016891,-0.002942
7817,97695.025273261,-9.023118,8.036211,0.820503,0.136237,0.433825,-0.264164,-0.130742,0.015655,-0.003748
7818,97695.030186591,-9.023711,8.034036,0.819241,0.140594,0.440157,-0.261329,-0.130737,0.014426,-0.004550
7819,97695.035160956,-9.024333,8.031802,0.817978,0.144362,0.447008,-0.257516,-0.130732,0.013183,-0.005361
7820,97695.040104804,-9.024967,8.029547,0.816743,0.147633,0.454847,-0.253681,-0.130727,0.011946,-0.006168
7821,97695.045048651,-9.025615,8.027252,0.815527,0.150473,0.463791,-0.251283,-0.130722,0.010710,-0.006975
7822,97695.049961982,-9.026271,8.024928,0.814331,0.152961,0.474124,-0.250702,-0.130717,0.009481,-0.007776
7823,97695.054905829,-9.026942,8.022537,0.813132,0.155297,0.486397,-0.251334,-0.130712,0.008245,-0.008583
7824,97695.059849677,-9.027621,8.020086,0.811930,0.157652,0.500492,-0.252154,-0.130707,0.007009,-0.009389
7825,97695.064793525,-9.028309,8.017564,0.810725,0.160882,0.516319,-0.251573,-0.130702,0.005772,-0.010196
7826,97695.069737372,-9.029009,8.014963,0.809525,0.165727,0.533339,-0.248545,-0.130698,0.004536,-0.011003
7827,97695.074650702,-9.029725,8.012294,0.808348,0.172572,0.550416,-0.243339,-0.130693,0.003307,-0.011804
7828,97695.079564032,-9.030471,8.009540,0.807198,0.180482,0.567027,-0.237108,-0.130688,0.002079,-0.012606
7829,97695.084507880,-9.031256,8.006686,0.806073,0.188847,0.583520,-0.230008,-0.130683,0.000843,-0.013412
7830,97695.089451728,-9.032078,8.003749,0.804985,0.197872,0.600221,-0.221937,-0.130678,-0.000394,-0.014219
7831,97695.094395575,-9.032941,8.000728,0.803939,0.207780,0.617449,-0.213215,-0.130673,-0.001630,-0.015025
7832,97695.099308905,-9.033842,7.997639,0.802944,0.218275,0.634571,-0.204097,-0.130668,-0.002859,-0.015827
7833,97695.104252753,-9.034797,7.994445,0.801989,0.229251,0.651720,-0.194712,-0.130663,-0.004095,-0.016634
7834,97695.109196601,-9.035801,7.991164,0.801083,0.240626,0.668770,-0.185312,-0.130658,-0.005331,-0.017440
7835,97695.114140448,-9.036858,7.987798,0.800225,0.251972,0.686006,-0.176288,-0.130653,-0.006568,-0.018247
7836,97695.119084296,-9.037966,7.984344,0.799413,0.263035,0.703983,-0.167741,-0.130648,-0.007804,-0.019053
7837,97695.124028144,-9.039124,7.980800,0.798646,0.273621,0.722928,-0.159682,-0.130643,-0.009040,-0.019860
7838,97695.128971991,-9.040329,7.977160,0.797920,0.283704,0.742389,-0.152203,-0.130639,-0.010276,-0.020667
7839,97695.133915839,-9.041580,7.973423,0.797233,0.292757,0.761396,-0.145618,-0.130634,-0.011513,-0.021473
7840,97695.138829169,-9.042863,7.969614,0.796585,0.300703,0.779462,-0.140118,-0.130629,-0.012741,-0.022275
7841,97695.148716864,-9.045514,7.961767,0.795337,0.315049,0.813375,-0.130774,-0.130619,-0.015214,-0.023888
7842,97695.153660712,-9.046903,7.957673,0.794763,0.320699,0.829341,-0.126407,-0.130614,-0.016450,-0.024695
7843,97695.158574042,-9.048306,7.953526,0.794215,0.325598,0.845397,-0.121505,-0.130609,-0.017679,-0.025496
7844,97695.168461737,-9.051172,7.945019,0.793164,0.334459,0.879639,-0.109105,-0.130599,-0.020151,-0.027109
7845,97695.173405585,-9.052641,7.940596,0.792702,0.338184,0.898924,-0.101294,-0.130594,-0.021388,-0.027916
7846,97695.178349433,-9.054123,7.936077,0.792280,0.341004,0.919355,-0.092886,-0.130589,-0.022624,-0.028722
7847,97695.183262763,-9.055604,7.931485,0.791904,0.342600,0.941448,-0.084059,-0.130584,-0.023853,-0.029524
7848,97695.188206610,-9.057098,7.926756,0.791570,0.343310,0.965533,-0.074243,-0.130580,-0.025089,-0.030331
7849,97695.193150458,-9.058589,7.921909,0.791286,0.343837,0.991380,-0.063228,-0.130575,-0.026325,-0.031137
7850,97695.198094306,-9.060076,7.916934,0.791059,0.344834,1.018672,-0.051595,-0.128343,-0.025993,-0.031828
7851,97695.203007636,-9.061552,7.911857,0.790891,0.346958,1.045797,-0.039977,-0.126125,-0.025664,-0.032514
7852,97695.207951484,-9.063041,7.906614,0.790782,0.350484,1.072418,-0.028380,-0.123893,-0.025332,-0.033205
7853,97695.212895331,-9.064541,7.901240,0.790732,0.355714,1.098077,-0.017591,-0.121661,-0.025000,-0.033895
7854,97695.217839179,-9.066060,7.895739,0.790737,0.362790,1.122433,-0.008014,-0.119429,-0.024669,-0.034586
7855,97695.222752509,-9.067599,7.890151,0.790791,0.371346,1.145921,0.000735,-0.117211,-0.024339,-0.035272
7856,97695.227696357,-9.069184,7.884412,0.790891,0.380859,1.169115,0.009652,-0.114980,-0.024007,-0.035963
7857,97695.232640204,-9.070810,7.878556,0.791037,0.390691,1.191205,0.019867,-0.112748,-0.023675,-0.036654
7858,97695.237584052,-9.072479,7.872590,0.791236,0.400497,1.209697,0.032489,-0.110516,-0.023344,-0.037344
7859,97695.242527900,-9.074192,7.866531,0.791499,0.410646,1.223278,0.047654,-0.108284,-0.023012,-0.038035
7860,97695.247471747,-9.075950,7.860403,0.791838,0.420674,1.233268,0.063285,-0.106052,-0.022680,-0.038725
7861,97695.252415595,-9.077755,7.854226,0.792256,0.429642,1.241487,0.077976,-0.103821,-0.022348,-0.039416
7862,97695.257328925,-9.079590,7.848045,0.792744,0.437319,1.248513,0.091874,-0.101603,-0.022019,-0.040102
7863,97695.262272773,-9.081472,7.841790,0.793306,0.443199,1.254486,0.105973,-0.099371,-0.021687,-0.040793
7864,97695.267216620,-9.083381,7.835505,0.793938,0.445841,1.260383,0.121887,-0.097139,-0.021355,-0.041484
7865,97695.272160468,-9.085300,7.829192,0.794649,0.442505,1.266643,0.141843,-0.094907,-0.021023,-0.042174
7866,97695.277104316,-9.087200,7.822849,0.795458,0.434935,1.272325,0.160588,-0.092675,-0.020692,-0.042865
7867,97695.282048163,-9.089060,7.816481,0.796361,0.426405,1.275827,0.177424,-0.090444,-0.020360,-0.043555
7868,97695.286992011,-9.090875,7.810099,0.797346,0.418821,1.275036,0.195063,-0.088212,-0.020028,-0.044246
7869,97695.291905341,-9.092642,7.803763,0.798411,0.412563,1.269014,0.214568,-0.085994,-0.019698,-0.044932
7870,97695.296849189,-9.094388,7.797420,0.799578,0.406954,1.258129,0.236434,-0.083762,-0.019367,-0.045623
7871,97695.301793036,-9.096107,7.791134,0.800852,0.401067,1.242821,0.260221,-0.081530,-0.019035,-0.046314
7872,97695.306706366,-9.097789,7.784964,0.802234,0.395103,1.223539,0.284539,-0.079312,-0.018705,-0.047000
7873,97695.311650214,-9.099454,7.778853,0.803743,0.389120,1.200336,0.308330,-0.077080,-0.018374,-0.047690
7874,97695.316624579,-9.101103,7.772824,0.805378,0.383252,1.174297,0.330407,-0.074835,-0.018040,-0.048385
7875,97695.321537909,-9.102707,7.766998,0.807099,0.377458,1.146737,0.350253,-0.072617,-0.017710,-0.049072
7876,97695.326451239,-9.104287,7.761310,0.808916,0.371875,1.119173,0.368826,-0.070399,-0.017380,-0.049758
7877,97695.331425605,-9.105863,7.755691,0.810845,0.366915,1.092441,0.387445,-0.068153,-0.017047,-0.050453
7878,97695.336369452,-9.107410,7.750241,0.812853,0.362825,1.067735,0.405940,-0.065921,-0.016715,-0.051144
7879,97695.341313300,-9.108941,7.744915,0.814951,0.359523,1.044646,0.423769,-0.063690,-0.016383,-0.051834
7880,97695.346257148,-9.110459,7.739705,0.817135,0.357040,1.023306,0.440108,-0.061458,-0.016051,-0.052525
7881,97695.351200995,-9.111968,7.734601,0.819398,0.355103,1.003999,0.454039,-0.059226,-0.015720,-0.053215
7882,97695.356144843,-9.113471,7.729595,0.821729,0.353490,0.987563,0.464739,-0.056994,-0.015388,-0.053906
7883,97695.361058173,-9.114960,7.724701,0.824096,0.352148,0.975368,0.472732,-0.054776,-0.015058,-0.054592
7884,97695.366002021,-9.116453,7.719837,0.826518,0.350966,0.967686,0.478339,-0.052545,-0.014726,-0.055283
7885,97695.370945868,-9.117942,7.715012,0.828966,0.350030,0.964613,0.481357,-0.050313,-0.014395,-0.055973
7886,97695.375889716,-9.119426,7.710203,0.831429,0.349087,0.966196,0.482136,-0.048081,-0.014063,-0.056664
7887,97695.380833564,-9.120906,7.705386,0.833896,0.348361,0.971731,0.481959,-0.045849,-0.013731,-0.057355
7888,97695.385746894,-9.122371,7.700572,0.836347,0.347332,0.978745,0.481425,-0.043631,-0.013401,-0.058041
7889,97695.390690741,-9.123839,7.695693,0.838811,0.346431,0.985437,0.480136,-0.041399,-0.013070,-0.058732
7890,97695.395634589,-9.125302,7.690782,0.841269,0.345536,0.990504,0.477404,-0.039168,-0.012738,-0.059422
7891,97695.400578437,-9.126759,7.685845,0.843714,0.343965,0.992636,0.473136,-0.036936,-0.012406,-0.060113
7892,97695.405522284,-9.128208,7.680898,0.846138,0.342050,0.991462,0.467578,-0.034704,-0.012074,-0.060803
7893,97695.410466132,-9.129648,7.675957,0.848534,0.340766,0.986147,0.461167,-0.032472,-0.011743,-0.061494
7894,97695.415409980,-9.131083,7.671042,0.850897,0.339849,0.975994,0.454213,-0.030240,-0.011411,-0.062185
7895,97695.420323310,-9.132508,7.666207,0.853212,0.339299,0.961554,0.445707,-0.028022,-0.011081,-0.062871
7896,97695.425236640,-9.133934,7.661443,0.855484,0.339395,0.943322,0.436293,-0.025804,-0.010751,-0.063557
7897,97695.430180487,-9.135374,7.656738,0.857722,0.341135,0.921989,0.425547,-0.023573,-0.010420,-0.064248
7898,97695.435124335,-9.136828,7.652138,0.859906,0.344896,0.899151,0.413336,-0.021341,-0.010088,-0.064939
7899,97695.440068183,-9.138306,7.647648,0.862028,0.349455,0.875649,0.400131,-0.019109,-0.009756,-0.065629
7900,97695.445012030,-9.139813,7.643273,0.864085,0.354346,0.851843,0.385833,-0.019299,-0.008703,-0.066961
7901,97695.449925360,-9.141341,7.639040,0.866057,0.359421,0.828337,0.370490,-0.019488,-0.007656,-0.068285
7902,97695.454869208,-9.142909,7.634895,0.867964,0.364858,0.805344,0.353474,-0.019678,-0.006602,-0.069617
7903,97695.459813056,-9.144511,7.630861,0.869787,0.370467,0.783307,0.334560,-0.019867,-0.005549,-0.070950
7904,97695.464756903,-9.146146,7.626933,0.871515,0.375932,0.762630,0.313842,-0.020057,-0.004495,-0.072282
7905,97695.469700751,-9.147814,7.623105,0.873140,0.380423,0.743114,0.291655,-0.020247,-0.003442,-0.073614
7906,97695.474614081,-9.149500,7.619394,0.874645,0.383677,0.725423,0.268004,-0.020436,-0.002395,-0.074938
7907,97695.479557929,-9.151218,7.615746,0.876042,0.386129,0.709074,0.242420,-0.020626,-0.001342,-0.076270
7908,97695.484501776,-9.152953,7.612175,0.877311,0.387942,0.694192,0.214874,-0.020816,-0.000288,-0.077602
7909,97695.489445624,-9.154703,7.608677,0.878444,0.388850,0.680584,0.185568,-0.021006,0.000765,-0.078934
7910,97695.494358954,-9.156451,7.605264,0.879424,0.388424,0.668108,0.154972,-0.021195,0.001812,-0.080258
7911,97695.499302802,-9.158213,7.601890,0.880259,0.386877,0.656697,0.123002,-0.021384,0.002866,-0.081591
7912,97695.504246650,-9.159972,7.598571,0.880935,0.384285,0.646508,0.090306,-0.021574,0.003919,-0.082923
7913,97695.509190497,-9.161723,7.595301,0.881449,0.380438,0.637485,0.057012,-0.021764,0.004973,-0.084255
7914,97695.514134345,-9.163459,7.592074,0.881797,0.375779,0.629586,0.023067,-0.021954,0.006026,-0.085587
7915,97695.519108710,-9.165187,7.588865,0.881978,0.370531,0.622615,-0.011345,-0.022145,0.007086,-0.086927
7916,97695.524022040,-9.166872,7.585728,0.881987,0.364771,0.616696,-0.045258,-0.022334,0.008133,-0.088251
7917,97695.528935370,-9.168533,7.582620,0.881828,0.358439,0.611451,-0.079002,-0.022523,0.009180,-0.089575
7918,97695.533879218,-9.170176,7.579518,0.881501,0.351478,0.606751,-0.112509,-0.022713,0.010233,-0.090907
7919,97695.538823066,-9.171788,7.576438,0.881007,0.344076,0.602053,-0.145792,-0.022903,0.011287,-0.092240
7920,97695.543766913,-9.173366,7.573381,0.880348,0.336026,0.597050,-0.178776,-0.023093,0.012340,-0.093572
7921,97695.548710761,-9.174909,7.570348,0.879525,0.327408,0.591674,-0.211372,-0.023282,0.013394,-0.094904
7922,97695.553624091,-9.176403,7.567361,0.878546,0.318777,0.586184,-0.243662,-0.023471,0.014441,-0.096228
7923,97695.558567939,-9.177867,7.564381,0.877400,0.310660,0.580159,-0.276096,-0.023692,0.016400,-0.097838
7924,97695.563511786,-9.179295,7.561432,0.876093,0.303519,0.573459,-0.307999,-0.023912,0.018360,-0.099449
7925,97695.568425116,-9.180683,7.558532,0.874637,0.297529,0.566545,-0.339073,-0.024132,0.020307,-0.101050
7926,97695.573368964,-9.182054,7.555649,0.873017,0.292764,0.559247,-0.369063,-0.024352,0.022267,-0.102660
7927,97695.578312812,-9.183404,7.552800,0.871248,0.289015,0.551022,-0.396761,-0.024573,0.024226,-0.104271
7928,97695.583256659,-9.184740,7.549991,0.869341,0.285918,0.541506,-0.420956,-0.024793,0.026186,-0.105881
7929,97695.588200507,-9.186065,7.547228,0.867314,0.283149,0.530194,-0.440097,-0.025014,0.028146,-0.107492
7930,97695.593144355,-9.187380,7.544521,0.865192,0.281315,0.517421,-0.452466,-0.025235,0.030105,-0.109102
7931,97695.598057685,-9.188681,7.541892,0.863020,0.280028,0.505944,-0.455325,-0.025454,0.032053,-0.110703
7932,97695.603001532,-9.189986,7.539304,0.860821,0.278875,0.497336,-0.445968,-0.025674,0.034012,-0.112313
7933,97695.607975898,-9.191295,7.536744,0.858654,0.276557,0.492930,-0.422844,-0.025896,0.035984,-0.113934
7934,97695.612889228,-9.192576,7.534239,0.856626,0.271521,0.495967,-0.389361,-0.026115,0.037932,-0.115534
7935,97695.617833075,-9.193837,7.531706,0.854752,0.263042,0.506960,-0.348802,-0.026336,0.039891,-0.117145
7936,97695.622776923,-9.195051,7.529123,0.853077,0.250640,0.524453,-0.306351,-0.026557,0.041851,-0.118755
7937,97695.627690253,-9.196190,7.526476,0.851622,0.234727,0.547676,-0.267110,-0.026776,0.043798,-0.120356
7938,97695.632634101,-9.197249,7.523703,0.850352,0.216074,0.576886,-0.233223,-0.026996,0.045758,-0.121967
7939,97695.637577948,-9.198208,7.520793,0.849250,0.195692,0.610562,-0.204094,-0.027217,0.047717,-0.123577
7940,97695.642521796,-9.199056,7.517722,0.848292,0.175196,0.646936,-0.178107,-0.027438,0.049677,-0.125188
7941,97695.647465644,-9.199794,7.514478,0.847464,0.157745,0.685101,-0.152701,-0.027658,0.051637,-0.126798
7942,97695.652378974,-9.200431,7.511072,0.846766,0.146873,0.725206,-0.124655,-0.027877,0.053584,-0.128399
7943,97695.657322821,-9.201007,7.507451,0.846204,0.143283,0.769211,-0.091309,-0.028098,0.055544,-0.130009
7944,97695.662266669,-9.201554,7.503615,0.845809,0.146370,0.818494,-0.052925,-0.028319,0.057503,-0.131620
7945,97695.667210517,-9.202103,7.499538,0.845608,0.154510,0.872038,-0.011512,-0.028539,0.059463,-0.133230
7946,97695.672154364,-9.202677,7.495197,0.845614,0.163131,0.926490,0.028542,-0.028760,0.061423,-0.134841
7947,97695.677067694,-9.203276,7.490616,0.845822,0.167405,0.977718,0.061629,-0.028979,0.063370,-0.136441
7948,97695.682011542,-9.203886,7.485755,0.846197,0.165144,1.024018,0.084893,-0.029200,0.065330,-0.138052
7949,97695.686955390,-9.204473,7.480667,0.846691,0.156300,1.064240,0.097135,-0.029420,0.067289,-0.139663
7950,97695.691899237,-9.205006,7.475384,0.847246,0.141454,1.097998,0.098175,-0.030948,0.067702,-0.139231
7951,97695.696843085,-9.205459,7.469937,0.847807,0.122889,1.125186,0.088733,-0.032476,0.068114,-0.138799
7952,97695.701756415,-9.205813,7.464393,0.848319,0.104167,1.146298,0.070350,-0.033995,0.068524,-0.138370
7953,97695.706700263,-9.206073,7.458714,0.848743,0.087260,1.161829,0.045195,-0.035523,0.068936,-0.137938
7954,97695.711644110,-9.206249,7.452960,0.849043,0.073896,1.172099,0.015939,-0.037051,0.069348,-0.137507
7955,97695.716587958,-9.206358,7.447156,0.849197,0.064973,1.177015,-0.016048,-0.038579,0.069760,-0.137075
7956,97695.721501288,-9.206423,7.441364,0.849193,0.060419,1.175627,-0.049044,-0.040098,0.070170,-0.136646
7957,97695.726445136,-9.206470,7.435542,0.849026,0.059434,1.167073,-0.080976,-0.041626,0.070582,-0.136214
7958,97695.731388984,-9.206515,7.429760,0.848700,0.060410,1.151071,-0.109508,-0.043154,0.070995,-0.135782
7959,97695.736332831,-9.206571,7.424055,0.848232,0.061606,1.127219,-0.131886,-0.044682,0.071407,-0.135351
7960,97695.741276679,-9.206640,7.418467,0.847652,0.061871,1.096412,-0.144628,-0.046210,0.071819,-0.134919
7961,97695.746220526,-9.206718,7.413029,0.847007,0.060691,1.059882,-0.144015,-0.047738,0.072232,-0.134487
7962,97695.751164374,-9.206798,7.407773,0.846363,0.058852,1.018959,-0.126721,-0.049266,0.072644,-0.134055
7963,97695.756077704,-9.206875,7.402751,0.845806,0.057280,0.975306,-0.090391,-0.050784,0.073054,-0.133626
7964,97695.761021552,-9.206953,7.397916,0.845422,0.056996,0.931176,-0.044563,-0.052313,0.073466,-0.133195
7965,97695.765965400,-9.207035,7.393302,0.845261,0.056570,0.888421,0.001664,-0.053841,0.073878,-0.132763
7966,97695.770909247,-9.207121,7.388902,0.845327,0.052987,0.847457,0.047858,-0.055369,0.074290,-0.132331
7967,97695.775853095,-9.207195,7.384708,0.845618,0.043523,0.808770,0.094306,-0.056897,0.074703,-0.131899
7968,97695.780766425,-9.207227,7.380735,0.846133,0.028004,0.773104,0.140552,-0.058415,0.075112,-0.131470
7969,97695.785710273,-9.207188,7.376920,0.846876,0.008376,0.743183,0.186892,-0.059943,0.075525,-0.131039
7970,97695.790654120,-9.207054,7.373260,0.847845,-0.013036,0.724819,0.218228,-0.061471,0.075937,-0.130607
7971,97695.795597968,-9.206817,7.369697,0.848966,-0.035054,0.720397,0.225073,-0.062999,0.076349,-0.130175
7972,97695.800541816,-9.206471,7.366160,0.850119,-0.056203,0.727525,0.213468,-0.064527,0.076761,-0.129744
7973,97695.805455146,-9.206023,7.362615,0.851207,-0.076936,0.740181,0.184604,-0.066046,0.077171,-0.129314
7974,97695.810398993,-9.205469,7.358988,0.852158,-0.097768,0.751512,0.138101,-0.067574,0.077583,-0.128883
7975,97695.815342841,-9.204813,7.355306,0.852878,-0.118693,0.757451,0.077755,-0.069102,0.077996,-0.128451
7976,97695.820286689,-9.204056,7.351596,0.853299,-0.139848,0.756865,0.008919,-0.070630,0.078408,-0.128019
7977,97695.825230536,-9.203200,7.347889,0.853378,-0.159973,0.750585,-0.060711,-0.072158,0.078820,-0.127588
7978,97695.830174384,-9.202252,7.344213,0.853111,-0.176247,0.739360,-0.122055,-0.073686,0.079233,-0.127156
7979,97695.835118232,-9.201229,7.340592,0.852539,-0.186280,0.722483,-0.169495,-0.075214,0.079645,-0.126724
7980,97695.840062079,-9.200164,7.337053,0.851730,-0.188784,0.698189,-0.202340,-0.076742,0.080057,-0.126292
7981,97695.844975409,-9.199101,7.333654,0.850764,-0.182929,0.665413,-0.221595,-0.078261,0.080467,-0.125863
7982,97695.849919257,-9.198069,7.330394,0.849695,-0.167449,0.622494,-0.228087,-0.079789,0.080879,-0.125432
7983,97695.854863105,-9.197123,7.327341,0.848592,-0.141621,0.569763,-0.222098,-0.081317,0.081291,-0.125000
7984,97695.859776435,-9.196321,7.324561,0.847524,-0.103610,0.509342,-0.204275,-0.082836,0.081701,-0.124571
7985,97695.864720282,-9.195713,7.322055,0.846538,-0.053611,0.444019,-0.179244,-0.084364,0.082113,-0.124139
7986,97695.869664130,-9.195365,7.319863,0.845674,0.004948,0.379975,-0.152292,-0.085892,0.082526,-0.123707
7987,97695.874607978,-9.195318,7.317975,0.844944,0.068652,0.324568,-0.126918,-0.087420,0.082938,-0.123276
7988,97695.879551825,-9.195595,7.316350,0.844342,0.131818,0.285636,-0.106190,-0.088948,0.083350,-0.122844
7989,97695.884465155,-9.196188,7.314913,0.843847,0.187937,0.268034,-0.092386,-0.090466,0.083760,-0.122415
7990,97695.889409003,-9.197065,7.313542,0.843420,0.233535,0.270970,-0.085535,-0.091995,0.084172,-0.121983
7991,97695.894352851,-9.198165,7.312148,0.843031,0.267708,0.288868,-0.084826,-0.093523,0.084584,-0.121551
7992,97695.899296698,-9.199431,7.310658,0.842649,0.291217,0.314639,-0.088778,-0.095051,0.084997,-0.121120
7993,97695.904240546,-9.200807,7.309036,0.842250,0.303744,0.342591,-0.095990,-0.096579,0.085409,-0.120688
7994,97695.909153876,-9.202230,7.307283,0.841822,0.305375,0.368048,-0.104330,-0.098097,0.085819,-0.120259
7995,97695.914097724,-9.203666,7.305393,0.841351,0.297300,0.388371,-0.111942,-0.099625,0.086231,-0.119827
7996,97695.919011054,-9.205049,7.303415,0.840846,0.281767,0.402592,-0.117579,-0.101144,0.086641,-0.119398
7997,97695.923985419,-9.206370,7.301346,0.840306,0.261268,0.411147,-0.121116,-0.102681,0.087056,-0.118964
7998,97695.928898749,-9.207572,7.299264,0.839755,0.238956,0.414461,-0.123208,-0.104200,0.087465,-0.118535
7999,97695.933873114,-9.208678,7.297145,0.839185,0.216993,0.413115,-0.124787,-0.105737,0.087880,-0.118100
8000,97695.938816962,-9.209668,7.295050,0.838609,0.196200,0.409146,-0.125584,-0.106590,0.086625,-0.116445
8001,97695.943760810,-9.210557,7.292979,0.838028,0.177879,0.403664,-0.126806,-0.107442,0.085370,-0.114789
8002,97695.948704657,-9.211357,7.290939,0.837438,0.163445,0.397351,-0.128249,-0.108295,0.084115,-0.113133
8003,97695.953648505,-9.212087,7.288933,0.836840,0.152682,0.391132,-0.130002,-0.109147,0.082859,-0.111477
8004,97695.958561835,-9.212761,7.286972,0.836236,0.145272,0.385969,-0.132143,-0.109994,0.081612,-0.109832
8005,97695.963505683,-9.213404,7.285026,0.835617,0.139850,0.382675,-0.134053,-0.110847,0.080357,-0.108176
8006,97695.968449530,-9.214021,7.283097,0.834988,0.135486,0.381583,-0.135607,-0.111699,0.079102,-0.106520
8007,97695.973393378,-9.214617,7.281175,0.834350,0.131622,0.382418,-0.136900,-0.112552,0.077846,-0.104865
8008,97695.978337226,-9.215194,7.279249,0.833706,0.128102,0.383636,-0.138024,-0.113404,0.076591,-0.103209
8009,97695.983281073,-9.215753,7.277318,0.833056,0.124891,0.384006,-0.139861,-0.114257,0.075336,-0.101553
8010,97695.988194403,-9.216293,7.275398,0.832401,0.121828,0.383775,-0.142217,-0.115104,0.074089,-0.099908
8011,97695.993138251,-9.216822,7.273467,0.831730,0.118832,0.383680,-0.145093,-0.115956,0.072833,-0.098252
8012,97695.998082099,-9.217336,7.271537,0.831045,0.115879,0.384210,-0.148658,-0.116809,0.071578,-0.096596
8013,97696.003025946,-9.217835,7.269605,0.830342,0.112494,0.385611,-0.152514,-0.117661,0.070323,-0.094941
8014,97696.007969794,-9.218318,7.267667,0.829619,0.108068,0.387969,-0.156523,-0.118514,0.069068,-0.093285
8015,97696.012913642,-9.218778,7.265718,0.828877,0.102302,0.390779,-0.160719,-0.119366,0.067813,-0.091629
8016,97696.017826972,-9.219207,7.263768,0.828118,0.095115,0.393424,-0.165106,-0.120213,0.066565,-0.089984
8017,97696.022770819,-9.219603,7.261794,0.827333,0.087021,0.395228,-0.169444,-0.121066,0.065310,-0.088328
8018,97696.027714667,-9.219959,7.259812,0.826525,0.078850,0.396059,-0.173450,-0.121918,0.064055,-0.086672
8019,97696.032658515,-9.220275,7.257828,0.825698,0.071625,0.396018,-0.177168,-0.122771,0.062800,-0.085017
8020,97696.037602362,-9.220556,7.255846,0.824851,0.066179,0.395790,-0.180481,-0.123623,0.061545,-0.083361
8021,97696.042546210,-9.220809,7.253865,0.823987,0.062913,0.396040,-0.183854,-0.124476,0.060289,-0.081705
8022,97696.047490058,-9.221047,7.251884,0.823107,0.062317,0.397018,-0.187778,-0.125328,0.059034,-0.080049
8023,97696.052403388,-9.221281,7.249910,0.822213,0.064524,0.399441,-0.191857,-0.126175,0.057787,-0.078404
8024,97696.057347235,-9.221526,7.247911,0.821293,0.068979,0.403226,-0.196112,-0.127028,0.056532,-0.076748
8025,97696.062291083,-9.221793,7.245893,0.820353,0.074986,0.407913,-0.200459,-0.127880,0.055276,-0.075093
8026,97696.067204413,-9.222087,7.243862,0.819398,0.081870,0.412975,-0.204539,-0.128727,0.054029,-0.073447
8027,97696.072148261,-9.222417,7.241792,0.818418,0.089664,0.417923,-0.208680,-0.129580,0.052774,-0.071791
8028,97696.077092109,-9.222784,7.239695,0.817418,0.098066,0.422639,-0.212896,-0.130432,0.051519,-0.070136
8029,97696.082035956,-9.223191,7.237573,0.816398,0.106674,0.427122,-0.217149,-0.131285,0.050264,-0.068480
8030,97696.086979804,-9.223641,7.235427,0.815359,0.115512,0.431460,-0.221262,-0.132137,0.049008,-0.066824
8031,97696.091893134,-9.224130,7.233271,0.814306,0.124044,0.436007,-0.225157,-0.132984,0.047761,-0.065179
8032,97696.096806464,-9.224661,7.231090,0.813235,0.131840,0.440912,-0.228603,-0.133832,0.046513,-0.063533
8033,97696.101750312,-9.225233,7.228869,0.812141,0.138723,0.446068,-0.230610,-0.134684,0.045258,-0.061877
8034,97696.106694159,-9.225837,7.226622,0.811038,0.144699,0.451506,-0.231639,-0.135536,0.044003,-0.060222
8035,97696.111638007,-9.226470,7.224346,0.809931,0.149719,0.456959,-0.231636,-0.136389,0.042748,-0.058566
8036,97696.116551337,-9.227123,7.222056,0.808831,0.153980,0.462722,-0.230341,-0.137236,0.041500,-0.056921
8037,97696.121495185,-9.227799,7.219723,0.807732,0.157747,0.468922,-0.227374,-0.138088,0.040245,-0.055265
8038,97696.126439032,-9.228493,7.217359,0.806648,0.161430,0.476049,-0.223023,-0.138941,0.038990,-0.053609
8039,97696.131352362,-9.229198,7.214974,0.805592,0.164664,0.483971,-0.218322,-0.139788,0.037743,-0.051964
8040,97696.136326728,-9.229926,7.212519,0.804548,0.167374,0.493003,-0.214077,-0.140646,0.036480,-0.050298
8041,97696.141270575,-9.230661,7.210035,0.803532,0.169641,0.503430,-0.210892,-0.141498,0.035225,-0.048642
8042,97696.146214423,-9.231405,7.207498,0.802532,0.171365,0.515636,-0.208774,-0.142351,0.033969,-0.046986
8043,97696.151158271,-9.232154,7.204901,0.801544,0.172628,0.529317,-0.207717,-0.143203,0.032714,-0.045331
8044,97696.156102118,-9.232906,7.202237,0.800562,0.173251,0.544088,-0.208297,-0.144056,0.031459,-0.043675
8045,97696.165989814,-9.234411,7.196761,0.798593,0.173412,0.576669,-0.210643,-0.145761,0.028949,-0.040363
8046,97696.170903144,-9.235152,7.193881,0.797606,0.174517,0.595664,-0.208133,-0.146608,0.027701,-0.038718
8047,97696.175846991,-9.235900,7.190888,0.796625,0.176156,0.614640,-0.204864,-0.147460,0.026446,-0.037062
8048,97696.180790839,-9.236651,7.187801,0.795663,0.178544,0.633421,-0.200657,-0.148313,0.025191,-0.035406
8049,97696.185734687,-9.237409,7.184622,0.794722,0.182468,0.651918,-0.195220,-0.149165,0.023936,-0.033751
8050,97696.190678534,-9.238183,7.181350,0.793810,0.188102,0.670262,-0.188794,-0.147524,0.025228,-0.035021
8051,97696.195622382,-9.238979,7.177987,0.792931,0.195082,0.687902,-0.181588,-0.145884,0.026521,-0.036291
8052,97696.200535712,-9.239801,7.174558,0.792094,0.203337,0.704637,-0.173953,-0.144253,0.027806,-0.037553
8053,97696.205479560,-9.240665,7.171023,0.791291,0.212874,0.720831,-0.165705,-0.142613,0.029098,-0.038823
8054,97696.210423407,-9.241571,7.167406,0.790531,0.223343,0.737063,-0.156909,-0.140972,0.030391,-0.040093
8055,97696.215367255,-9.242525,7.163708,0.789816,0.234569,0.753623,-0.147798,-0.139332,0.031683,-0.041362
8056,97696.220311103,-9.243531,7.159926,0.789148,0.246379,0.771083,-0.138956,-0.137691,0.032976,-0.042632
8057,97696.225224433,-9.244583,7.156080,0.788530,0.258310,0.789317,-0.130717,-0.136060,0.034261,-0.043894
8058,97696.230198798,-9.245703,7.152093,0.787947,0.270091,0.808588,-0.123088,-0.134410,0.035561,-0.045172
8059,97696.235142646,-9.246870,7.148033,0.787407,0.281386,0.828008,-0.116346,-0.132769,0.036854,-0.046442
8060,97696.240086493,-9.248088,7.143876,0.786902,0.291888,0.847091,-0.110137,-0.131129,0.038147,-0.047712
8061,97696.244999823,-9.249346,7.139648,0.786433,0.300900,0.865294,-0.104683,-0.129498,0.039431,-0.048974
8062,97696.249943671,-9.250651,7.135303,0.785990,0.307909,0.882721,-0.099962,-0.127800,0.040405,-0.049745
8063,97696.254887519,-9.251987,7.130871,0.785571,0.313007,0.899468,-0.095525,-0.126103,0.041378,-0.050517
8064,97696.259831366,-9.253344,7.126355,0.785176,0.316810,0.916703,-0.090756,-0.124405,0.042351,-0.051288
8065,97696.264775214,-9.254716,7.121753,0.784806,0.319518,0.935289,-0.084307,-0.122708,0.043325,-0.052059
8066,97696.269719062,-9.256097,7.117059,0.784469,0.321582,0.955035,-0.076095,-0.121010,0.044298,-0.052830
8067,97696.274662909,-9.257483,7.112268,0.784174,0.323160,0.975456,-0.067562,-0.119312,0.045271,-0.053602
8068,97696.279606757,-9.258872,7.107377,0.783922,0.323540,0.996831,-0.059265,-0.117615,0.046245,-0.054373
8069,97696.284520087,-9.260249,7.102411,0.783714,0.322678,1.019838,-0.050781,-0.115928,0.047212,-0.055139
8070,97696.289463935,-9.261624,7.097301,0.783548,0.320992,1.045302,-0.041563,-0.114230,0.048185,-0.055911
8071,97696.294407782,-9.262985,7.092067,0.783429,0.319124,1.072389,-0.031366,-0.112533,0.049159,-0.056682
8072,97696.299351630,-9.264331,7.086699,0.783362,0.317826,1.100679,-0.020360,-0.110835,0.050132,-0.057453
8073,97696.304295478,-9.265662,7.081193,0.783351,0.318003,1.129315,-0.008802,-0.109137,0.051105,-0.058225
8074,97696.309208808,-9.266980,7.075581,0.783399,0.320100,1.157281,0.003231,-0.107450,0.052073,-0.058991
8075,97696.314152655,-9.268309,7.069797,0.783508,0.324393,1.184510,0.014841,-0.105753,0.053046,-0.059762
8076,97696.319065985,-9.269644,7.063914,0.783675,0.331067,1.210292,0.024809,-0.104066,0.054014,-0.060529
8077,97696.324009833,-9.271014,7.057867,0.783895,0.339491,1.235564,0.033785,-0.102368,0.054987,-0.061300
8078,97696.328953681,-9.272420,7.051693,0.784161,0.348729,1.260436,0.043050,-0.100670,0.055960,-0.062071
8079,97696.333897528,-9.273865,7.045396,0.784475,0.358376,1.283408,0.054059,-0.098973,0.056934,-0.062843
8080,97696.338841376,-9.275352,7.038983,0.784846,0.368774,1.302332,0.067443,-0.097275,0.057907,-0.063614
8081,97696.343754706,-9.276876,7.032516,0.785282,0.380021,1.317047,0.081643,-0.095588,0.058874,-0.064380
8082,97696.348698554,-9.278461,7.025934,0.785792,0.391473,1.328859,0.095351,-0.093890,0.059848,-0.065152
8083,97696.353642401,-9.280099,7.019293,0.786372,0.402524,1.338954,0.108799,-0.092193,0.060821,-0.065923
8084,97696.358586249,-9.281788,7.012600,0.787020,0.412847,1.347174,0.122335,-0.090495,0.061794,-0.066694
8085,97696.363499579,-9.283514,7.005906,0.787732,0.421727,1.353674,0.136644,-0.088808,0.062762,-0.067461
8086,97696.368443427,-9.285293,6.999138,0.788519,0.427407,1.359322,0.153750,-0.087110,0.063735,-0.068232
8087,97696.373387275,-9.287097,6.992342,0.789393,0.426856,1.363829,0.174525,-0.085413,0.064709,-0.069003
8088,97696.378331122,-9.288896,6.985525,0.790369,0.423286,1.366326,0.193973,-0.083715,0.065682,-0.069774
8089,97696.383274970,-9.290676,6.978698,0.791441,0.419263,1.365125,0.212976,-0.082018,0.066655,-0.070546
8090,97696.388188300,-9.292424,6.971921,0.792599,0.415512,1.359117,0.233380,-0.080331,0.067623,-0.071312
8091,97696.393132148,-9.294164,6.965133,0.793865,0.411821,1.348212,0.256331,-0.078633,0.068596,-0.072083
8092,97696.398075995,-9.295886,6.958402,0.795243,0.407609,1.333405,0.282177,-0.076935,0.069569,-0.072855
8093,97696.403019843,-9.297589,6.951746,0.796748,0.402713,1.314871,0.309561,-0.075238,0.070543,-0.073626
8094,97696.407963691,-9.299270,6.945185,0.798387,0.397633,1.293058,0.337209,-0.073540,0.071516,-0.074397
8095,97696.412877021,-9.300918,6.938774,0.800150,0.392718,1.268594,0.363632,-0.071853,0.072483,-0.075164
8096,97696.417820868,-9.302556,6.932447,0.802052,0.388236,1.241820,0.387029,-0.070155,0.073457,-0.075935
8097,97696.422764716,-9.304176,6.926254,0.804068,0.384524,1.214195,0.407368,-0.068458,0.074430,-0.076706
8098,97696.427708564,-9.305782,6.920200,0.806183,0.381502,1.187150,0.426600,-0.066760,0.075403,-0.077478
8099,97696.432652411,-9.307377,6.914281,0.808391,0.378966,1.161371,0.445631,-0.065063,0.076377,-0.078249
8100,97696.437596259,-9.308964,6.908492,0.810692,0.376897,1.136626,0.463979,-0.063861,0.076980,-0.078417
8101,97696.442540107,-9.310545,6.902826,0.813081,0.375143,1.112786,0.480815,-0.062660,0.077583,-0.078584
8102,97696.447453437,-9.312112,6.897314,0.815537,0.373619,1.090101,0.495216,-0.061466,0.078183,-0.078751
8103,97696.452397284,-9.313685,6.891880,0.818078,0.372375,1.069316,0.506897,-0.060264,0.078786,-0.078919
8104,97696.457310614,-9.315245,6.886584,0.820659,0.371017,1.051706,0.516206,-0.059070,0.079386,-0.079086
8105,97696.462254462,-9.316812,6.881342,0.823301,0.369900,1.038127,0.523500,-0.057868,0.079989,-0.079254
8106,97696.467167792,-9.318366,6.876200,0.825962,0.369206,1.029522,0.528018,-0.056674,0.080589,-0.079421
8107,97696.472111640,-9.319928,6.871068,0.828661,0.368845,1.026204,0.530136,-0.055473,0.081192,-0.079588
8108,97696.477055487,-9.321488,6.865954,0.831370,0.368091,1.028114,0.531252,-0.054271,0.081795,-0.079756
8109,97696.481999335,-9.323045,6.860830,0.834085,0.366543,1.033957,0.531773,-0.053070,0.082398,-0.079924
8110,97696.486943183,-9.324592,6.855678,0.836803,0.364537,1.041557,0.531087,-0.051868,0.083002,-0.080092
8111,97696.491856513,-9.326118,6.850521,0.839500,0.362508,1.049079,0.529097,-0.050674,0.083601,-0.080259
8112,97696.496800360,-9.327643,6.845295,0.842205,0.360320,1.055192,0.525648,-0.049473,0.084204,-0.080427
8113,97696.501744208,-9.329155,6.840038,0.844894,0.357882,1.058386,0.521004,-0.048271,0.084808,-0.080595
8114,97696.506688056,-9.330655,6.834767,0.847559,0.355400,1.057887,0.515420,-0.047070,0.085411,-0.080762
8115,97696.511631903,-9.332144,6.829498,0.850196,0.353385,1.053377,0.508791,-0.045868,0.086014,-0.080930
8116,97696.516545234,-9.333614,6.824283,0.852784,0.351592,1.044751,0.501583,-0.044674,0.086614,-0.081097
8117,97696.521489081,-9.335088,6.819079,0.855352,0.350480,1.031680,0.493992,-0.043473,0.087217,-0.081265
8118,97696.526432929,-9.336559,6.813939,0.857882,0.350770,1.015058,0.485594,-0.042271,0.087820,-0.081433
8119,97696.531376776,-9.338036,6.808881,0.860369,0.353218,0.995961,0.476534,-0.041070,0.088424,-0.081601
8120,97696.536320624,-9.339530,6.803916,0.862810,0.357801,0.975147,0.466760,-0.039868,0.089027,-0.081769
8121,97696.541264472,-9.341051,6.799052,0.865203,0.363664,0.953289,0.455711,-0.038667,0.089630,-0.081936
8122,97696.546208319,-9.342607,6.794294,0.867539,0.370215,0.931092,0.442992,-0.037465,0.090233,-0.082104
8123,97696.551121650,-9.344192,6.789672,0.869798,0.377211,0.908653,0.428628,-0.036271,0.090833,-0.082271
8124,97696.556065497,-9.345827,6.785130,0.871999,0.384617,0.886400,0.412426,-0.035070,0.091436,-0.082439
8125,97696.561009345,-9.347504,6.780695,0.874119,0.391879,0.864890,0.394451,-0.033868,0.092040,-0.082607
8126,97696.565953193,-9.349223,6.776364,0.876150,0.398368,0.844310,0.374551,-0.032667,0.092643,-0.082775
8127,97696.570866523,-9.350969,6.772157,0.878070,0.403844,0.824863,0.352743,-0.031472,0.093242,-0.082941
8128,97696.575810370,-9.352759,6.768018,0.879893,0.408333,0.806415,0.328877,-0.030271,0.093846,-0.083109
8129,97696.580754218,-9.354577,6.763968,0.881597,0.411474,0.788584,0.303180,-0.029069,0.094449,-0.083277
8130,97696.585698066,-9.356416,6.760004,0.883173,0.412584,0.771675,0.276037,-0.027868,0.095052,-0.083445
8131,97696.590611396,-9.358254,6.756145,0.884606,0.412056,0.755729,0.247410,-0.026674,0.095652,-0.083612
8132,97696.595555243,-9.360107,6.752339,0.885904,0.410189,0.740535,0.217028,-0.025472,0.096255,-0.083780
8133,97696.600499091,-9.361957,6.748606,0.887052,0.406829,0.726555,0.185381,-0.024271,0.096858,-0.083948
8134,97696.605442939,-9.363795,6.744942,0.888042,0.402418,0.714500,0.152804,-0.023069,0.097462,-0.084115
8135,97696.610386786,-9.365616,6.741336,0.888870,0.396398,0.703887,0.120023,-0.021868,0.098065,-0.084283
8136,97696.615300116,-9.367401,6.737803,0.889531,0.389306,0.694527,0.086907,-0.020674,0.098664,-0.084450
8137,97696.620243964,-9.369166,6.734294,0.890031,0.381761,0.686155,0.053493,-0.019472,0.099268,-0.084618
8138,97696.625157294,-9.370888,6.730848,0.890363,0.373994,0.678643,0.020588,-0.018278,0.099867,-0.084785
8139,97696.630101142,-9.372586,6.727416,0.890533,0.366175,0.671684,-0.012125,-0.017077,0.100470,-0.084953
8140,97696.635044989,-9.374249,6.724019,0.890540,0.358097,0.665028,-0.044391,-0.015875,0.101074,-0.085120
8141,97696.639988837,-9.375876,6.720654,0.890387,0.349482,0.658498,-0.076265,-0.014674,0.101677,-0.085288
8142,97696.644932685,-9.377464,6.717322,0.890076,0.340193,0.651610,-0.107901,-0.013472,0.102280,-0.085456
8143,97696.654850898,-9.380566,6.710704,0.889135,0.320849,0.637481,-0.170950,-0.011062,0.103491,-0.085793
8144,97696.659764228,-9.382016,6.707496,0.888357,0.311166,0.629382,-0.201917,-0.009868,0.104090,-0.085960
8145,97696.664708075,-9.383430,6.704307,0.887419,0.301863,0.620639,-0.232093,-0.008666,0.104693,-0.086128
8146,97696.669621405,-9.384794,6.701182,0.886338,0.293668,0.611644,-0.260893,-0.007472,0.105293,-0.086294
8147,97696.674565253,-9.386130,6.698081,0.885107,0.286440,0.602193,-0.287158,-0.006271,0.105896,-0.086462
8148,97696.679509101,-9.387434,6.695027,0.883745,0.280533,0.592020,-0.309841,-0.005069,0.106499,-0.086630
8149,97696.684452948,-9.388713,6.692023,0.882270,0.275693,0.580443,-0.327496,-0.003868,0.107103,-0.086798
8150,97696.689396796,-9.389972,6.689076,0.880706,0.271885,0.566577,-0.338543,-0.006672,0.105193,-0.084824
8151,97696.694310126,-9.391208,6.686215,0.879097,0.269671,0.549791,-0.340967,-0.009459,0.103295,-0.082862
8152,97696.699253974,-9.392445,6.683420,0.877465,0.269095,0.532510,-0.332832,-0.012264,0.101385,-0.080888
8153,97696.704197821,-9.393682,6.680711,0.875871,0.269734,0.518451,-0.313257,-0.015069,0.099476,-0.078913
8154,97696.709141669,-9.394924,6.678072,0.874374,0.270225,0.511272,-0.283334,-0.017873,0.097566,-0.076939
8155,97696.714085517,-9.396168,6.675471,0.873024,0.267388,0.514391,-0.246366,-0.020678,0.095656,-0.074965
8156,97696.719029364,-9.397394,6.672857,0.871857,0.258821,0.527540,-0.207659,-0.023482,0.093747,-0.072991
8157,97696.723973212,-9.398572,6.670183,0.870882,0.244581,0.548879,-0.171946,-0.026287,0.091837,-0.071016
8158,97696.728917060,-9.399673,6.667408,0.870083,0.225744,0.577188,-0.141588,-0.029092,0.089927,-0.069042
8159,97696.733860907,-9.400673,6.664500,0.869434,0.202795,0.611485,-0.116667,-0.031896,0.088017,-0.067068
8160,97696.738774237,-9.401544,6.661447,0.868912,0.176679,0.649949,-0.097572,-0.034684,0.086120,-0.065106
8161,97696.743718085,-9.402283,6.658193,0.868482,0.148638,0.691410,-0.083511,-0.037488,0.084210,-0.063132
8162,97696.748661933,-9.402873,6.654741,0.868122,0.121238,0.734236,-0.073141,-0.040293,0.082300,-0.061158
8163,97696.753575263,-9.403314,6.651107,0.867815,0.097398,0.777156,-0.064972,-0.043080,0.080402,-0.059196
8164,97696.763462958,-9.403948,6.643380,0.867280,0.057482,0.863131,-0.050066,-0.048689,0.076583,-0.055247
8165,97696.768406806,-9.404048,6.639102,0.867089,0.045635,0.906617,-0.038656,-0.051494,0.074673,-0.053273
8166,97696.773320136,-9.404079,6.634640,0.866956,0.039069,0.951338,-0.023216,-0.054281,0.072775,-0.051311
8167,97696.778263984,-9.404066,6.629931,0.866901,0.036487,0.997707,-0.004529,-0.057086,0.070865,-0.049337
8168,97696.783207831,-9.404030,6.624996,0.866941,0.035670,1.043403,0.015011,-0.059890,0.068956,-0.047363
8169,97696.788151679,-9.403978,6.619836,0.867081,0.034686,1.085763,0.032978,-0.062695,0.067046,-0.045388
8170,97696.793095526,-9.403911,6.614468,0.867311,0.032281,1.122621,0.047177,-0.065500,0.065136,-0.043414
8171,97696.798039374,-9.403823,6.608920,0.867614,0.027986,1.152244,0.055523,-0.068304,0.063227,-0.041440
8172,97696.802952704,-9.403708,6.603262,0.867957,0.022301,1.173443,0.056426,-0.071092,0.061329,-0.039478
8173,97696.807896552,-9.403559,6.597465,0.868308,0.016793,1.186178,0.050405,-0.073896,0.059419,-0.037504
8174,97696.812840400,-9.403381,6.591607,0.868629,0.013157,1.190155,0.038330,-0.076701,0.057509,-0.035530
8175,97696.817784247,-9.403184,6.585728,0.868891,0.012149,1.185618,0.021427,-0.079505,0.055599,-0.033555
8176,97696.822728095,-9.402985,6.579872,0.869069,0.014075,1.174373,0.001652,-0.082310,0.053690,-0.031581
8177,97696.827671943,-9.402799,6.574069,0.869148,0.018762,1.156956,-0.019688,-0.085115,0.051780,-0.029607
8178,97696.832615790,-9.402642,6.568350,0.869122,0.025538,1.133991,-0.040889,-0.087919,0.049870,-0.027633
8179,97696.837529120,-9.402525,6.562776,0.868990,0.033289,1.106774,-0.059824,-0.090706,0.047972,-0.025671
8180,97696.842472968,-9.402453,6.557299,0.868763,0.041605,1.076431,-0.074462,-0.093511,0.046063,-0.023697
8181,97696.847416816,-9.402430,6.551969,0.868463,0.050835,1.044599,-0.081254,-0.096316,0.044153,-0.021722
8182,97696.852360663,-9.402460,6.546794,0.868127,0.062487,1.013203,-0.076182,-0.099120,0.042243,-0.019748
8183,97696.857273993,-9.402553,6.541803,0.867818,0.076852,0.983436,-0.055985,-0.101908,0.040345,-0.017786
8184,97696.867161689,-9.402893,6.532048,0.867394,0.110789,0.927213,0.022146,-0.107517,0.036526,-0.013838
8185,97696.872105536,-9.403237,6.527447,0.867567,0.129921,0.904501,0.072628,-0.110321,0.034616,-0.011864
8186,97696.877018866,-9.403674,6.522984,0.867987,0.144618,0.882516,0.122179,-0.113109,0.032718,-0.009902
8187,97696.881993232,-9.404191,6.518575,0.868659,0.148763,0.857779,0.171452,-0.115931,0.030797,-0.007915
8188,97696.886937079,-9.404727,6.514317,0.869568,0.140024,0.830721,0.219280,-0.118735,0.028887,-0.005941
8189,97696.891880927,-9.405222,6.510198,0.870712,0.118137,0.804871,0.265698,-0.121540,0.026977,-0.003967
8190,97696.896824775,-9.405611,6.506214,0.872083,0.086041,0.788957,0.294629,-0.124344,0.025068,-0.001993
8191,97696.901768622,-9.405844,6.502317,0.873593,0.046641,0.787092,0.294675,-0.127149,0.023158,-0.000018
8192,97696.906681952,-9.405882,6.498463,0.875091,0.002586,0.796222,0.271596,-0.129936,0.021260,0.001944
8193,97696.911625800,-9.405702,6.494547,0.876481,-0.043465,0.810976,0.226043,-0.132741,0.019350,0.003918
8194,97696.916569648,-9.405295,6.490565,0.877643,-0.087299,0.825006,0.160498,-0.135546,0.017441,0.005892
8195,97696.921513495,-9.404673,6.486520,0.878480,-0.127040,0.832530,0.081078,-0.138350,0.015531,0.007866
8196,97696.926457343,-9.403859,6.482441,0.878921,-0.162207,0.830321,-0.002362,-0.141155,0.013621,0.009841
8197,97696.931370673,-9.402884,6.478400,0.878947,-0.191372,0.818029,-0.076009,-0.143942,0.011723,0.011803
8198,97696.936345038,-9.401759,6.474372,0.878604,-0.213274,0.795393,-0.130626,-0.146764,0.009802,0.013789
8199,97696.941288886,-9.400542,6.470482,0.877990,-0.225767,0.760975,-0.163704,-0.149569,0.007892,0.015763
8200,97696.946202216,-9.399282,6.466785,0.877214,-0.227554,0.714426,-0.177316,-0.152903,0.005945,0.016682
8201,97696.951146064,-9.398015,6.463295,0.876363,-0.215980,0.654300,-0.175295,-0.155536,0.004820,0.016931
8202,97696.956089911,-9.396819,6.460099,0.875520,-0.187946,0.582326,-0.159740,-0.158169,0.003695,0.017179
8203,97696.961003241,-9.395782,6.457271,0.874756,-0.143748,0.505335,-0.135589,-0.160786,0.002577,0.017426
8204,97696.965947089,-9.394972,6.454798,0.874105,-0.086180,0.430672,-0.107449,-0.163419,0.001452,0.017675
8205,97696.970890937,-9.394461,6.452683,0.873594,-0.019279,0.367992,-0.079288,-0.166052,0.000327,0.017923
8206,97696.975834784,-9.394291,6.450865,0.873222,0.050475,0.325529,-0.055523,-0.168685,-0.000798,0.018171
8207,97696.980778632,-9.394474,6.449243,0.872971,0.115597,0.307776,-0.040070,-0.171318,-0.001923,0.018420
8208,97696.985691962,-9.394977,6.447705,0.872801,0.169350,0.313463,-0.034223,-0.173935,-0.003041,0.018667
8209,97696.990635810,-9.395748,6.446118,0.872663,0.209406,0.334438,-0.037233,-0.176568,-0.004165,0.018915
8210,97696.995579657,-9.396712,6.444419,0.872515,0.235582,0.361588,-0.046795,-0.179201,-0.005290,0.019164
8211,97697.000523505,-9.397800,6.442579,0.872323,0.247940,0.387139,-0.059404,-0.181834,-0.006415,0.019412
8212,97697.005467353,-9.398945,6.440609,0.872071,0.247316,0.405086,-0.072314,-0.184467,-0.007540,0.019661
8213,97697.010411200,-9.400084,6.438551,0.871756,0.235748,0.415249,-0.082069,-0.187100,-0.008665,0.019909
8214,97697.015355048,-9.401163,6.436444,0.871393,0.215928,0.419286,-0.087330,-0.189733,-0.009790,0.020157
8215,97697.020268378,-9.402139,6.434334,0.871004,0.190493,0.418485,-0.089032,-0.192350,-0.010908,0.020404
8216,97697.025212226,-9.402995,6.432220,0.870604,0.162254,0.414418,-0.088769,-0.194983,-0.012033,0.020653
8217,97697.030125556,-9.403708,6.430146,0.870204,0.134561,0.408621,-0.087735,-0.197599,-0.013151,0.020900
8218,97697.035069403,-9.404290,6.428093,0.869805,0.109571,0.401999,-0.086491,-0.200232,-0.014276,0.021148
8219,97697.039982734,-9.404747,6.426091,0.869412,0.089296,0.395401,-0.086323,-0.202849,-0.015394,0.021395
8220,97697.044926581,-9.405109,6.424113,0.869016,0.073843,0.389743,-0.087679,-0.205482,-0.016519,0.021643
8221,97697.049870429,-9.405395,6.422167,0.868611,0.062647,0.384839,-0.089748,-0.208115,-0.017644,0.021892
8222,97697.054814276,-9.405627,6.420247,0.868195,0.054462,0.380391,-0.092277,-0.210748,-0.018769,0.022140
8223,97697.059727607,-9.405819,6.418363,0.867769,0.048703,0.376203,-0.094749,-0.213365,-0.019887,0.022387
8224,97697.064671454,-9.405984,6.416488,0.867326,0.044950,0.371919,-0.097258,-0.215998,-0.021012,0.022636
8225,97697.069615302,-9.406132,6.414636,0.866871,0.042952,0.367674,-0.099308,-0.218631,-0.022137,0.022884
8226,97697.074559150,-9.406272,6.412804,0.866406,0.042469,0.363171,-0.101390,-0.221264,-0.023262,0.023133
8227,97697.079502997,-9.406410,6.410995,0.865929,0.042695,0.359137,-0.104094,-0.223897,-0.024386,0.023381
8228,97697.084446845,-9.406550,6.409206,0.865439,0.043229,0.356358,-0.107746,-0.226530,-0.025511,0.023629
8229,97697.089360175,-9.406693,6.407440,0.864934,0.043821,0.355315,-0.112051,-0.229146,-0.026629,0.023876
8230,97697.094304023,-9.406840,6.405669,0.864405,0.043515,0.355885,-0.117094,-0.231779,-0.027754,0.024125
8231,97697.099247870,-9.406986,6.403895,0.863851,0.041319,0.357930,-0.122784,-0.234412,-0.028879,0.024373
8232,97697.104191718,-9.407121,6.402110,0.863268,0.037263,0.360417,-0.128609,-0.237045,-0.030004,0.024622
8233,97697.109135566,-9.407236,6.400314,0.862657,0.031455,0.362604,-0.134111,-0.239678,-0.031129,0.024870
8234,97697.114079413,-9.407322,6.398508,0.862018,0.024008,0.363751,-0.139004,-0.242311,-0.032254,0.025119
8235,97697.119023261,-9.407372,6.396698,0.861355,0.016059,0.364025,-0.143451,-0.244944,-0.033379,0.025367
8236,97697.123967109,-9.407382,6.394887,0.860669,0.008170,0.363473,-0.147614,-0.247577,-0.034504,0.025615
8237,97697.128910956,-9.407354,6.393081,0.859961,0.001136,0.362595,-0.151031,-0.250210,-0.035629,0.025864
8238,97697.133854804,-9.407292,6.391281,0.859237,-0.003822,0.362255,-0.154430,-0.252843,-0.036754,0.026112
8239,97697.138768134,-9.407206,6.389494,0.858499,-0.005797,0.362657,-0.158261,-0.255460,-0.037872,0.026359
8240,97697.143711982,-9.407110,6.387694,0.857738,-0.004456,0.364045,-0.162386,-0.258093,-0.038997,0.026608
8241,97697.148655829,-9.407020,6.385887,0.856957,-0.000833,0.366641,-0.166421,-0.260726,-0.040122,0.026856
8242,97697.153569159,-9.406949,6.384077,0.856161,0.004548,0.369840,-0.170059,-0.263343,-0.041240,0.027103
8243,97697.158513007,-9.406903,6.382239,0.855343,0.011301,0.373275,-0.173612,-0.265976,-0.042365,0.027351
8244,97697.163456855,-9.406890,6.380382,0.854508,0.018821,0.376403,-0.177356,-0.268609,-0.043489,0.027600
8245,97697.168370185,-9.406914,6.378519,0.853661,0.026747,0.379298,-0.181097,-0.271226,-0.044607,0.027847
8246,97697.173314032,-9.406976,6.376629,0.852790,0.034428,0.382228,-0.184950,-0.273859,-0.045732,0.028095
8247,97697.178257880,-9.407077,6.374722,0.851901,0.041062,0.385341,-0.188774,-0.276492,-0.046857,0.028344
8248,97697.183201728,-9.407209,6.372798,0.850995,0.046458,0.388836,-0.192631,-0.279124,-0.047982,0.028592
8249,97697.188145575,-9.407368,6.370856,0.850069,0.050321,0.392723,-0.196725,-0.281757,-0.049107,0.028841
8250,97697.193058905,-9.407544,6.368905,0.849130,0.052679,0.397188,-0.200668,-0.280511,-0.049389,0.027202
8251,97697.198002753,-9.407732,6.366919,0.848166,0.053683,0.402372,-0.204222,-0.279256,-0.049672,0.025552
8252,97697.202946601,-9.407925,6.364907,0.847184,0.053434,0.407970,-0.206950,-0.278002,-0.049955,0.023903
8253,97697.207890448,-9.408115,6.362868,0.846190,0.052437,0.413834,-0.208483,-0.276747,-0.050238,0.022254
8254,97697.212834296,-9.408299,6.360800,0.845188,0.050951,0.419709,-0.208740,-0.275493,-0.050521,0.020605
8255,97697.217778144,-9.408474,6.358703,0.844185,0.049093,0.425651,-0.207704,-0.274238,-0.050804,0.018956
8256,97697.222721991,-9.408639,6.356577,0.843187,0.047141,0.432146,-0.205658,-0.272984,-0.051087,0.017307
8257,97697.227635321,-9.408792,6.354433,0.842206,0.045016,0.439560,-0.202777,-0.271737,-0.051369,0.015668
8258,97697.232548651,-9.408932,6.352253,0.841240,0.042846,0.448210,-0.199363,-0.270490,-0.051650,0.014029
8259,97697.237492499,-9.409060,6.350017,0.840284,0.040839,0.458610,-0.196796,-0.269236,-0.051933,0.012379
8260,97697.242436347,-9.409177,6.347731,0.839342,0.039210,0.470905,-0.195701,-0.267982,-0.052216,0.010730
8261,97697.247380194,-9.409282,6.345385,0.838406,0.037795,0.485012,-0.196578,-0.266727,-0.052499,0.009081
8262,97697.252324042,-9.409377,6.342969,0.837466,0.036816,0.500596,-0.198621,-0.265473,-0.052782,0.007432
8263,97697.257267890,-9.409464,6.340476,0.836517,0.036444,0.517272,-0.200464,-0.264218,-0.053065,0.005783
8264,97697.262211737,-9.409546,6.337901,0.835560,0.037149,0.534526,-0.200268,-0.262964,-0.053349,0.004134
8265,97697.267155585,-9.409628,6.335240,0.834604,0.039676,0.551970,-0.196852,-0.261709,-0.053632,0.002484
8266,97697.272099433,-9.409718,6.332493,0.833667,0.044257,0.569502,-0.191033,-0.260455,-0.053915,0.000835
8267,97697.277012763,-9.409826,6.329677,0.832766,0.050781,0.587065,-0.184268,-0.259208,-0.054196,-0.000804
8268,97697.281956610,-9.409962,6.326755,0.831894,0.058501,0.605193,-0.177949,-0.257953,-0.054479,-0.002453
8269,97697.286900458,-9.410132,6.323742,0.831055,0.066766,0.624109,-0.172235,-0.256699,-0.054762,-0.004102
8270,97697.291844306,-9.410339,6.320634,0.830246,0.075314,0.643867,-0.166756,-0.255445,-0.055046,-0.005751
8271,97697.296788153,-9.410583,6.317428,0.829466,0.084144,0.663889,-0.161532,-0.254190,-0.055329,-0.007400
8272,97697.301701484,-9.410864,6.314141,0.828718,0.093047,0.683442,-0.156091,-0.252943,-0.055610,-0.009039
8273,97697.306645331,-9.411186,6.310736,0.827994,0.102262,0.702494,-0.150025,-0.251689,-0.055893,-0.010689
8274,97697.311589179,-9.411549,6.307235,0.827303,0.111720,0.721041,-0.143039,-0.250434,-0.056176,-0.012338
8275,97697.316533026,-9.411955,6.303640,0.826647,0.121253,0.739726,-0.135478,-0.249180,-0.056459,-0.013987
8276,97697.321476874,-9.412402,6.299952,0.826031,0.130206,0.759096,-0.127532,-0.247925,-0.056742,-0.015636
8277,97697.326390204,-9.412886,6.296191,0.825459,0.138144,0.779473,-0.119043,-0.246679,-0.057024,-0.017275
8278,97697.331303534,-9.413405,6.292328,0.824931,0.144596,0.800544,-0.110396,-0.245432,-0.057305,-0.018914
8279,97697.336247382,-9.413953,6.288336,0.824444,0.150028,0.821793,-0.101686,-0.244177,-0.057588,-0.020563
8280,97697.341221747,-9.414526,6.284213,0.823999,0.155019,0.843174,-0.093053,-0.242915,-0.057873,-0.022223
8281,97697.346165595,-9.415115,6.280009,0.823601,0.159582,0.864481,-0.084493,-0.241661,-0.058156,-0.023872
8282,97697.351109443,-9.415721,6.275700,0.823247,0.163372,0.885724,-0.075678,-0.240406,-0.058439,-0.025521
8283,97697.356053290,-9.416341,6.271286,0.822938,0.165938,0.906644,-0.066613,-0.239152,-0.058723,-0.027170
8284,97697.360997138,-9.416968,6.266768,0.822675,0.167216,0.927242,-0.057148,-0.237897,-0.059006,-0.028819
8285,97697.365940985,-9.417596,6.262149,0.822460,0.167258,0.947996,-0.046570,-0.236643,-0.059289,-0.030468
8286,97697.370884833,-9.418220,6.257428,0.822299,0.166369,0.969607,-0.034000,-0.235388,-0.059572,-0.032118
8287,97697.375828681,-9.418833,6.252601,0.822202,0.165024,0.991819,-0.019792,-0.234134,-0.059855,-0.033767
8288,97697.380742011,-9.419430,6.247696,0.822176,0.162698,1.014190,-0.005031,-0.232887,-0.060136,-0.035406
8289,97697.385685859,-9.420014,6.242652,0.822224,0.159301,1.037684,0.009797,-0.231633,-0.060419,-0.037055
8290,97697.390629706,-9.420574,6.237493,0.822346,0.155031,1.063029,0.024591,-0.230378,-0.060703,-0.038704
8291,97697.395573554,-9.421107,6.232211,0.822543,0.150715,1.090353,0.038829,-0.229124,-0.060986,-0.040353
8292,97697.400517401,-9.421611,6.226796,0.822811,0.147003,1.119131,0.052866,-0.227869,-0.061269,-0.042002
8293,97697.405430732,-9.422087,6.221275,0.823148,0.144642,1.147915,0.065993,-0.226623,-0.061550,-0.043641
8294,97697.410374579,-9.422548,6.215578,0.823554,0.144219,1.175735,0.077937,-0.225368,-0.061833,-0.045290
8295,97697.415318427,-9.422999,6.209745,0.824020,0.145778,1.202545,0.088988,-0.224114,-0.062116,-0.046940
8296,97697.420262275,-9.423451,6.203780,0.824543,0.148333,1.228437,0.099949,-0.222859,-0.062399,-0.048589
8297,97697.425175605,-9.423907,6.197725,0.825118,0.150675,1.252590,0.111281,-0.221612,-0.062681,-0.050228
8298,97697.430149970,-9.424373,6.191475,0.825758,0.152378,1.273024,0.124425,-0.220350,-0.062966,-0.051887
8299,97697.435093818,-9.424840,6.185163,0.826461,0.152944,1.287767,0.139485,-0.219096,-0.063249,-0.053536
8300,97697.440037665,-9.425306,6.178779,0.827238,0.152746,1.298169,0.155166,-0.216095,-0.061153,-0.055166
8301,97697.444981513,-9.425767,6.172344,0.828095,0.151880,1.305906,0.169318,-0.213095,-0.059057,-0.056795
8302,97697.449894843,-9.426218,6.165913,0.829015,0.150700,1.311811,0.182044,-0.210114,-0.056973,-0.058414
8303,97697.454838691,-9.426664,6.159413,0.830005,0.148497,1.316964,0.194345,-0.207113,-0.054877,-0.060043
8304,97697.459752021,-9.427095,6.152929,0.831049,0.143886,1.322251,0.206481,-0.204132,-0.052794,-0.061662
8305,97697.464695868,-9.427503,6.146381,0.832159,0.136625,1.328462,0.218592,-0.201131,-0.050698,-0.063291
8306,97697.469639716,-9.427874,6.139804,0.833329,0.126190,1.334631,0.232017,-0.198131,-0.048602,-0.064921
8307,97697.474583564,-9.428190,6.133200,0.834565,0.114594,1.338199,0.246359,-0.195131,-0.046505,-0.066550
8308,97697.479527411,-9.428448,6.126582,0.835872,0.105217,1.336209,0.261083,-0.192130,-0.044409,-0.068179
8309,97697.484440741,-9.428657,6.120017,0.837242,0.098400,1.327565,0.277831,-0.189149,-0.042326,-0.069798
8310,97697.489384589,-9.428834,6.113457,0.838702,0.093208,1.311809,0.298070,-0.186148,-0.040230,-0.071427
8311,97697.494328437,-9.428988,6.106977,0.840260,0.089377,1.289261,0.321192,-0.183148,-0.038134,-0.073057
8312,97697.499272284,-9.429126,6.100610,0.841932,0.086604,1.260242,0.345932,-0.180148,-0.036038,-0.074686
8313,97697.504216132,-9.429255,6.094390,0.843724,0.084352,1.226063,0.370661,-0.177148,-0.033941,-0.076315
8314,97697.509129462,-9.429378,6.088377,0.845624,0.083096,1.189258,0.392857,-0.174166,-0.031858,-0.077934
8315,97697.514073310,-9.429502,6.082510,0.847643,0.082880,1.151990,0.411622,-0.171166,-0.029762,-0.079563
8316,97697.518986640,-9.429631,6.076864,0.849740,0.083442,1.117249,0.427475,-0.168184,-0.027679,-0.081182
8317,97697.523930487,-9.429769,6.071355,0.851926,0.084305,1.086200,0.442138,-0.165184,-0.025583,-0.082812
8318,97697.528904853,-9.429919,6.065967,0.854196,0.085202,1.059571,0.456574,-0.162165,-0.023474,-0.084451
8319,97697.533848700,-9.430076,6.060745,0.856523,0.085976,1.037615,0.470714,-0.159165,-0.021377,-0.086080
8320,97697.538792548,-9.430242,6.055631,0.858918,0.086525,1.020152,0.483989,-0.156164,-0.019281,-0.087709
8321,97697.543705878,-9.430412,6.050636,0.861363,0.086681,1.006423,0.495776,-0.153183,-0.017198,-0.089328
8322,97697.548649726,-9.430586,6.045678,0.863880,0.086425,0.996170,0.505637,-0.150182,-0.015102,-0.090958
8323,97697.553593573,-9.430760,6.040771,0.866445,0.085573,0.990044,0.513163,-0.147182,-0.013006,-0.092587
8324,97697.558537421,-9.430930,6.035896,0.869047,0.084338,0.988319,0.518116,-0.144182,-0.010910,-0.094216
8325,97697.563450751,-9.431094,6.031059,0.871658,0.082616,0.991082,0.520774,-0.141200,-0.008826,-0.095835
8326,97697.568394599,-9.431249,6.026179,0.874297,0.080848,0.997761,0.521314,-0.138200,-0.006730,-0.097464
8327,97697.573338446,-9.431394,6.021267,0.876940,0.079176,1.007016,0.520009,-0.135200,-0.004634,-0.099094
8328,97697.578282294,-9.431529,6.016309,0.879576,0.077620,1.016915,0.517052,-0.132199,-0.002538,-0.100723
8329,97697.583226142,-9.431654,6.011303,0.882199,0.076649,1.025610,0.512832,-0.129199,-0.000442,-0.102352
8330,97697.588169989,-9.431773,6.006254,0.884801,0.076833,1.031855,0.507096,-0.126199,0.001654,-0.103981
8331,97697.593083319,-9.431891,6.001204,0.887359,0.077211,1.035042,0.499677,-0.123217,0.003738,-0.105600
8332,97697.598027167,-9.432012,5.996107,0.889896,0.077834,1.034722,0.491190,-0.120217,0.005834,-0.107229
8333,97697.602971015,-9.432136,5.991011,0.892392,0.079150,1.030457,0.481959,-0.117217,0.007930,-0.108859
8334,97697.607914862,-9.432269,5.985935,0.894842,0.080812,1.022328,0.471952,-0.114216,0.010026,-0.110488
8335,97697.612858710,-9.432412,5.980899,0.897242,0.082304,1.010599,0.461573,-0.111216,0.012122,-0.112117
8336,97697.617772040,-9.432565,5.975950,0.899575,0.083539,0.995743,0.450801,-0.108234,0.014206,-0.113736
8337,97697.622715888,-9.432728,5.971042,0.901869,0.084855,0.978255,0.439863,-0.105234,0.016302,-0.115365
8338,97697.627659735,-9.432903,5.966220,0.904109,0.086745,0.959154,0.428490,-0.102234,0.018398,-0.116995
8339,97697.632603583,-9.433093,5.961492,0.906290,0.089626,0.939267,0.416041,-0.099234,0.020494,-0.118624
8340,97697.637547431,-9.433301,5.956860,0.908410,0.093649,0.918924,0.402385,-0.096539,0.022394,-0.118788
8341,97697.642491278,-9.433535,5.952326,0.910461,0.098080,0.897937,0.387706,-0.093845,0.024294,-0.118952
8342,97697.647435126,-9.433797,5.947895,0.912438,0.103321,0.877370,0.370817,-0.091151,0.026194,-0.119115
8343,97697.652348456,-9.434088,5.943590,0.914319,0.108983,0.857458,0.351488,-0.088473,0.028082,-0.119278
8344,97697.657292304,-9.434415,5.939354,0.916116,0.114510,0.837523,0.329940,-0.085779,0.029982,-0.119442
8345,97697.662236151,-9.434774,5.935213,0.917806,0.119948,0.818067,0.306339,-0.083085,0.031882,-0.119606
8346,97697.667179999,-9.435167,5.931166,0.919378,0.125052,0.799551,0.280936,-0.080391,0.033782,-0.119770
8347,97697.672093329,-9.435588,5.927233,0.920815,0.129853,0.782289,0.254092,-0.077713,0.035670,-0.119933
8348,97697.677037177,-9.436041,5.923357,0.922127,0.134354,0.766318,0.225586,-0.075019,0.037570,-0.120097
8349,97697.681981025,-9.436522,5.919558,0.923298,0.138241,0.751811,0.196171,-0.072325,0.039470,-0.120261
8350,97697.686924872,-9.437027,5.915827,0.924323,0.141916,0.738571,0.165949,-0.072872,0.039620,-0.120442
8351,97697.691868720,-9.437556,5.912159,0.925198,0.145086,0.726658,0.135020,-0.073420,0.039769,-0.120623
8352,97697.696782050,-9.438101,5.908570,0.925915,0.147482,0.716292,0.103704,-0.073964,0.039918,-0.120803
8353,97697.701725898,-9.438667,5.905007,0.926482,0.149291,0.706895,0.071574,-0.074512,0.040068,-0.120984
8354,97697.706669745,-9.439245,5.901488,0.926889,0.150675,0.698560,0.039203,-0.075059,0.040217,-0.121166
8355,97697.711613593,-9.439835,5.898008,0.927136,0.150968,0.691145,0.007342,-0.075607,0.040367,-0.121347
8356,97697.716557441,-9.440429,5.894562,0.927225,0.150429,0.684395,-0.024145,-0.076154,0.040517,-0.121528
8357,97697.721501288,-9.441025,5.891148,0.927157,0.149166,0.677873,-0.055171,-0.076702,0.040666,-0.121709
8358,97697.726445136,-9.441619,5.887765,0.926936,0.147041,0.671227,-0.085490,-0.077249,0.040816,-0.121891
8359,97697.731388984,-9.442205,5.884413,0.926565,0.144222,0.664617,-0.115870,-0.077797,0.040966,-0.122072
8360,97697.736302314,-9.442778,5.881112,0.926046,0.140520,0.658002,-0.146337,-0.078341,0.041114,-0.122252
8361,97697.741246161,-9.443339,5.877823,0.925372,0.136022,0.651024,-0.176943,-0.078889,0.041264,-0.122433
8362,97697.746190009,-9.443882,5.874567,0.924547,0.131094,0.643783,-0.207782,-0.079436,0.041413,-0.122614
8363,97697.751103339,-9.444401,5.871366,0.923574,0.126352,0.636357,-0.238489,-0.079980,0.041562,-0.122794
8364,97697.756047187,-9.444904,5.868181,0.922443,0.121983,0.629059,-0.269018,-0.080528,0.041712,-0.122976
8365,97697.760960517,-9.445386,5.865050,0.921168,0.118211,0.622131,-0.297919,-0.081072,0.041861,-0.123156
8366,97697.765904364,-9.445856,5.861933,0.919741,0.115634,0.615177,-0.324264,-0.081620,0.042010,-0.123337
8367,97697.770817694,-9.446314,5.858869,0.918193,0.114084,0.607785,-0.346169,-0.082164,0.042159,-0.123517
8368,97697.775761542,-9.446770,5.855821,0.916527,0.114126,0.599315,-0.362758,-0.082711,0.042308,-0.123698
8369,97697.780705390,-9.447229,5.852813,0.914778,0.115511,0.591235,-0.372647,-0.083259,0.042458,-0.123880
8370,97697.785649237,-9.447698,5.849845,0.912980,0.117501,0.584865,-0.373916,-0.083807,0.042608,-0.124061
8371,97697.790593085,-9.448178,5.846907,0.911176,0.119333,0.580619,-0.365531,-0.084354,0.042757,-0.124242
8372,97697.795536933,-9.448667,5.843991,0.909413,0.118290,0.580690,-0.348331,-0.084902,0.042907,-0.124423
8373,97697.800450263,-9.449147,5.841093,0.907745,0.112151,0.586387,-0.324669,-0.085446,0.043056,-0.124603
8374,97697.805394110,-9.449597,5.838153,0.906183,0.100210,0.598269,-0.295751,-0.085993,0.043205,-0.124785
8375,97697.810337958,-9.449983,5.835158,0.904765,0.082666,0.616161,-0.264043,-0.086541,0.043355,-0.124966
8376,97697.815281806,-9.450276,5.832080,0.903503,0.059800,0.639493,-0.232695,-0.087088,0.043505,-0.125147
8377,97697.820256171,-9.450450,5.828875,0.902388,0.031409,0.667130,-0.203454,-0.087639,0.043655,-0.125329
8378,97697.825200019,-9.450475,5.825560,0.901425,-0.000270,0.696383,-0.177075,-0.088187,0.043805,-0.125511
8379,97697.830143866,-9.450335,5.822110,0.900591,-0.033456,0.726942,-0.152806,-0.088735,0.043954,-0.125692
8380,97697.835087714,-9.450022,5.818517,0.899877,-0.065671,0.759108,-0.129925,-0.089282,0.044104,-0.125873
8381,97697.840001044,-9.449545,5.814797,0.899279,-0.093855,0.792460,-0.107797,-0.089826,0.044253,-0.126053
8382,97697.844944892,-9.448917,5.810897,0.898787,-0.118321,0.827386,-0.085191,-0.090374,0.044402,-0.126234
8383,97697.849888739,-9.448159,5.806831,0.898406,-0.140463,0.862949,-0.061675,-0.090921,0.044552,-0.126416
8384,97697.854802069,-9.447288,5.802622,0.898144,-0.160221,0.899291,-0.037180,-0.091466,0.044701,-0.126596
8385,97697.859745917,-9.446304,5.798213,0.898002,-0.178406,0.937709,-0.012025,-0.092013,0.044850,-0.126777
8386,97697.864689765,-9.445220,5.793620,0.897986,-0.196084,0.976884,0.011282,-0.092561,0.045000,-0.126958
8387,97697.869633612,-9.444038,5.788838,0.898085,-0.214632,1.015280,0.030523,-0.093108,0.045150,-0.127139
8388,97697.874546943,-9.442764,5.783903,0.898280,-0.234185,1.051036,0.044236,-0.093652,0.045298,-0.127319
8389,97697.879490790,-9.441375,5.778766,0.898544,-0.254394,1.083000,0.051879,-0.094200,0.045448,-0.127501
8390,97697.884434638,-9.439880,5.773476,0.898846,-0.274798,1.110050,0.052338,-0.094747,0.045598,-0.127682
8391,97697.889378485,-9.438278,5.768056,0.899151,-0.294294,1.131547,0.045383,-0.095295,0.045747,-0.127863
8392,97697.894322333,-9.436575,5.762534,0.899421,-0.310667,1.147122,0.031286,-0.095843,0.045897,-0.128044
8393,97697.899266181,-9.434790,5.756938,0.899621,-0.322214,1.157137,0.011117,-0.096390,0.046046,-0.128226
8394,97697.904179511,-9.432957,5.751329,0.899721,-0.327434,1.161595,-0.013867,-0.096934,0.046195,-0.128406
8395,97697.909123359,-9.431089,5.745662,0.899698,-0.325951,1.159981,-0.042952,-0.097482,0.046345,-0.128587
8396,97697.914067206,-9.429230,5.740001,0.899531,-0.318000,1.152268,-0.074524,-0.098029,0.046494,-0.128768
8397,97697.919011054,-9.427415,5.734374,0.899208,-0.304606,1.138965,-0.106583,-0.098577,0.046644,-0.128949
8398,97697.923954901,-9.425670,5.728809,0.898726,-0.286784,1.121244,-0.136564,-0.099125,0.046794,-0.129131
8399,97697.928898749,-9.424020,5.723325,0.898097,-0.266100,1.100154,-0.161494,-0.099672,0.046943,-0.129312
8400,97697.933842597,-9.422479,5.717939,0.897345,-0.243651,1.076742,-0.177080,-0.101956,0.045759,-0.128891
8401,97697.938786444,-9.421054,5.712663,0.896516,-0.219686,1.052229,-0.179189,-0.104239,0.044574,-0.128470
8402,97697.943699775,-9.419761,5.707534,0.895682,-0.194208,1.026875,-0.164123,-0.106509,0.043396,-0.128052
8403,97697.948643622,-9.418591,5.702494,0.894918,-0.167049,1.000742,-0.127038,-0.108792,0.042212,-0.127631
8404,97697.953556952,-9.417564,5.697610,0.894341,-0.139067,0.975694,-0.077189,-0.111062,0.041034,-0.127213
8405,97697.958500800,-9.416670,5.692817,0.894007,-0.111897,0.951617,-0.026936,-0.113345,0.039850,-0.126792
8406,97697.963444648,-9.415913,5.688140,0.893923,-0.088697,0.925172,0.022525,-0.115629,0.038665,-0.126371
8407,97697.968419013,-9.415268,5.683563,0.894084,-0.074846,0.891871,0.071373,-0.117927,0.037473,-0.125948
8408,97697.973332343,-9.414703,5.679206,0.894482,-0.073804,0.851473,0.118326,-0.120196,0.036295,-0.125529
8409,97697.978245673,-9.414149,5.675050,0.895109,-0.085747,0.808104,0.164236,-0.122466,0.035118,-0.125111
8410,97697.983159003,-9.413542,5.671113,0.895957,-0.111309,0.777246,0.195974,-0.124735,0.033941,-0.124693
8411,97697.988102851,-9.412809,5.667310,0.896964,-0.150652,0.769830,0.200495,-0.127019,0.032756,-0.124272
8412,97697.993046698,-9.411883,5.663554,0.897990,-0.199912,0.782901,0.183633,-0.129302,0.031571,-0.123851
8413,97697.997990546,-9.410713,5.659742,0.898930,-0.251404,0.806204,0.146876,-0.131586,0.030386,-0.123431
8414,97698.002934394,-9.409285,5.655824,0.899685,-0.298535,0.829159,0.091691,-0.133869,0.029202,-0.123010
8415,97698.007847724,-9.407634,5.651824,0.900163,-0.338223,0.843532,0.023983,-0.136139,0.028024,-0.122591
8416,97698.012791571,-9.405779,5.647733,0.900307,-0.371483,0.843536,-0.049463,-0.138423,0.026840,-0.122171
8417,97698.017735419,-9.403765,5.643644,0.900085,-0.399333,0.828994,-0.117737,-0.140706,0.025655,-0.121750
8418,97698.022679267,-9.401621,5.639629,0.899523,-0.420377,0.802673,-0.171448,-0.142990,0.024470,-0.121329
8419,97698.027623114,-9.399383,5.635745,0.898692,-0.431234,0.765832,-0.206860,-0.145273,0.023285,-0.120908
8420,97698.032536444,-9.397115,5.632066,0.897690,-0.428981,0.720427,-0.226080,-0.147543,0.022108,-0.120490
8421,97698.037480292,-9.394857,5.628587,0.896584,-0.411719,0.667596,-0.231952,-0.149826,0.020923,-0.120069
8422,97698.042424140,-9.392695,5.625364,0.895446,-0.379076,0.609238,-0.227010,-0.152110,0.019739,-0.119648
8423,97698.047367987,-9.390707,5.622423,0.894333,-0.330865,0.549611,-0.212822,-0.154393,0.018554,-0.119227
8424,97698.052311835,-9.388968,5.619767,0.893289,-0.270029,0.494838,-0.194273,-0.156677,0.017369,-0.118806
8425,97698.057255683,-9.387541,5.617369,0.892338,-0.201443,0.450318,-0.174437,-0.158961,0.016184,-0.118386
8426,97698.062169013,-9.386468,5.615191,0.891493,-0.130863,0.420365,-0.155102,-0.161230,0.015007,-0.117967
8427,97698.067112860,-9.385741,5.613134,0.890742,-0.064303,0.407626,-0.138820,-0.163514,0.013822,-0.117547
8428,97698.072056708,-9.385345,5.611126,0.890075,-0.008524,0.411850,-0.128355,-0.165797,0.012638,-0.117126
8429,97698.077000556,-9.385222,5.609086,0.889465,0.034121,0.426901,-0.124686,-0.168081,0.011453,-0.116705
8430,97698.081944403,-9.385307,5.606962,0.888877,0.064563,0.445705,-0.126558,-0.170364,0.010268,-0.116284
8431,97698.086888251,-9.385538,5.604739,0.888283,0.083246,0.462987,-0.131830,-0.172648,0.009083,-0.115863
8432,97698.091801581,-9.385856,5.602440,0.887669,0.090960,0.475707,-0.138404,-0.174918,0.007906,-0.115445
8433,97698.096745429,-9.386212,5.600063,0.887020,0.088884,0.482182,-0.144115,-0.177201,0.006721,-0.115024
8434,97698.101689276,-9.386556,5.597653,0.886343,0.078154,0.482043,-0.148258,-0.179485,0.005537,-0.114603
8435,97698.106633124,-9.386848,5.595246,0.885645,0.060511,0.477358,-0.151299,-0.181768,0.004352,-0.114182
8436,97698.111576972,-9.387054,5.592866,0.884930,0.039022,0.470134,-0.154177,-0.184052,0.003167,-0.113762
8437,97698.116490302,-9.387155,5.590540,0.884203,0.016439,0.461799,-0.156933,-0.186321,0.001990,-0.113343
8438,97698.121464667,-9.387147,5.588232,0.883452,-0.006113,0.453267,-0.159451,-0.188619,0.000798,-0.112920
8439,97698.126408515,-9.387030,5.585985,0.882690,-0.026505,0.445538,-0.162060,-0.190903,-0.000387,-0.112499
8440,97698.131352362,-9.386814,5.583780,0.881914,-0.042527,0.439290,-0.165419,-0.193186,-0.001572,-0.112078
8441,97698.136296210,-9.386520,5.581609,0.881120,-0.053322,0.434340,-0.169502,-0.195470,-0.002756,-0.111657
8442,97698.141240058,-9.386175,5.579465,0.880304,-0.060211,0.429880,-0.173683,-0.197753,-0.003941,-0.111237
8443,97698.146153388,-9.385799,5.577357,0.879472,-0.064178,0.425478,-0.177381,-0.200023,-0.005119,-0.110818
8444,97698.151097235,-9.385402,5.575258,0.878616,-0.066618,0.420307,-0.180652,-0.202306,-0.006303,-0.110398
8445,97698.156041083,-9.384994,5.573186,0.877743,-0.068238,0.414223,-0.183474,-0.204590,-0.007488,-0.109977
8446,97698.160984931,-9.384581,5.571143,0.876856,-0.069175,0.407883,-0.186323,-0.206874,-0.008673,-0.109556
8447,97698.165928778,-9.384164,5.569132,0.875954,-0.069826,0.402061,-0.189814,-0.209157,-0.009857,-0.109135
8448,97698.170842109,-9.383748,5.567162,0.875040,-0.070589,0.397477,-0.194223,-0.211427,-0.011035,-0.108717
8449,97698.175785956,-9.383327,5.565202,0.874099,-0.072190,0.394437,-0.199397,-0.213710,-0.012220,-0.108296
8450,97698.180729804,-9.382899,5.563257,0.873131,-0.075122,0.393082,-0.205054,-0.214277,-0.013723,-0.107294
8451,97698.185673651,-9.382457,5.561319,0.872136,-0.079671,0.393099,-0.210821,-0.214845,-0.015226,-0.106292
8452,97698.190617499,-9.381993,5.559381,0.871111,-0.085962,0.393936,-0.216433,-0.215412,-0.016729,-0.105291
8453,97698.195530829,-9.381501,5.557453,0.870065,-0.093430,0.394279,-0.222140,-0.215976,-0.018222,-0.104295
8454,97698.200474677,-9.380970,5.555512,0.868984,-0.101675,0.393523,-0.227824,-0.216543,-0.019725,-0.103293
8455,97698.205418525,-9.380399,5.553576,0.867874,-0.110543,0.391639,-0.233330,-0.217110,-0.021228,-0.102291
8456,97698.210362372,-9.379785,5.551651,0.866736,-0.119377,0.388957,-0.238866,-0.217677,-0.022731,-0.101289
8457,97698.215306220,-9.379128,5.549741,0.865569,-0.127517,0.386108,-0.244277,-0.218245,-0.024234,-0.100288
8458,97698.220250068,-9.378432,5.547846,0.864375,-0.134168,0.383745,-0.249708,-0.218812,-0.025737,-0.099286
8459,97698.225132880,-9.377712,5.545987,0.863169,-0.138432,0.382494,-0.255010,-0.219372,-0.027221,-0.098296
8460,97698.230107245,-9.376959,5.544100,0.861914,-0.140028,0.382663,-0.260250,-0.219943,-0.028734,-0.097288
8461,97698.235020575,-9.376208,5.542236,0.860648,-0.139271,0.384273,-0.264976,-0.220507,-0.030227,-0.096293
8462,97698.239964423,-9.375456,5.540352,0.859350,-0.136530,0.387117,-0.268974,-0.221074,-0.031730,-0.095291
8463,97698.244877753,-9.374721,5.538464,0.858042,-0.132317,0.390972,-0.271793,-0.221638,-0.033224,-0.094295
8464,97698.249821601,-9.374002,5.536545,0.856712,-0.126612,0.395690,-0.273492,-0.222205,-0.034727,-0.093293
8465,97698.254765448,-9.373310,5.534601,0.855375,-0.119864,0.400969,-0.274510,-0.222772,-0.036230,-0.092292
8466,97698.259709296,-9.372651,5.532629,0.854033,-0.112824,0.406597,-0.275163,-0.223339,-0.037733,-0.091290
8467,97698.264653144,-9.372025,5.530628,0.852689,-0.106070,0.412764,-0.275478,-0.223907,-0.039236,-0.090288
8468,97698.269566474,-9.371435,5.528608,0.851352,-0.100319,0.419780,-0.275800,-0.224470,-0.040730,-0.089292
8469,97698.274510321,-9.370868,5.526539,0.850007,-0.096271,0.427768,-0.276190,-0.225038,-0.042232,-0.088291
8470,97698.279454169,-9.370319,5.524430,0.848660,-0.094173,0.436466,-0.277326,-0.225605,-0.043735,-0.087289
8471,97698.284398017,-9.369779,5.522277,0.847308,-0.093967,0.445686,-0.279639,-0.226172,-0.045238,-0.086287
8472,97698.289341864,-9.369238,5.520079,0.845946,-0.095400,0.455155,-0.282876,-0.226739,-0.046741,-0.085285
8473,97698.294285712,-9.368689,5.517834,0.844567,-0.097584,0.464970,-0.286015,-0.227307,-0.048244,-0.084283
8474,97698.299199042,-9.368130,5.515554,0.843183,-0.099875,0.474129,-0.288590,-0.227870,-0.049738,-0.083288
8475,97698.304142890,-9.367554,5.513216,0.841777,-0.102082,0.481996,-0.290275,-0.228438,-0.051241,-0.082286
8476,97698.309086737,-9.366966,5.510840,0.840364,-0.104253,0.488938,-0.290735,-0.229005,-0.052744,-0.081284
8477,97698.314030585,-9.366366,5.508429,0.838948,-0.106203,0.495104,-0.289564,-0.229572,-0.054247,-0.080282
8478,97698.318974433,-9.365754,5.505989,0.837539,-0.107954,0.501200,-0.286816,-0.230139,-0.055750,-0.079280
8479,97698.323918280,-9.365133,5.503519,0.836143,-0.109556,0.507855,-0.282814,-0.230260,-0.056680,-0.079111
8480,97698.328862128,-9.364502,5.501016,0.834767,-0.111430,0.515720,-0.278236,-0.230381,-0.057611,-0.078941
8481,97698.333805976,-9.363859,5.498476,0.833415,-0.113502,0.525542,-0.274067,-0.230502,-0.058541,-0.078772
8482,97698.338749823,-9.363204,5.495888,0.832083,-0.115708,0.537954,-0.271295,-0.230623,-0.059472,-0.078602
8483,97698.343663153,-9.362539,5.493255,0.830774,-0.118111,0.552917,-0.270753,-0.230744,-0.060396,-0.078434
8484,97698.348607001,-9.361855,5.490533,0.829460,-0.120570,0.570345,-0.271776,-0.230865,-0.061327,-0.078264
8485,97698.353520331,-9.361160,5.487743,0.828150,-0.122678,0.590086,-0.272391,-0.230985,-0.062251,-0.078096
8486,97698.358464179,-9.360445,5.484838,0.826829,-0.123447,0.611915,-0.271204,-0.231106,-0.063182,-0.077926
8487,97698.363408026,-9.359722,5.481825,0.825516,-0.122420,0.634304,-0.268258,-0.231227,-0.064112,-0.077757
8488,97698.368351874,-9.358999,5.478702,0.824219,-0.119487,0.656247,-0.263836,-0.231348,-0.065042,-0.077587
8489,97698.373265204,-9.358289,5.475490,0.822953,-0.115592,0.677996,-0.258504,-0.231468,-0.065967,-0.077419
8490,97698.378209052,-9.357590,5.472151,0.821707,-0.112085,0.699834,-0.252791,-0.231589,-0.066898,-0.077250
8491,97698.383152900,-9.356902,5.468703,0.820491,-0.108882,0.721751,-0.246772,-0.231710,-0.067828,-0.077080
8492,97698.388096747,-9.356225,5.465146,0.819307,-0.105763,0.743916,-0.240459,-0.231831,-0.068758,-0.076911
8493,97698.393040595,-9.355558,5.461480,0.818155,-0.102937,0.766403,-0.233959,-0.231952,-0.069689,-0.076741
8494,97698.397953925,-9.354904,5.457726,0.817044,-0.100499,0.788967,-0.227076,-0.232072,-0.070613,-0.076573
8495,97698.402897773,-9.354253,5.453837,0.815961,-0.098005,0.812249,-0.219653,-0.232193,-0.071544,-0.076403
8496,97698.407841620,-9.353608,5.449833,0.814916,-0.095708,0.836026,-0.212092,-0.232314,-0.072474,-0.076234
8497,97698.412785468,-9.352969,5.445711,0.813911,-0.093661,0.860192,-0.204545,-0.232435,-0.073405,-0.076064
8498,97698.417698798,-9.352338,5.441496,0.812950,-0.091771,0.884220,-0.197417,-0.232556,-0.074329,-0.075896
8499,97698.422673163,-9.351703,5.437110,0.812015,-0.089847,0.908100,-0.190541,-0.232677,-0.075266,-0.075725
8500,97698.427617011,-9.351075,5.432633,0.811121,-0.088324,0.930768,-0.184123,-0.230561,-0.073726,-0.076999
8501,97698.432560859,-9.350450,5.428043,0.810260,-0.087430,0.952564,-0.177354,-0.228444,-0.072187,-0.078273
8502,97698.437504706,-9.349824,5.423347,0.809434,-0.087285,0.973562,-0.170262,-0.226328,-0.070647,-0.079547
8503,97698.442448554,-9.349194,5.418547,0.808644,-0.088126,0.993894,-0.163057,-0.224211,-0.069108,-0.080821
8504,97698.447392401,-9.348554,5.413647,0.807891,-0.090006,1.013576,-0.155977,-0.222094,-0.067568,-0.082095
8505,97698.452336249,-9.347900,5.408651,0.807174,-0.093625,1.033488,-0.147728,-0.219978,-0.066029,-0.083369
8506,97698.457249579,-9.347228,5.403589,0.806503,-0.099081,1.054663,-0.136868,-0.217874,-0.064499,-0.084635
8507,97698.462193427,-9.346519,5.398393,0.805882,-0.105579,1.077449,-0.123858,-0.215758,-0.062959,-0.085909
8508,97698.467137275,-9.345773,5.393087,0.805326,-0.112348,1.100919,-0.110057,-0.213641,-0.061420,-0.087183
8509,97698.472081122,-9.344987,5.387667,0.804840,-0.119402,1.125358,-0.096445,-0.211525,-0.059880,-0.088457
8510,97698.477024970,-9.344159,5.382129,0.804422,-0.127293,1.151168,-0.082786,-0.209408,-0.058341,-0.089731
8511,97698.481938300,-9.343292,5.376501,0.804074,-0.135509,1.177877,-0.069333,-0.207305,-0.056811,-0.090997
8512,97698.486882148,-9.342371,5.370709,0.803792,-0.143023,1.205496,-0.056498,-0.205188,-0.055271,-0.092271
8513,97698.491825995,-9.341407,5.364783,0.803574,-0.149507,1.233123,-0.044812,-0.203071,-0.053732,-0.093545
8514,97698.496769843,-9.340404,5.358722,0.803415,-0.154149,1.260038,-0.034574,-0.200955,-0.052192,-0.094819
8515,97698.501713691,-9.339371,5.352530,0.803308,-0.156508,1.285907,-0.025737,-0.198838,-0.050653,-0.096093
8516,97698.506627021,-9.338327,5.346251,0.803247,-0.156883,1.310891,-0.017495,-0.196735,-0.049123,-0.097359
8517,97698.511570868,-9.337269,5.339810,0.803227,-0.155977,1.334783,-0.008329,-0.194618,-0.047584,-0.098633
8518,97698.516484198,-9.336216,5.333291,0.803254,-0.154278,1.355374,0.003363,-0.192515,-0.046054,-0.099899
8519,97698.521428046,-9.335159,5.326631,0.803340,-0.151736,1.371084,0.018711,-0.190398,-0.044514,-0.101173
8520,97698.526402411,-9.334104,5.319852,0.803505,-0.148282,1.382619,0.036613,-0.188268,-0.042965,-0.102455
8521,97698.531346259,-9.333068,5.313058,0.803757,-0.144543,1.391805,0.054737,-0.186152,-0.041426,-0.103729
8522,97698.536290107,-9.332048,5.306219,0.804100,-0.140672,1.398973,0.072210,-0.184035,-0.039886,-0.105003
8523,97698.541203437,-9.331050,5.299388,0.804528,-0.137065,1.404022,0.088700,-0.181932,-0.038356,-0.106269
8524,97698.546147284,-9.330062,5.292489,0.805040,-0.135011,1.408489,0.105151,-0.179815,-0.036817,-0.107543
8525,97698.551091132,-9.329082,5.285569,0.805634,-0.136218,1.413434,0.122087,-0.177698,-0.035277,-0.108817
8526,97698.556034980,-9.328093,5.278625,0.806312,-0.140695,1.418720,0.138513,-0.175582,-0.033738,-0.110091
8527,97698.560948310,-9.327086,5.271701,0.807066,-0.147181,1.422339,0.155378,-0.173478,-0.032208,-0.111357
8528,97698.565892157,-9.326039,5.264718,0.807909,-0.154052,1.421581,0.173830,-0.171362,-0.030668,-0.112631
8529,97698.570836005,-9.324957,5.257741,0.808842,-0.159272,1.414865,0.193614,-0.169245,-0.029129,-0.113905
8530,97698.575779853,-9.323849,5.250800,0.809871,-0.162660,1.402093,0.215254,-0.167129,-0.027589,-0.115179
8531,97698.580723700,-9.322726,5.243925,0.811007,-0.164755,1.383193,0.238549,-0.165012,-0.026050,-0.116453
8532,97698.585637030,-9.321601,5.237186,0.812249,-0.165498,1.358845,0.262544,-0.162909,-0.024520,-0.117719
8533,97698.590580878,-9.320470,5.230528,0.813616,-0.165163,1.330332,0.286169,-0.160792,-0.022980,-0.118993
8534,97698.595524726,-9.319344,5.224011,0.815098,-0.163695,1.299622,0.306969,-0.158675,-0.021441,-0.120267
8535,97698.600468573,-9.318232,5.217648,0.816681,-0.161263,1.268667,0.324602,-0.156559,-0.019902,-0.121541
8536,97698.605412421,-9.317136,5.211437,0.818349,-0.158054,1.239600,0.340598,-0.154442,-0.018362,-0.122815
8537,97698.610325751,-9.316068,5.205408,0.820084,-0.154958,1.213659,0.356114,-0.152339,-0.016832,-0.124081
8538,97698.615269599,-9.315014,5.199471,0.821906,-0.152141,1.190617,0.372117,-0.150222,-0.015293,-0.125355
8539,97698.620213446,-9.313977,5.193647,0.823805,-0.149458,1.170417,0.388497,-0.148106,-0.013753,-0.126629
8540,97698.625126776,-9.312963,5.187959,0.825772,-0.147145,1.152878,0.403781,-0.146002,-0.012223,-0.127895
8541,97698.630070624,-9.311957,5.182322,0.827826,-0.144708,1.137506,0.416922,-0.143885,-0.010684,-0.129169
8542,97698.634983954,-9.310971,5.176796,0.829931,-0.142465,1.125182,0.427468,-0.141782,-0.009154,-0.130435
8543,97698.639927802,-9.309993,5.171297,0.832101,-0.140956,1.116307,0.435859,-0.139665,-0.007614,-0.131709
8544,97698.644871650,-9.309023,5.165842,0.834311,-0.140117,1.111299,0.441692,-0.137549,-0.006075,-0.132983
8545,97698.649815497,-9.308058,5.160412,0.836551,-0.140405,1.110502,0.445276,-0.135432,-0.004535,-0.134257
8546,97698.654789862,-9.307085,5.154952,0.838822,-0.141238,1.113187,0.446807,-0.133303,-0.002986,-0.135539
8547,97698.659703193,-9.306119,5.149547,0.841072,-0.142666,1.118348,0.446743,-0.131199,-0.001456,-0.136805
8548,97698.664616523,-9.305146,5.144117,0.843323,-0.144142,1.124490,0.445878,-0.129095,0.000074,-0.138071
8549,97698.669560370,-9.304158,5.138622,0.845583,-0.144595,1.130235,0.443926,-0.126979,0.001613,-0.139345
8550,97698.674504218,-9.303166,5.133100,0.847835,-0.144062,1.134265,0.440417,-0.126639,0.003537,-0.139947
8551,97698.679448066,-9.302177,5.127557,0.850069,-0.142900,1.135676,0.435371,-0.126298,0.005461,-0.140550
8552,97698.684391913,-9.301193,5.122006,0.852278,-0.140738,1.133509,0.429529,-0.125958,0.007385,-0.141153
8553,97698.689305243,-9.300227,5.116500,0.854445,-0.137732,1.128228,0.423012,-0.125620,0.009297,-0.141752
8554,97698.694249091,-9.299271,5.110985,0.856593,-0.134089,1.119510,0.415789,-0.125280,0.011221,-0.142354
8555,97698.699192939,-9.298336,5.105511,0.858706,-0.129946,1.107536,0.407908,-0.124940,0.013145,-0.142957
8556,97698.704167304,-9.297418,5.100062,0.860791,-0.124515,1.092525,0.399540,-0.124597,0.015081,-0.143564
8557,97698.709111151,-9.296537,5.094718,0.862822,-0.117359,1.075729,0.390482,-0.124257,0.017005,-0.144166
8558,97698.714054999,-9.295696,5.089455,0.864808,-0.108779,1.057928,0.380310,-0.123917,0.018929,-0.144769
8559,97698.718998847,-9.294902,5.084278,0.866743,-0.099709,1.039498,0.369057,-0.123577,0.020853,-0.145372
8560,97698.723942694,-9.294157,5.079189,0.868622,-0.090633,1.020643,0.356526,-0.123237,0.022777,-0.145974
8561,97698.728886542,-9.293462,5.074191,0.870439,-0.081246,1.002062,0.341956,-0.122896,0.024701,-0.146577
8562,97698.733830390,-9.292818,5.069281,0.872183,-0.071215,0.984193,0.325309,-0.122556,0.026625,-0.147180
8563,97698.738774237,-9.292230,5.064456,0.873845,-0.060913,0.966584,0.307108,-0.122216,0.028549,-0.147782
8564,97698.743718085,-9.291697,5.059715,0.875416,-0.050548,0.949197,0.287562,-0.121876,0.030473,-0.148385
8565,97698.748631415,-9.291223,5.055085,0.876881,-0.040329,0.932963,0.266108,-0.121538,0.032385,-0.148984
8566,97698.753575263,-9.290802,5.050503,0.878249,-0.031035,0.917464,0.242473,-0.121197,0.034309,-0.149587
8567,97698.758519110,-9.290432,5.045994,0.879501,-0.022963,0.902867,0.217225,-0.120857,0.036233,-0.150189
8568,97698.763462958,-9.290107,5.041554,0.880627,-0.016180,0.889049,0.190379,-0.120517,0.038157,-0.150792
8569,97698.768406806,-9.289820,5.037178,0.881620,-0.010784,0.875877,0.162094,-0.120177,0.040081,-0.151395
8570,97698.773350653,-9.289565,5.032865,0.882472,-0.006676,0.863351,0.132508,-0.119836,0.042005,-0.151997
8571,97698.778263984,-9.289336,5.028637,0.883174,-0.003979,0.851794,0.101815,-0.119498,0.043918,-0.152596
8572,97698.783207831,-9.289124,5.024438,0.883728,-0.002508,0.840959,0.069823,-0.119158,0.045842,-0.153199
8573,97698.788151679,-9.288924,5.020290,0.884123,-0.002277,0.830932,0.036872,-0.118818,0.047766,-0.153802
8574,97698.793095526,-9.288730,5.016189,0.884355,-0.003181,0.821591,0.003187,-0.118478,0.049690,-0.154404
8575,97698.798039374,-9.288535,5.012132,0.884420,-0.004764,0.812923,-0.030994,-0.118137,0.051614,-0.155007
8576,97698.802983222,-9.288337,5.008116,0.884315,-0.007185,0.805181,-0.064869,-0.117797,0.053538,-0.155610
8577,97698.807896552,-9.288132,5.004162,0.884044,-0.009913,0.797953,-0.098244,-0.117459,0.055450,-0.156209
8578,97698.812840400,-9.287917,5.000217,0.883605,-0.013188,0.790589,-0.131315,-0.117119,0.057374,-0.156812
8579,97698.817784247,-9.287690,4.996307,0.883002,-0.016886,0.782930,-0.163956,-0.116779,0.059298,-0.157414
8580,97698.822728095,-9.287448,4.992434,0.882238,-0.021028,0.774810,-0.196346,-0.116438,0.061222,-0.158017
8581,97698.827641425,-9.287191,4.988623,0.881318,-0.025545,0.766371,-0.228251,-0.116100,0.063134,-0.158616
8582,97698.832554755,-9.286917,4.984853,0.880240,-0.030121,0.757811,-0.260023,-0.115762,0.065046,-0.159215
8583,97698.837498603,-9.286622,4.981100,0.878998,-0.034438,0.748961,-0.292277,-0.115422,0.066970,-0.159817
8584,97698.842442450,-9.286310,4.977390,0.877595,-0.038275,0.740132,-0.324915,-0.115082,0.068894,-0.160420
8585,97698.847386298,-9.285983,4.973723,0.876031,-0.041127,0.731337,-0.357782,-0.114742,0.070818,-0.161023
8586,97698.852299628,-9.285649,4.970120,0.874314,-0.042954,0.722492,-0.389343,-0.114403,0.072730,-0.161622
8587,97698.857243476,-9.285308,4.966536,0.872429,-0.043502,0.713112,-0.418684,-0.114063,0.074654,-0.162225
8588,97698.862187323,-9.284968,4.962997,0.870399,-0.042591,0.702962,-0.443804,-0.113723,0.076578,-0.162827
8589,97698.867131171,-9.284637,4.959507,0.868244,-0.040542,0.692199,-0.462553,-0.113383,0.078502,-0.163430
8590,97698.872075019,-9.284319,4.956068,0.865997,-0.037773,0.682325,-0.472841,-0.113043,0.080426,-0.164033
8591,97698.877018866,-9.284018,4.952676,0.863697,-0.035345,0.673664,-0.473200,-0.112702,0.082350,-0.164635
8592,97698.881932196,-9.283733,4.949348,0.861410,-0.034162,0.667042,-0.463787,-0.112364,0.084262,-0.165234
8593,97698.886876044,-9.283452,4.946032,0.859155,-0.036982,0.664067,-0.445295,-0.112024,0.086186,-0.165837
8594,97698.891819892,-9.283157,4.942732,0.856991,-0.046266,0.666901,-0.418547,-0.111684,0.088110,-0.166440
8595,97698.896763739,-9.282814,4.939422,0.854959,-0.062668,0.676330,-0.385210,-0.111344,0.090034,-0.167042
8596,97698.901707587,-9.282385,4.936071,0.853090,-0.085444,0.691407,-0.349312,-0.111003,0.091958,-0.167645
8597,97698.906620917,-9.281841,4.932674,0.851409,-0.113188,0.710920,-0.313980,-0.110665,0.093870,-0.168244
8598,97698.911564765,-9.281150,4.929168,0.849891,-0.145181,0.733661,-0.279779,-0.110325,0.095795,-0.168847
8599,97698.916508612,-9.280294,4.925558,0.848542,-0.179464,0.758342,-0.247361,-0.109985,0.097719,-0.169449
8600,97698.921452460,-9.279260,4.921836,0.847351,-0.212586,0.784599,-0.215851,-0.110494,0.097644,-0.167805
8601,97698.926365790,-9.278063,4.918017,0.846322,-0.241966,0.813655,-0.184050,-0.110686,0.097941,-0.166601
8602,97698.931309638,-9.276704,4.914040,0.845443,-0.267754,0.847383,-0.149934,-0.110879,0.098241,-0.165389
8603,97698.936253485,-9.275209,4.909903,0.844732,-0.290510,0.886450,-0.112878,-0.111072,0.098541,-0.164178
8604,97698.941166816,-9.273599,4.905608,0.844209,-0.310056,0.931442,-0.074326,-0.111264,0.098838,-0.162974
8605,97698.946110663,-9.271871,4.901070,0.843874,-0.328155,0.982143,-0.035992,-0.111457,0.099138,-0.161762
8606,97698.951054511,-9.270039,4.896288,0.843731,-0.346475,1.034208,-0.002352,-0.111651,0.099437,-0.160551
8607,97698.955967841,-9.268116,4.891286,0.843755,-0.365944,1.083026,0.023270,-0.111842,0.099735,-0.159347
8608,97698.960911689,-9.266071,4.886018,0.843908,-0.386426,1.127123,0.039921,-0.112036,0.100035,-0.158135
8609,97698.965886054,-9.263902,4.880504,0.844145,-0.406700,1.166007,0.047498,-0.112230,0.100336,-0.156916
8610,97698.970799384,-9.261651,4.874872,0.844418,-0.424642,1.198760,0.045878,-0.112422,0.100634,-0.155712
8611,97698.975712714,-9.259304,4.869082,0.844683,-0.439516,1.225835,0.036845,-0.112614,0.100931,-0.154508
8612,97698.980656562,-9.256865,4.863125,0.844906,-0.450746,1.247602,0.021022,-0.112807,0.101231,-0.153296
8613,97698.985600409,-9.254366,4.857063,0.845051,-0.456991,1.264373,-0.000612,-0.113000,0.101530,-0.152085
8614,97698.990544257,-9.251834,4.850917,0.845090,-0.457235,1.276069,-0.027190,-0.113193,0.101830,-0.150873
8615,97698.995488105,-9.249301,4.844712,0.844998,-0.450714,1.282174,-0.057836,-0.113386,0.102130,-0.149662
8616,97699.000431952,-9.246801,4.838474,0.844755,-0.437528,1.282010,-0.090413,-0.113580,0.102429,-0.148450
8617,97699.005345282,-9.244383,4.832270,0.844355,-0.419054,1.275988,-0.121460,-0.113771,0.102727,-0.147246
8618,97699.010289130,-9.242045,4.826051,0.843800,-0.396871,1.264474,-0.148160,-0.113756,0.102249,-0.145578
8619,97699.015232978,-9.239820,4.819883,0.843114,-0.372644,1.247645,-0.166098,-0.113741,0.101772,-0.143909
8620,97699.020176825,-9.237721,4.813791,0.842339,-0.347493,1.226115,-0.171681,-0.113726,0.101295,-0.142241
8621,97699.025120673,-9.235751,4.807800,0.841538,-0.322319,1.200329,-0.161467,-0.113711,0.100817,-0.140572
8622,97699.030034003,-9.233921,4.801968,0.840793,-0.298685,1.171107,-0.131738,-0.113696,0.100343,-0.138914
8623,97699.034977851,-9.232201,4.796241,0.840190,-0.275699,1.137882,-0.083725,-0.113681,0.099865,-0.137246
8624,97699.044865546,-9.228995,4.785110,0.839457,-0.231028,1.067026,0.012107,-0.113650,0.098910,-0.133909
8625,97699.049809394,-9.227621,4.779891,0.839564,-0.222503,1.020886,0.058876,-0.113635,0.098433,-0.132241
8626,97699.054753241,-9.226296,4.774901,0.839899,-0.223815,0.967628,0.104997,-0.113620,0.097955,-0.130572
8627,97699.059666571,-9.224981,4.770207,0.840456,-0.235016,0.914862,0.148395,-0.113605,0.097481,-0.128914
8628,97699.064610419,-9.223611,4.765749,0.841227,-0.256134,0.873911,0.169149,-0.113590,0.097004,-0.127246
8629,97699.069554267,-9.222144,4.761499,0.842096,-0.285426,0.852601,0.164660,-0.113575,0.096526,-0.125577
8630,97699.074498114,-9.220538,4.757360,0.842940,-0.318598,0.851304,0.144237,-0.113559,0.096049,-0.123909
8631,97699.079441962,-9.218769,4.753234,0.843680,-0.350761,0.863289,0.110139,-0.113544,0.095571,-0.122241
8632,97699.084355292,-9.216853,4.749079,0.844246,-0.378278,0.879366,0.065098,-0.113529,0.095097,-0.120583
8633,97699.089299140,-9.214789,4.744822,0.844593,-0.400614,0.892255,0.014286,-0.113514,0.094619,-0.118914
8634,97699.094242987,-9.212616,4.740503,0.844687,-0.419740,0.897102,-0.036376,-0.113499,0.094142,-0.117246
8635,97699.099186835,-9.210350,4.736161,0.844530,-0.437396,0.889841,-0.081510,-0.113484,0.093664,-0.115577
8636,97699.104130683,-9.208003,4.731856,0.844147,-0.453332,0.869921,-0.116221,-0.113469,0.093187,-0.113909
8637,97699.109044013,-9.205598,4.727676,0.843595,-0.463868,0.838960,-0.140090,-0.113454,0.092713,-0.112251
8638,97699.113987860,-9.203135,4.723625,0.842918,-0.464130,0.798385,-0.155758,-0.113438,0.092235,-0.110582
8639,97699.118901191,-9.200696,4.719796,0.842166,-0.451222,0.751527,-0.163778,-0.113423,0.091761,-0.108924
8640,97699.123845038,-9.198316,4.716172,0.841368,-0.424151,0.701114,-0.163508,-0.113408,0.091283,-0.107256
8641,97699.128819403,-9.196067,4.712770,0.840565,-0.382276,0.651642,-0.154003,-0.113393,0.090803,-0.105577
8642,97699.133763251,-9.194048,4.709625,0.839815,-0.328730,0.608647,-0.138756,-0.113378,0.090325,-0.103909
8643,97699.138707099,-9.192302,4.706681,0.839141,-0.267895,0.576029,-0.122053,-0.113363,0.089848,-0.102240
8644,97699.143650946,-9.190863,4.703886,0.838552,-0.204260,0.556605,-0.107554,-0.113347,0.089370,-0.100572
8645,97699.148594794,-9.189741,4.701175,0.838039,-0.143252,0.551731,-0.097236,-0.113332,0.088893,-0.098904
8646,97699.153538642,-9.188920,4.698475,0.837580,-0.089910,0.560483,-0.091288,-0.113317,0.088416,-0.097235
8647,97699.158482489,-9.188361,4.695721,0.837156,-0.046674,0.578739,-0.089086,-0.113302,0.087938,-0.095567
8648,97699.163395819,-9.188013,4.692885,0.836749,-0.013516,0.600677,-0.089755,-0.113287,0.087464,-0.093909
8649,97699.168339667,-9.187823,4.689915,0.836341,0.011058,0.620626,-0.092003,-0.113272,0.086986,-0.092240
8650,97699.173283515,-9.187749,4.686842,0.835924,0.028158,0.634578,-0.095146,-0.112873,0.084824,-0.090202
8651,97699.178227362,-9.187757,4.683696,0.835494,0.037900,0.641562,-0.098173,-0.112474,0.082662,-0.088164
8652,97699.183171210,-9.187812,4.680513,0.835049,0.040676,0.642297,-0.100408,-0.112076,0.080499,-0.086125
8653,97699.188084540,-9.187880,4.677345,0.834597,0.037376,0.638562,-0.102233,-0.111679,0.078351,-0.084100
8654,97699.193028388,-9.187933,4.674177,0.834133,0.029106,0.632544,-0.104419,-0.111281,0.076188,-0.082061
8655,97699.197972235,-9.187947,4.671040,0.833657,0.017540,0.625877,-0.107333,-0.110882,0.074026,-0.080023
8656,97699.202916083,-9.187905,4.667939,0.833165,0.002721,0.620186,-0.111223,-0.110483,0.071864,-0.077985
8657,97699.207859931,-9.187791,4.664868,0.832653,-0.014898,0.615301,-0.117241,-0.110084,0.069702,-0.075946
8658,97699.212803778,-9.187593,4.661825,0.832109,-0.032916,0.610929,-0.124911,-0.109686,0.067539,-0.073908
8659,97699.217717109,-9.187308,4.658826,0.831529,-0.049946,0.606603,-0.132825,-0.109289,0.065390,-0.071882
8660,97699.222691474,-9.186937,4.655814,0.830901,-0.065722,0.601858,-0.140353,-0.108888,0.063215,-0.069832
8661,97699.227635321,-9.186491,4.652847,0.830239,-0.079285,0.596496,-0.146822,-0.108490,0.061053,-0.067793
8662,97699.232579169,-9.185981,4.649909,0.829543,-0.090669,0.589951,-0.152179,-0.108091,0.058890,-0.065755
8663,97699.237492499,-9.185419,4.647023,0.828824,-0.099714,0.581686,-0.156875,-0.107695,0.056741,-0.063729
8664,97699.242405829,-9.184815,4.644180,0.828080,-0.106387,0.572065,-0.161057,-0.107298,0.054592,-0.061704
8665,97699.247349677,-9.184177,4.641368,0.827311,-0.111289,0.561769,-0.164974,-0.106900,0.052430,-0.059665
8666,97699.252293525,-9.183517,4.638607,0.826520,-0.114695,0.552030,-0.168769,-0.106501,0.050268,-0.057627
8667,97699.257237372,-9.182843,4.635895,0.825711,-0.117183,0.543807,-0.172824,-0.106102,0.048106,-0.055589
8668,97699.262181220,-9.182158,4.633223,0.824880,-0.119485,0.537556,-0.177559,-0.105703,0.045943,-0.053550
8669,97699.267094550,-9.181468,4.630600,0.824031,-0.121772,0.533462,-0.183152,-0.105307,0.043794,-0.051525
8670,97699.272038398,-9.180764,4.627980,0.823149,-0.124323,0.530983,-0.189338,-0.104908,0.041632,-0.049486
8671,97699.276982245,-9.180048,4.625372,0.822235,-0.127405,0.529897,-0.195717,-0.104510,0.039470,-0.047448
8672,97699.281926093,-9.179318,4.622771,0.821290,-0.130651,0.529241,-0.201782,-0.104111,0.037308,-0.045410
8673,97699.286869941,-9.178572,4.620172,0.820315,-0.133620,0.528334,-0.207283,-0.103712,0.035145,-0.043371
8674,97699.291813788,-9.177812,4.617579,0.819312,-0.136216,0.526728,-0.212150,-0.103313,0.032983,-0.041333
8675,97699.296727118,-9.177045,4.615010,0.818291,-0.137866,0.524559,-0.216294,-0.102917,0.030834,-0.039307
8676,97699.301640448,-9.176271,4.612451,0.817249,-0.138308,0.521723,-0.220075,-0.102521,0.028685,-0.037282
8677,97699.306584296,-9.175490,4.609891,0.816183,-0.137231,0.518682,-0.224100,-0.102122,0.026523,-0.035243
8678,97699.311528144,-9.174716,4.607345,0.815096,-0.134527,0.516082,-0.228707,-0.101723,0.024361,-0.033205
8679,97699.316471991,-9.173955,4.604810,0.813986,-0.130445,0.514565,-0.233713,-0.101325,0.022199,-0.031167
8680,97699.321385321,-9.173221,4.602298,0.812859,-0.125179,0.514517,-0.239021,-0.100928,0.020050,-0.029141
8681,97699.326329169,-9.172508,4.599769,0.811699,-0.118901,0.515584,-0.244747,-0.100530,0.017887,-0.027103
8682,97699.331273017,-9.171826,4.597233,0.810511,-0.111581,0.517565,-0.251035,-0.100131,0.015725,-0.025064
8683,97699.336216864,-9.171181,4.594685,0.809293,-0.103709,0.520078,-0.258194,-0.099732,0.013563,-0.023026
8684,97699.341160712,-9.170574,4.592123,0.808040,-0.095841,0.522838,-0.266141,-0.099334,0.011401,-0.020988
8685,97699.346104560,-9.170006,4.589545,0.806749,-0.088209,0.525666,-0.274394,-0.098935,0.009238,-0.018949
8686,97699.351017890,-9.169479,4.586967,0.805426,-0.080846,0.528329,-0.282383,-0.098539,0.007090,-0.016924
8687,97699.355961737,-9.168985,4.584357,0.804056,-0.073485,0.531093,-0.289667,-0.098140,0.004927,-0.014885
8688,97699.360905585,-9.168528,4.581732,0.802650,-0.066354,0.534157,-0.295763,-0.097741,0.002765,-0.012847
8689,97699.365849433,-9.168105,4.579089,0.801215,-0.059535,0.537633,-0.300629,-0.097342,0.000603,-0.010809
8690,97699.370762763,-9.167718,4.576445,0.799766,-0.053528,0.541482,-0.304301,-0.096946,-0.001546,-0.008783
8691,97699.375706610,-9.167358,4.573763,0.798290,-0.048134,0.546027,-0.306904,-0.096547,-0.003708,-0.006745
8692,97699.380650458,-9.167024,4.571057,0.796802,-0.043520,0.551158,-0.308578,-0.096149,-0.005871,-0.004706
8693,97699.385594306,-9.166711,4.568325,0.795307,-0.040051,0.556428,-0.309472,-0.095750,-0.008033,-0.002668
8694,97699.390538153,-9.166414,4.565566,0.793807,-0.038025,0.562332,-0.308950,-0.095351,-0.010195,-0.000630
8695,97699.395451484,-9.166128,4.562795,0.792320,-0.037992,0.569022,-0.306435,-0.094955,-0.012344,0.001396
8696,97699.400395331,-9.165839,4.559974,0.790837,-0.039825,0.576492,-0.302588,-0.094556,-0.014506,0.003434
8697,97699.405339179,-9.165539,4.557116,0.789373,-0.043757,0.584191,-0.299122,-0.094157,-0.016669,0.005473
8698,97699.410283026,-9.165217,4.554222,0.787926,-0.049840,0.592068,-0.296845,-0.093759,-0.018831,0.007511
8699,97699.415226874,-9.164864,4.551290,0.786490,-0.056755,0.601061,-0.295498,-0.093360,-0.020993,0.009549
8700,97699.420170722,-9.164474,4.548315,0.785062,-0.063498,0.611908,-0.294109,-0.091059,-0.021215,0.009604
8701,97699.425084052,-9.164051,4.545307,0.783648,-0.069470,0.624775,-0.291319,-0.088773,-0.021436,0.009659
8702,97699.429997382,-9.163596,4.542237,0.782249,-0.074170,0.639559,-0.285651,-0.086487,-0.021656,0.009714
8703,97699.434971747,-9.163108,4.539057,0.780862,-0.077625,0.654559,-0.276957,-0.084172,-0.021880,0.009770
8704,97699.439946112,-9.162599,4.535803,0.779518,-0.079063,0.668836,-0.266662,-0.081857,-0.022103,0.009826
8705,97699.444889960,-9.162082,4.532500,0.778234,-0.077995,0.683487,-0.255645,-0.079556,-0.022325,0.009881
8706,97699.449833808,-9.161567,4.529126,0.777005,-0.074140,0.700017,-0.244137,-0.077256,-0.022547,0.009936
8707,97699.454747138,-9.161069,4.525691,0.775842,-0.068164,0.719181,-0.232403,-0.074969,-0.022767,0.009991
8708,97699.459690985,-9.160593,4.522139,0.774731,-0.060659,0.741094,-0.221204,-0.072669,-0.022989,0.010047
8709,97699.464634833,-9.160148,4.518478,0.773678,-0.051941,0.764891,-0.210940,-0.070368,-0.023211,0.010102
8710,97699.469578681,-9.159741,4.514698,0.772677,-0.042165,0.790021,-0.201415,-0.068068,-0.023433,0.010157
8711,97699.474522528,-9.159375,4.510793,0.771726,-0.031542,0.816072,-0.192269,-0.065767,-0.023655,0.010213
8712,97699.479435859,-9.159058,4.506782,0.770827,-0.020476,0.842975,-0.183671,-0.063481,-0.023876,0.010268
8713,97699.484379706,-9.158786,4.502612,0.769969,-0.009469,0.871137,-0.175462,-0.061180,-0.024098,0.010323
8714,97699.489323554,-9.158563,4.498301,0.769153,0.000898,0.899952,-0.168077,-0.058879,-0.024320,0.010378
8715,97699.494267401,-9.158384,4.493845,0.768376,0.010435,0.928465,-0.162077,-0.056579,-0.024542,0.010434
8716,97699.499211249,-9.158245,4.489247,0.767631,0.018603,0.955947,-0.157027,-0.054278,-0.024763,0.010489
8717,97699.504124579,-9.158141,4.484542,0.766918,0.024840,0.981726,-0.152398,-0.051992,-0.024984,0.010544
8718,97699.509068427,-9.158061,4.479678,0.766225,0.029560,1.006509,-0.148035,-0.049691,-0.025206,0.010599
8719,97699.514012275,-9.157999,4.474692,0.765556,0.032946,1.030479,-0.143688,-0.047391,-0.025428,0.010655
8720,97699.518956122,-9.157948,4.469586,0.764910,0.034826,1.054453,-0.138364,-0.045090,-0.025650,0.010710
8721,97699.523899970,-9.157901,4.464362,0.764292,0.035623,1.079297,-0.131184,-0.042790,-0.025872,0.010765
8722,97699.528843818,-9.157852,4.459016,0.763710,0.035814,1.104126,-0.123224,-0.040489,-0.026094,0.010821
8723,97699.533787665,-9.157798,4.453547,0.763170,0.034928,1.128888,-0.115021,-0.038188,-0.026316,0.010876
8724,97699.538731513,-9.157733,4.447957,0.762672,0.032151,1.154257,-0.105675,-0.035888,-0.026538,0.010931
8725,97699.543644843,-9.157649,4.442278,0.762224,0.027610,1.180986,-0.094997,-0.033601,-0.026758,0.010986
8726,97699.548588691,-9.157535,4.436434,0.761827,0.022231,1.209538,-0.082863,-0.031301,-0.026980,0.011042
8727,97699.553502021,-9.157389,4.430487,0.761493,0.016934,1.239608,-0.070212,-0.029014,-0.027201,0.011097
8728,97699.558415351,-9.157210,4.424395,0.761223,0.012534,1.270752,-0.057059,-0.026728,-0.027421,0.011152
8729,97699.563359198,-9.156999,4.418113,0.761018,0.009860,1.302367,-0.044435,-0.024427,-0.027643,0.011207
8730,97699.568303046,-9.156768,4.411676,0.760877,0.008958,1.333659,-0.032963,-0.022127,-0.027865,0.011262
8731,97699.573246894,-9.156525,4.405085,0.760795,0.010285,1.364869,-0.022316,-0.019826,-0.028087,0.011318
8732,97699.578190741,-9.156281,4.398341,0.760767,0.013860,1.395722,-0.011937,-0.017526,-0.028309,0.011373
8733,97699.583104071,-9.156048,4.391487,0.760792,0.019088,1.425442,-0.001521,-0.015239,-0.028530,0.011428
8734,97699.588047919,-9.155833,4.384443,0.760872,0.025447,1.453694,0.010118,-0.012939,-0.028752,0.011483
8735,97699.592991767,-9.155642,4.377258,0.761010,0.032669,1.479175,0.023802,-0.010638,-0.028974,0.011539
8736,97699.597935614,-9.155480,4.369948,0.761219,0.040812,1.501146,0.038713,-0.008337,-0.029196,0.011594
8737,97699.602879462,-9.155353,4.362528,0.761503,0.049427,1.520058,0.053365,-0.006037,-0.029417,0.011649
8738,97699.607792792,-9.155263,4.355059,0.761859,0.057757,1.536371,0.067297,-0.003750,-0.029638,0.011704
8739,97699.612736640,-9.155210,4.347464,0.762288,0.063854,1.550233,0.083258,-0.001450,-0.029860,0.011760
8740,97699.617680487,-9.155182,4.339799,0.762797,0.065848,1.561291,0.102282,0.000851,-0.030082,0.011815
8741,97699.622593818,-9.155161,4.332128,0.763398,0.064600,1.569276,0.121180,0.003137,-0.030303,0.011870
8742,97699.627568183,-9.155130,4.324323,0.764100,0.060870,1.573757,0.139926,0.005452,-0.030526,0.011926
8743,97699.632542548,-9.155078,4.316499,0.764895,0.055064,1.574265,0.158687,0.007767,-0.030749,0.011981
8744,97699.637455878,-9.154997,4.308770,0.765772,0.049099,1.570195,0.177928,0.010053,-0.030970,0.012036
8745,97699.642369208,-9.154886,4.301064,0.766743,0.045128,1.561155,0.199350,0.012339,-0.031190,0.012091
8746,97699.647313056,-9.154755,4.293357,0.767825,0.043235,1.547653,0.223686,0.014640,-0.031412,0.012147
8747,97699.652256903,-9.154617,4.285718,0.769027,0.042574,1.530523,0.250375,0.016941,-0.031634,0.012202
8748,97699.657200751,-9.154476,4.278166,0.770359,0.043349,1.509494,0.278413,0.019241,-0.031856,0.012257
8749,97699.662114081,-9.154343,4.270765,0.771820,0.045761,1.485098,0.306050,0.021528,-0.032077,0.012312
8750,97699.667057929,-9.154224,4.263440,0.773425,0.049531,1.457785,0.332798,0.023940,-0.031652,0.012170
8751,97699.672001776,-9.154128,4.256250,0.775161,0.054205,1.428837,0.357661,0.026353,-0.031228,0.012028
8752,97699.676945624,-9.154060,4.249205,0.777018,0.059735,1.400066,0.381166,0.028766,-0.030804,0.011886
8753,97699.681889472,-9.154023,4.242301,0.778991,0.065660,1.372605,0.403958,0.031179,-0.030380,0.011744
8754,97699.686802802,-9.154020,4.235575,0.781061,0.071306,1.346806,0.425420,0.033577,-0.029958,0.011603
8755,97699.691746650,-9.154049,4.228935,0.783250,0.076257,1.322262,0.444434,0.035989,-0.029534,0.011461
8756,97699.696690497,-9.154107,4.222417,0.785532,0.080381,1.299947,0.459839,0.038402,-0.029109,0.011319
8757,97699.701634345,-9.154188,4.216008,0.787889,0.082913,1.280762,0.471791,0.039531,-0.028250,0.010461
8758,97699.706578193,-9.154286,4.209695,0.790303,0.083714,1.265124,0.480849,0.040660,-0.027391,0.009603
8759,97699.711522040,-9.154390,4.203459,0.792762,0.082927,1.253570,0.487048,0.041789,-0.026531,0.008744
8760,97699.716465888,-9.154492,4.197280,0.795251,0.080426,1.246273,0.490830,0.042918,-0.025672,0.007886
8761,97699.721379218,-9.154582,4.191177,0.797742,0.076010,1.243623,0.493012,0.044041,-0.024818,0.007033
8762,97699.726323066,-9.154652,4.185050,0.800259,0.070657,1.244922,0.493433,0.045170,-0.023959,0.006175
8763,97699.731266913,-9.154695,4.178917,0.802778,0.065164,1.249203,0.492278,0.046299,-0.023099,0.005317
8764,97699.736210761,-9.154710,4.172765,0.805291,0.059945,1.255203,0.490179,0.047428,-0.022240,0.004459
8765,97699.741154609,-9.154698,4.166584,0.807793,0.054967,1.261011,0.487393,0.048557,-0.021381,0.003601
8766,97699.746067939,-9.154661,4.160413,0.810266,0.051539,1.265251,0.484142,0.049679,-0.020526,0.002748
8767,97699.751011786,-9.154606,4.154184,0.812739,0.049821,1.267044,0.479720,0.050808,-0.019667,0.001890
8768,97699.755955634,-9.154542,4.147946,0.815190,0.048746,1.265370,0.473920,0.051937,-0.018808,0.001031
8769,97699.760899482,-9.154474,4.141716,0.817612,0.048242,1.259637,0.467552,0.053066,-0.017948,0.000173
8770,97699.765812812,-9.154405,4.135552,0.819987,0.048732,1.250082,0.460691,0.054188,-0.017094,-0.000680
8771,97699.770756659,-9.154341,4.129397,0.822343,0.050174,1.237089,0.453301,0.055317,-0.016235,-0.001538
8772,97699.775700507,-9.154288,4.123305,0.824661,0.052261,1.220733,0.445257,0.056446,-0.015376,-0.002396
8773,97699.780644355,-9.154249,4.117293,0.826939,0.055180,1.201481,0.436671,0.057575,-0.014516,-0.003254
8774,97699.785588202,-9.154229,4.111374,0.829173,0.058911,1.179916,0.427534,0.058704,-0.013657,-0.004113
8775,97699.790501532,-9.154233,4.105597,0.831348,0.063716,1.157204,0.417454,0.059826,-0.012803,-0.004965
8776,97699.795445380,-9.154266,4.099895,0.833486,0.069932,1.133831,0.405767,0.060955,-0.011944,-0.005824
8777,97699.800389228,-9.154336,4.094306,0.835564,0.077021,1.110824,0.392543,0.062085,-0.011084,-0.006682
8778,97699.805333075,-9.154447,4.088828,0.837577,0.084496,1.087925,0.377838,0.063214,-0.010225,-0.007540
8779,97699.810276923,-9.154600,4.083460,0.839516,0.092204,1.065908,0.361360,0.064343,-0.009366,-0.008398
8780,97699.815220771,-9.154798,4.078199,0.841373,0.100310,1.044855,0.342740,0.065472,-0.008506,-0.009256
8781,97699.820134101,-9.155041,4.073070,0.843126,0.108176,1.024990,0.322748,0.066594,-0.007652,-0.010109
8782,97699.825077948,-9.155329,4.068005,0.844791,0.114946,1.005654,0.301093,0.067723,-0.006793,-0.010967
8783,97699.829991278,-9.155654,4.063063,0.846338,0.120716,0.987277,0.277964,0.068845,-0.005939,-0.011820
8784,97699.834965644,-9.156018,4.058149,0.847789,0.125748,0.969867,0.253189,0.069981,-0.005074,-0.012684
8785,97699.839909491,-9.156410,4.053348,0.849108,0.129769,0.953525,0.227029,0.071110,-0.004215,-0.013542
8786,97699.844853339,-9.156828,4.048625,0.850297,0.133056,0.938013,0.199633,0.072239,-0.003355,-0.014400
8787,97699.849797187,-9.157267,4.043976,0.851349,0.135778,0.923301,0.170914,0.073368,-0.002496,-0.015258
8788,97699.854771552,-9.157727,4.039369,0.852265,0.137825,0.909194,0.140843,0.074504,-0.001631,-0.016122
8789,97699.864598212,-9.158667,4.030402,0.853778,0.140428,0.882744,0.078905,0.076748,0.000077,-0.017828
8790,97699.869542060,-9.159163,4.026017,0.854231,0.140630,0.872124,0.045866,0.077877,0.000936,-0.018686
8791,97699.874455390,-9.159662,4.021709,0.854518,0.140088,0.862823,0.013092,0.078999,0.001790,-0.019539
8792,97699.879399237,-9.160165,4.017419,0.854645,0.138992,0.854286,-0.019803,0.080129,0.002649,-0.020397
8793,97699.884343085,-9.160667,4.013168,0.854609,0.137710,0.846729,-0.052348,0.081258,0.003509,-0.021255
8794,97699.889286933,-9.161167,4.008953,0.854411,0.136140,0.839215,-0.084327,0.082387,0.004368,-0.022113
8795,97699.894230780,-9.161663,4.004774,0.854054,0.134147,0.831509,-0.116132,0.083516,0.005227,-0.022972
8796,97699.899174628,-9.162153,4.000631,0.853540,0.131419,0.823219,-0.147536,0.084645,0.006087,-0.023830
8797,97699.904087958,-9.162631,3.996553,0.852874,0.127983,0.814374,-0.178326,0.085767,0.006941,-0.024683
8798,97699.909031806,-9.163099,3.992492,0.852051,0.124269,0.805028,-0.209126,0.086896,0.007800,-0.025541
8799,97699.913975653,-9.163553,3.988476,0.851075,0.120712,0.794810,-0.239722,0.088025,0.008660,-0.026399
8800,97699.918919501,-9.163993,3.984510,0.849946,0.117557,0.783854,-0.270081,0.085029,0.008029,-0.026425
8801,97699.923863349,-9.164423,3.980596,0.848667,0.115007,0.771880,-0.299976,0.082034,0.007398,-0.026452
8802,97699.928807196,-9.164844,3.976740,0.847239,0.113144,0.758368,-0.328099,0.079038,0.006768,-0.026478
8803,97699.933751044,-9.165262,3.972950,0.845671,0.112289,0.742492,-0.353248,0.076043,0.006137,-0.026505
8804,97699.938694892,-9.165680,3.969236,0.843978,0.112670,0.724881,-0.374300,0.073047,0.005507,-0.026531
8805,97699.943638739,-9.166106,3.965608,0.842179,0.113699,0.707768,-0.388722,0.070052,0.004876,-0.026557
8806,97699.948552069,-9.166539,3.962085,0.840320,0.114532,0.692802,-0.394622,0.067075,0.004250,-0.026584
8807,97699.953495917,-9.166982,3.958614,0.838420,0.114498,0.680985,-0.392952,0.064079,0.003619,-0.026610
8808,97699.958409247,-9.167425,3.955223,0.836538,0.111841,0.674927,-0.383329,0.061102,0.002992,-0.026636
8809,97699.963353095,-9.167858,3.951841,0.834692,0.104232,0.676738,-0.365115,0.058107,0.002362,-0.026663
8810,97699.968296943,-9.168252,3.948453,0.832936,0.089924,0.688200,-0.339426,0.055111,0.001731,-0.026689
8811,97699.973210273,-9.168569,3.945035,0.831316,0.068674,0.707980,-0.307736,0.052134,0.001105,-0.026715
8812,97699.978154120,-9.168776,3.941504,0.829842,0.043681,0.732934,-0.274314,0.049139,0.000474,-0.026742
8813,97699.983097968,-9.168852,3.937857,0.828533,0.014819,0.760908,-0.242334,0.046143,-0.000156,-0.026768
8814,97699.988041816,-9.168778,3.934081,0.827382,-0.016507,0.790269,-0.212499,0.043148,-0.000787,-0.026795
8815,97699.992985663,-9.168540,3.930168,0.826378,-0.047429,0.820493,-0.184646,0.040152,-0.001418,-0.026821
8816,97699.997898993,-9.168143,3.926140,0.825516,-0.075384,0.851545,-0.157327,0.037175,-0.002044,-0.026847
8817,97700.002842841,-9.167597,3.921941,0.824784,-0.099505,0.885129,-0.129108,0.034180,-0.002675,-0.026874
8818,97700.007786689,-9.166922,3.917583,0.824191,-0.118737,0.922233,-0.098375,0.031184,-0.003305,-0.026900
8819,97700.012761054,-9.166137,3.913019,0.823749,-0.134102,0.964832,-0.065179,0.028170,-0.003940,-0.026927
8820,97700.017704901,-9.165270,3.908279,0.823474,-0.146715,1.012778,-0.031140,0.025175,-0.004570,-0.026953
8821,97700.022618232,-9.164334,3.903338,0.823371,-0.157622,1.064628,0.000778,0.022198,-0.005197,-0.026979
8822,97700.027562079,-9.163324,3.898114,0.823426,-0.168530,1.117155,0.027742,0.019202,-0.005828,-0.027006
8823,97700.032536444,-9.162240,3.892601,0.823619,-0.180597,1.166329,0.047447,0.016188,-0.006462,-0.027032
8824,97700.037449775,-9.161098,3.886919,0.823908,-0.193089,1.208962,0.058474,0.013211,-0.007089,-0.027058
8825,97700.042393622,-9.159878,3.880993,0.824255,-0.205199,1.245142,0.060511,0.010216,-0.007719,-0.027085
8826,97700.047306952,-9.158597,3.874930,0.824611,-0.215573,1.273640,0.054726,0.007239,-0.008346,-0.027111
8827,97700.052220282,-9.157260,3.868728,0.824940,-0.222693,1.294534,0.041789,0.004262,-0.008972,-0.027137
8828,97700.057164130,-9.155876,3.862386,0.825207,-0.224929,1.307991,0.022373,0.001266,-0.009603,-0.027164
8829,97700.062138495,-9.154471,3.855937,0.825381,-0.221364,1.313804,-0.002651,-0.001748,-0.010237,-0.027190
8830,97700.067051825,-9.153101,3.849536,0.825429,-0.212202,1.311551,-0.030983,-0.004725,-0.010864,-0.027217
8831,97700.071995673,-9.151770,3.843102,0.825339,-0.197744,1.300958,-0.060104,-0.007720,-0.011495,-0.027243
8832,97700.076939521,-9.150515,3.836716,0.825105,-0.178897,1.283342,-0.086722,-0.010716,-0.012125,-0.027269
8833,97700.081883368,-9.149359,3.830411,0.824740,-0.157101,1.259974,-0.107157,-0.013711,-0.012756,-0.027296
8834,97700.086796698,-9.148323,3.824254,0.824277,-0.134516,1.232239,-0.117761,-0.016688,-0.013382,-0.027322
8835,97700.091740546,-9.147400,3.818190,0.823759,-0.111884,1.200531,-0.115188,-0.019684,-0.014013,-0.027348
8836,97700.096684394,-9.146594,3.812278,0.823253,-0.089635,1.167150,-0.096011,-0.022679,-0.014644,-0.027375
8837,97700.101628241,-9.145905,3.806527,0.822841,-0.067783,1.132840,-0.057312,-0.025675,-0.015274,-0.027401
8838,97700.106541571,-9.145332,3.800978,0.822622,-0.046584,1.098391,-0.010167,-0.028652,-0.015901,-0.027427
8839,97700.111485419,-9.144864,3.795563,0.822634,-0.027940,1.062483,0.037204,-0.031647,-0.016531,-0.027454
8840,97700.116429267,-9.144492,3.790324,0.822880,-0.015563,1.022652,0.083922,-0.034643,-0.017162,-0.027480
8841,97700.121373114,-9.144187,3.785282,0.823354,-0.012452,0.976845,0.130189,-0.037638,-0.017792,-0.027507
8842,97700.126286444,-9.143906,3.780498,0.824051,-0.018276,0.928743,0.175875,-0.040615,-0.018419,-0.027533
8843,97700.131260810,-9.143599,3.775898,0.824980,-0.033246,0.884141,0.217273,-0.043629,-0.019053,-0.027559
8844,97700.136204657,-9.143227,3.771553,0.826105,-0.056537,0.852693,0.234732,-0.046625,-0.019684,-0.027586
8845,97700.141148505,-9.142746,3.767369,0.827312,-0.087614,0.840177,0.229730,-0.049620,-0.020315,-0.027612
8846,97700.146092353,-9.142114,3.763253,0.828491,-0.123587,0.842306,0.208066,-0.052616,-0.020945,-0.027639
8847,97700.151036200,-9.141306,3.759133,0.829561,-0.161429,0.850225,0.169306,-0.055611,-0.021576,-0.027665
8848,97700.155980048,-9.140312,3.754979,0.830437,-0.199183,0.857094,0.114705,-0.058606,-0.022206,-0.027691
8849,97700.160893378,-9.139141,3.750822,0.831036,-0.235591,0.858894,0.050207,-0.061584,-0.022833,-0.027718
8850,97700.165837226,-9.137787,3.746635,0.831318,-0.269739,0.852390,-0.017886,-0.065223,-0.023458,-0.027889
8851,97700.170781073,-9.136271,3.742482,0.831261,-0.300063,0.835980,-0.080996,-0.068863,-0.024083,-0.028060
8852,97700.175724921,-9.134613,3.738413,0.830888,-0.324719,0.810460,-0.131651,-0.072502,-0.024708,-0.028231
8853,97700.180668769,-9.132843,3.734473,0.830262,-0.340449,0.776736,-0.166035,-0.076142,-0.025334,-0.028402
8854,97700.185612616,-9.131005,3.730700,0.829462,-0.343827,0.735500,-0.185590,-0.079782,-0.025959,-0.028573
8855,97700.190525946,-9.129171,3.727152,0.828569,-0.333357,0.687666,-0.191767,-0.083399,-0.026580,-0.028743
8856,97700.195469794,-9.127389,3.723816,0.827638,-0.307092,0.634375,-0.185407,-0.087039,-0.027205,-0.028914
8857,97700.200413642,-9.125748,3.720738,0.826736,-0.264045,0.578870,-0.168169,-0.090678,-0.027830,-0.029085
8858,97700.205357489,-9.124330,3.717926,0.825920,-0.207038,0.526185,-0.145782,-0.094318,-0.028455,-0.029256
8859,97700.210270819,-9.123211,3.715378,0.825220,-0.141274,0.482262,-0.123013,-0.097935,-0.029077,-0.029426
8860,97700.215214667,-9.122417,3.713019,0.824630,-0.071327,0.452086,-0.103129,-0.101575,-0.029702,-0.029597
8861,97700.220158515,-9.121974,3.710796,0.824142,-0.003792,0.439138,-0.089081,-0.105214,-0.030327,-0.029768
8862,97700.225102362,-9.121866,3.708622,0.823728,0.055615,0.443280,-0.082016,-0.108854,-0.030952,-0.029939
8863,97700.230046210,-9.122051,3.706416,0.823353,0.103474,0.459628,-0.081724,-0.112494,-0.031577,-0.030110
8864,97700.234990058,-9.122468,3.704118,0.822984,0.139620,0.480253,-0.085526,-0.116133,-0.032203,-0.030281
8865,97700.239933905,-9.123059,3.701711,0.822601,0.164298,0.500185,-0.091606,-0.119773,-0.032828,-0.030452
8866,97700.244847235,-9.123764,3.699215,0.822193,0.178033,0.515301,-0.097394,-0.123390,-0.033449,-0.030622
8867,97700.249791083,-9.124538,3.696625,0.821755,0.182204,0.524144,-0.101934,-0.127030,-0.034074,-0.030794
8868,97700.254734931,-9.125331,3.693991,0.821296,0.177726,0.526933,-0.104773,-0.130669,-0.034699,-0.030965
8869,97700.259678778,-9.126102,3.691343,0.820823,0.166641,0.524331,-0.106333,-0.134309,-0.035324,-0.031136
8870,97700.264592109,-9.126814,3.688727,0.820344,0.150747,0.518792,-0.108219,-0.137926,-0.035946,-0.031306
8871,97700.269535956,-9.127454,3.686125,0.819852,0.132661,0.512020,-0.111064,-0.141566,-0.036571,-0.031477
8872,97700.274479804,-9.128005,3.683561,0.819343,0.115166,0.505937,-0.114464,-0.145205,-0.037196,-0.031648
8873,97700.279423651,-9.128472,3.681030,0.818816,0.098552,0.501092,-0.117985,-0.148845,-0.037821,-0.031819
8874,97700.284367499,-9.128859,3.678527,0.818270,0.083551,0.497516,-0.121509,-0.152485,-0.038446,-0.031990
8875,97700.289280829,-9.129170,3.676059,0.817709,0.071442,0.494794,-0.124732,-0.156102,-0.039068,-0.032160
8876,97700.294224677,-9.129424,3.673592,0.817128,0.062393,0.492119,-0.127477,-0.159742,-0.039693,-0.032331
8877,97700.299168525,-9.129634,3.671140,0.816532,0.056078,0.489300,-0.129604,-0.163381,-0.040318,-0.032502
8878,97700.304112372,-9.129814,3.668703,0.815924,0.051787,0.486115,-0.131114,-0.167021,-0.040943,-0.032673
8879,97700.309056220,-9.129974,3.666283,0.815309,0.049041,0.482475,-0.132242,-0.170660,-0.041568,-0.032844
8880,97700.314000068,-9.130121,3.663881,0.814688,0.046973,0.478545,-0.133279,-0.174300,-0.042193,-0.033015
8881,97700.318913398,-9.130257,3.661514,0.814065,0.045104,0.474884,-0.134634,-0.177917,-0.042815,-0.033185
8882,97700.323857245,-9.130387,3.659151,0.813432,0.042916,0.471683,-0.136294,-0.181557,-0.043440,-0.033356
8883,97700.328801093,-9.130506,3.656803,0.812789,0.040238,0.469282,-0.138503,-0.185197,-0.044065,-0.033527
8884,97700.333714423,-9.130612,3.654483,0.812140,0.037172,0.467833,-0.141669,-0.188814,-0.044686,-0.033697
8885,97700.338658271,-9.130704,3.652155,0.811470,0.033623,0.467271,-0.145921,-0.192453,-0.045312,-0.033868
8886,97700.343571601,-9.130778,3.649845,0.810784,0.029458,0.467347,-0.151066,-0.196071,-0.045933,-0.034038
8887,97700.348515448,-9.130833,3.647521,0.810067,0.024194,0.467719,-0.156644,-0.199710,-0.046558,-0.034209
8888,97700.353459296,-9.130862,3.645196,0.809323,0.018201,0.468055,-0.162047,-0.203350,-0.047183,-0.034380
8889,97700.358403144,-9.130862,3.642870,0.808551,0.011968,0.468186,-0.167222,-0.206990,-0.047808,-0.034551
8890,97700.363346991,-9.130831,3.640545,0.807754,0.006141,0.467579,-0.171857,-0.210629,-0.048433,-0.034723
8891,97700.368260321,-9.130773,3.638238,0.806938,0.001258,0.466257,-0.176095,-0.214246,-0.049055,-0.034893
8892,97700.373204169,-9.130690,3.635924,0.806095,-0.002071,0.464731,-0.180083,-0.217886,-0.049680,-0.035064
8893,97700.378148017,-9.130592,3.633618,0.805233,-0.003412,0.463610,-0.183989,-0.221526,-0.050305,-0.035235
8894,97700.383091864,-9.130487,3.631317,0.804351,-0.002643,0.463347,-0.187728,-0.225165,-0.050930,-0.035406
8895,97700.388035712,-9.130387,3.629018,0.803450,0.000114,0.463972,-0.191538,-0.228805,-0.051555,-0.035577
8896,97700.392949042,-9.130301,3.626728,0.802537,0.004214,0.465045,-0.195332,-0.231763,-0.052343,-0.035014
8897,97700.397892890,-9.130235,3.624419,0.801600,0.009003,0.466589,-0.199325,-0.234740,-0.053136,-0.034449
8898,97700.402836737,-9.130192,3.622100,0.800643,0.014280,0.468378,-0.203414,-0.237716,-0.053929,-0.033883
8899,97700.407780585,-9.130175,3.619771,0.799667,0.019536,0.470213,-0.207539,-0.240693,-0.054722,-0.033317
8900,97700.412724433,-9.130185,3.617431,0.798670,0.024471,0.472194,-0.211577,-0.239764,-0.055497,-0.033508
8901,97700.417637763,-9.130218,3.615095,0.797661,0.028849,0.474545,-0.215507,-0.238842,-0.056268,-0.033698
8902,97700.422581610,-9.130272,3.612731,0.796626,0.032620,0.477517,-0.219194,-0.237914,-0.057043,-0.033889
8903,97700.427525458,-9.130346,3.610352,0.795574,0.035834,0.481449,-0.222347,-0.236985,-0.057818,-0.034081
8904,97700.432469306,-9.130434,3.607953,0.794506,0.038401,0.486392,-0.224691,-0.236057,-0.058593,-0.034272
8905,97700.437413153,-9.130534,3.605528,0.793428,0.040371,0.492392,-0.226231,-0.235129,-0.059368,-0.034463
8906,97700.442357001,-9.130642,3.603073,0.792342,0.041682,0.499151,-0.226852,-0.234201,-0.060144,-0.034654
8907,97700.447270331,-9.130755,3.600600,0.791260,0.042391,0.506837,-0.226606,-0.233278,-0.060914,-0.034844
8908,97700.452244696,-9.130871,3.598058,0.790167,0.042473,0.515913,-0.225493,-0.232344,-0.061694,-0.035037
8909,97700.457188544,-9.130985,3.595487,0.789086,0.042047,0.526170,-0.223497,-0.231416,-0.062469,-0.035228
8910,97700.462132392,-9.131095,3.592865,0.788016,0.041178,0.537489,-0.221187,-0.230488,-0.063245,-0.035419
8911,97700.467076239,-9.131197,3.590187,0.786958,0.039691,0.549850,-0.219054,-0.229560,-0.064020,-0.035610
8912,97700.471989569,-9.131289,3.587466,0.785918,0.037774,0.562941,-0.217379,-0.228637,-0.064790,-0.035800
8913,97700.476933417,-9.131368,3.584664,0.784880,0.035709,0.576658,-0.216743,-0.227709,-0.065566,-0.035991
8914,97700.481877265,-9.131435,3.581795,0.783845,0.034058,0.590722,-0.217019,-0.226781,-0.066341,-0.036183
8915,97700.486821112,-9.131490,3.578857,0.782811,0.033209,0.605624,-0.217376,-0.225852,-0.067116,-0.036374
8916,97700.491764960,-9.131538,3.575845,0.781775,0.033496,0.621711,-0.217616,-0.224924,-0.067891,-0.036565
8917,97700.496678290,-9.131584,3.572772,0.780745,0.034871,0.638626,-0.217322,-0.224002,-0.068662,-0.036755
8918,97700.501622138,-9.131633,3.569597,0.779712,0.038182,0.656183,-0.216125,-0.223073,-0.069437,-0.036946
8919,97700.506565985,-9.131694,3.566334,0.778686,0.043836,0.674443,-0.213503,-0.222145,-0.070212,-0.037137
8920,97700.511509833,-9.131780,3.562981,0.777674,0.052203,0.693518,-0.209393,-0.221217,-0.070988,-0.037329
8921,97700.516453681,-9.131902,3.559531,0.776684,0.062679,0.712670,-0.203853,-0.220289,-0.071763,-0.037520
8922,97700.521367011,-9.132070,3.556007,0.775730,0.073578,0.730905,-0.197384,-0.219366,-0.072533,-0.037710
8923,97700.526341376,-9.132290,3.552346,0.774798,0.083788,0.748169,-0.190393,-0.218432,-0.073313,-0.037902
8924,97700.531285224,-9.132555,3.548621,0.773908,0.092545,0.764065,-0.183467,-0.217504,-0.074088,-0.038093
8925,97700.536198554,-9.132857,3.544840,0.773059,0.099197,0.779969,-0.176934,-0.216581,-0.074859,-0.038283
8926,97700.541111884,-9.133188,3.540979,0.772243,0.104055,0.796912,-0.170473,-0.215659,-0.075629,-0.038473
8927,97700.546055732,-9.133541,3.537010,0.771456,0.106872,0.815163,-0.163920,-0.214731,-0.076405,-0.038665
8928,97700.550999579,-9.133903,3.532951,0.770703,0.108620,0.834575,-0.157338,-0.213802,-0.077180,-0.038856
8929,97700.555912909,-9.134267,3.528821,0.769987,0.110103,0.854743,-0.150526,-0.212880,-0.077950,-0.039046
8930,97700.560856757,-9.134636,3.524566,0.769303,0.111887,0.875365,-0.143857,-0.211952,-0.078726,-0.039237
8931,97700.565800605,-9.135009,3.520210,0.768652,0.114235,0.896331,-0.137400,-0.211023,-0.079501,-0.039428
8932,97700.570744452,-9.135388,3.515750,0.768035,0.116876,0.917527,-0.131126,-0.210095,-0.080276,-0.039619
8933,97700.575688300,-9.135775,3.511185,0.767451,0.119964,0.938655,-0.125763,-0.209167,-0.081051,-0.039811
8934,97700.580632148,-9.136173,3.506515,0.766894,0.123138,0.959328,-0.121576,-0.208239,-0.081826,-0.040002
8935,97700.585545478,-9.136578,3.501773,0.766363,0.126264,0.979688,-0.117927,-0.207316,-0.082597,-0.040192
8936,97700.590489325,-9.136997,3.496899,0.765848,0.129488,1.000714,-0.114075,-0.206388,-0.083372,-0.040383
8937,97700.595433173,-9.137428,3.491922,0.765354,0.132801,1.022613,-0.108823,-0.205460,-0.084147,-0.040574
8938,97700.600377021,-9.137869,3.486836,0.764887,0.136271,1.045938,-0.101502,-0.204532,-0.084923,-0.040765
8939,97700.605290351,-9.138319,3.481667,0.764461,0.139977,1.070234,-0.092740,-0.203609,-0.085693,-0.040955
8940,97700.610234198,-9.138784,3.476345,0.764077,0.143275,1.095495,-0.083366,-0.202681,-0.086468,-0.041147
8941,97700.615178046,-9.139260,3.470898,0.763741,0.145477,1.121730,-0.073137,-0.201753,-0.087244,-0.041338
8942,97700.620091376,-9.139737,3.465357,0.763459,0.146382,1.149059,-0.062454,-0.200830,-0.088014,-0.041528
8943,97700.625004706,-9.140212,3.459682,0.763231,0.146045,1.177278,-0.051690,-0.199908,-0.088784,-0.041718
8944,97700.630009589,-9.140686,3.453760,0.763055,0.144728,1.206499,-0.040485,-0.198968,-0.089569,-0.041911
8945,97700.634953437,-9.141142,3.447768,0.762938,0.143512,1.235173,-0.029270,-0.198040,-0.090345,-0.042103
8946,97700.639897284,-9.141584,3.441635,0.762878,0.142754,1.263327,-0.018089,-0.197111,-0.091120,-0.042294
8947,97700.644841132,-9.142016,3.435364,0.762875,0.143092,1.289974,-0.007428,-0.196183,-0.091895,-0.042485
8948,97700.649784980,-9.142443,3.428961,0.762926,0.144936,1.315059,0.001909,-0.195255,-0.092670,-0.042676
8949,97700.654728827,-9.142873,3.422435,0.763025,0.148083,1.339257,0.010071,-0.194327,-0.093445,-0.042867
8950,97700.659642157,-9.143310,3.415831,0.763165,0.152061,1.362587,0.017911,-0.191756,-0.091773,-0.042727
8951,97700.664555487,-9.143760,3.409111,0.763345,0.156696,1.383814,0.026990,-0.189184,-0.090100,-0.042587
8952,97700.669499335,-9.144231,3.402245,0.763573,0.162354,1.401084,0.039125,-0.186597,-0.088416,-0.042447
8953,97700.674443183,-9.144726,3.395293,0.763862,0.169284,1.413822,0.053506,-0.184010,-0.086733,-0.042306
8954,97700.679387030,-9.145251,3.388277,0.764224,0.176968,1.423414,0.067483,-0.181423,-0.085050,-0.042165
8955,97700.684361396,-9.145814,3.381169,0.764658,0.185318,1.431387,0.080792,-0.178820,-0.083356,-0.042023
8956,97700.689274726,-9.146409,3.374109,0.765154,0.193170,1.437621,0.093583,-0.176249,-0.081683,-0.041883
8957,97700.694188056,-9.147040,3.367017,0.765714,0.199959,1.442718,0.106554,-0.173677,-0.080010,-0.041743
8958,97700.699131903,-9.147706,3.359856,0.766342,0.204364,1.447730,0.120837,-0.171090,-0.078327,-0.041603
8959,97700.704075751,-9.148392,3.352669,0.767041,0.203937,1.452624,0.138083,-0.168503,-0.076644,-0.041462
8960,97700.708989081,-9.149069,3.345504,0.767821,0.200367,1.456256,0.155387,-0.165932,-0.074971,-0.041322
8961,97700.713963446,-9.149735,3.338234,0.768696,0.197017,1.456430,0.171969,-0.163329,-0.073277,-0.041180
8962,97700.718907294,-9.150379,3.331009,0.769648,0.195346,1.451817,0.189444,-0.160742,-0.071594,-0.041039
8963,97700.723851142,-9.151015,3.323809,0.770686,0.194838,1.442108,0.209332,-0.158155,-0.069911,-0.040899
8964,97700.728794989,-9.151649,3.316658,0.771821,0.194948,1.427851,0.232123,-0.155567,-0.068228,-0.040758
8965,97700.733738837,-9.152285,3.309578,0.773068,0.195400,1.408932,0.256670,-0.152980,-0.066544,-0.040617
8966,97700.738682685,-9.152925,3.302594,0.774436,0.196549,1.385358,0.281508,-0.150393,-0.064861,-0.040476
8967,97700.743596015,-9.153570,3.295770,0.775916,0.198662,1.358645,0.305027,-0.147822,-0.063188,-0.040336
8968,97700.748539862,-9.154234,3.289036,0.777520,0.202089,1.329621,0.326363,-0.145235,-0.061505,-0.040195
8969,97700.753483710,-9.154920,3.282446,0.779227,0.206184,1.299993,0.346250,-0.142648,-0.059822,-0.040055
8970,97700.758427558,-9.155631,3.276003,0.781032,0.210824,1.271146,0.365193,-0.140061,-0.058138,-0.039914
8971,97700.763340888,-9.156365,3.269742,0.782917,0.216142,1.244135,0.383206,-0.137489,-0.056465,-0.039774
8972,97700.768284735,-9.157135,3.263575,0.784902,0.221998,1.218717,0.400331,-0.134902,-0.054782,-0.039633
8973,97700.773228583,-9.157938,3.257533,0.786970,0.228211,1.195216,0.415627,-0.132315,-0.053099,-0.039492
8974,97700.778172431,-9.158775,3.251607,0.789113,0.234463,1.174248,0.428709,-0.129728,-0.051416,-0.039351
8975,97700.783116278,-9.159647,3.245784,0.791320,0.240381,1.156039,0.439504,-0.127141,-0.049732,-0.039211
8976,97700.788060126,-9.160551,3.240050,0.793579,0.245782,1.141276,0.447560,-0.124554,-0.048049,-0.039070
8977,97700.793003974,-9.161485,3.234389,0.795878,0.250329,1.131111,0.452751,-0.121967,-0.046366,-0.038929
8978,97700.797917304,-9.162437,3.228812,0.798188,0.253255,1.125887,0.455323,-0.119395,-0.044693,-0.038789
8979,97700.802861151,-9.163411,3.223225,0.800525,0.254148,1.125867,0.455931,-0.116808,-0.043010,-0.038648
8980,97700.807804999,-9.164388,3.217638,0.802865,0.253627,1.130340,0.454908,-0.114221,-0.041326,-0.038507
8981,97700.812748847,-9.165363,3.212030,0.805200,0.251790,1.137600,0.452967,-0.111634,-0.039643,-0.038367
8982,97700.817692694,-9.166327,3.206386,0.807526,0.248793,1.145661,0.449980,-0.109047,-0.037960,-0.038226
8983,97700.822636542,-9.167274,3.200702,0.809837,0.245623,1.152931,0.446147,-0.106460,-0.036276,-0.038085
8984,97700.827580390,-9.168204,3.194983,0.812129,0.243291,1.158139,0.441603,-0.103873,-0.034593,-0.037944
8985,97700.832524237,-9.169123,3.189239,0.814400,0.242045,1.160663,0.436280,-0.101285,-0.032910,-0.037803
8986,97700.837437568,-9.170029,3.183517,0.816630,0.241676,1.159639,0.430128,-0.098714,-0.031237,-0.037663
8987,97700.842381415,-9.170940,3.177765,0.818843,0.243094,1.154527,0.422498,-0.096127,-0.029554,-0.037523
8988,97700.847294745,-9.171853,3.172072,0.821005,0.246046,1.145721,0.413805,-0.093556,-0.027881,-0.037383
8989,97700.852238593,-9.172790,3.166387,0.823138,0.250033,1.133057,0.404176,-0.090969,-0.026198,-0.037242
8990,97700.857182441,-9.173749,3.160762,0.825222,0.255319,1.116725,0.393967,-0.088382,-0.024514,-0.037101
8991,97700.862126288,-9.174739,3.155217,0.827255,0.262890,1.098184,0.382373,-0.085794,-0.022831,-0.036960
8992,97700.867039618,-9.175765,3.149794,0.829218,0.272517,1.078469,0.369599,-0.083223,-0.021158,-0.036820
8993,97700.871983466,-9.176850,3.144432,0.831130,0.282940,1.057355,0.355556,-0.080636,-0.019475,-0.036680
8994,97700.876927314,-9.177992,3.139171,0.832972,0.292733,1.035756,0.340439,-0.078049,-0.017792,-0.036539
8995,97700.881871161,-9.179188,3.134014,0.834738,0.302099,1.014066,0.324099,-0.075462,-0.016108,-0.036398
8996,97700.886815009,-9.180437,3.128961,0.836423,0.311642,0.992488,0.306156,-0.072875,-0.014425,-0.036257
8997,97700.891728339,-9.181730,3.124042,0.838009,0.320879,0.971320,0.286914,-0.070304,-0.012752,-0.036117
8998,97700.896672187,-9.183083,3.119193,0.839509,0.329702,0.950622,0.266376,-0.067716,-0.011069,-0.035976
8999,97700.901616034,-9.184486,3.114444,0.840908,0.337771,0.930746,0.244586,-0.065129,-0.009386,-0.035836
9000,97700.906559882,-9.185934,3.109790,0.842197,0.345056,0.912051,0.221690,-0.064859,-0.008433,-0.036589
9001,97700.911503730,-9.187424,3.105225,0.843373,0.351400,0.894684,0.197574,-0.065186,-0.008405,-0.037131
9002,97700.916447577,-9.188951,3.100742,0.844430,0.356174,0.878420,0.172561,-0.065514,-0.008378,-0.037672
9003,97700.921360907,-9.190497,3.096365,0.845356,0.359142,0.863048,0.147131,-0.065840,-0.008351,-0.038210
9004,97700.926304755,-9.192072,3.092034,0.846162,0.360348,0.848500,0.120816,-0.066168,-0.008323,-0.038752
9005,97700.931218085,-9.193649,3.087800,0.846832,0.360232,0.835050,0.093717,-0.066494,-0.008296,-0.039290
9006,97700.936161933,-9.195240,3.083604,0.847372,0.358804,0.822468,0.065489,-0.066822,-0.008268,-0.039831
9007,97700.941105780,-9.196828,3.079468,0.847772,0.356216,0.811220,0.036764,-0.067149,-0.008241,-0.040373
9008,97700.946049628,-9.198409,3.075387,0.848028,0.352931,0.801164,0.008210,-0.067477,-0.008213,-0.040914
9009,97700.955937323,-9.201545,3.067322,0.848258,0.345184,0.782934,-0.048380,-0.068133,-0.008158,-0.041997
9010,97700.960881171,-9.203083,3.063377,0.848091,0.339873,0.774606,-0.075982,-0.068461,-0.008131,-0.042539
9011,97700.965825019,-9.204599,3.059474,0.847787,0.333719,0.765549,-0.103316,-0.068789,-0.008103,-0.043080
9012,97700.970768866,-9.206088,3.055614,0.847347,0.326644,0.755242,-0.130746,-0.069117,-0.008076,-0.043622
9013,97700.975682196,-9.207537,3.051829,0.846774,0.318442,0.744071,-0.158246,-0.069442,-0.008048,-0.044160
9014,97700.980626044,-9.208960,3.048075,0.846060,0.309557,0.731711,-0.186570,-0.069770,-0.008021,-0.044701
9015,97700.985569892,-9.210343,3.044383,0.845205,0.300133,0.718156,-0.215209,-0.070098,-0.007993,-0.045243
9016,97700.990513739,-9.211684,3.040757,0.844206,0.290311,0.703680,-0.243415,-0.070426,-0.007966,-0.045784
9017,97700.995457587,-9.212982,3.037204,0.843067,0.280087,0.688171,-0.270490,-0.070754,-0.007938,-0.046326
9018,97701.000370917,-9.214228,3.033749,0.841800,0.269537,0.671871,-0.294884,-0.071080,-0.007911,-0.046864
9019,97701.005314765,-9.215434,3.030354,0.840402,0.258857,0.654736,-0.316097,-0.071408,-0.007883,-0.047405
9020,97701.010258612,-9.216593,3.027044,0.838898,0.248406,0.636609,-0.332637,-0.071735,-0.007856,-0.047947
9021,97701.015202460,-9.217705,3.023826,0.837311,0.238081,0.617423,-0.343194,-0.072063,-0.007828,-0.048488
9022,97701.020146308,-9.218771,3.020703,0.835669,0.227727,0.597737,-0.346175,-0.072391,-0.007801,-0.049030
9023,97701.025059638,-9.219784,3.017699,0.834021,0.218423,0.578478,-0.341489,-0.072717,-0.007774,-0.049568
9024,97701.030003485,-9.220762,3.014773,0.832384,0.210644,0.561465,-0.329211,-0.073045,-0.007746,-0.050109
9025,97701.034947333,-9.221704,3.011934,0.830806,0.203382,0.551188,-0.309428,-0.073373,-0.007718,-0.050651
9026,97701.039891181,-9.222610,3.009148,0.829324,0.195768,0.549523,-0.283499,-0.073700,-0.007691,-0.051192
9027,97701.044835028,-9.223478,3.006374,0.827970,0.186171,0.557172,-0.255508,-0.074028,-0.007663,-0.051734
9028,97701.049778876,-9.224295,3.003566,0.826755,0.173036,0.574020,-0.229050,-0.074356,-0.007636,-0.052275
9029,97701.054722724,-9.225041,3.000679,0.825670,0.155935,0.598301,-0.205352,-0.074684,-0.007608,-0.052817
9030,97701.059636054,-9.225692,2.997696,0.824708,0.134731,0.627692,-0.187065,-0.075010,-0.007581,-0.053355
9031,97701.064549384,-9.226231,2.994574,0.823836,0.109440,0.659629,-0.174711,-0.075336,-0.007554,-0.053893
9032,97701.069493232,-9.226640,2.991282,0.823020,0.080194,0.693813,-0.167917,-0.075664,-0.007526,-0.054434
9033,97701.079350409,-9.227153,2.984394,0.821460,0.016689,0.763880,-0.163460,-0.076317,-0.007471,-0.055514
9034,97701.084294257,-9.227081,2.980608,0.820699,-0.009163,0.799835,-0.162279,-0.076645,-0.007444,-0.056056
9035,97701.089238105,-9.226874,2.976649,0.819944,-0.029383,0.836599,-0.158160,-0.077062,-0.007379,-0.057335
9036,97701.094181952,-9.226558,2.972514,0.819210,-0.042756,0.874679,-0.149442,-0.077479,-0.007313,-0.058614
9037,97701.099125800,-9.226168,2.968194,0.818521,-0.049208,0.914784,-0.135490,-0.077896,-0.007248,-0.059893
9038,97701.104039130,-9.225738,2.963706,0.817906,-0.049619,0.957051,-0.116922,-0.078311,-0.007183,-0.061165
9039,97701.108982978,-9.225294,2.958983,0.817382,-0.045713,1.000737,-0.095138,-0.078728,-0.007118,-0.062444
9040,97701.113926825,-9.224857,2.954045,0.816968,-0.039891,1.043704,-0.072703,-0.079145,-0.007053,-0.063723
9041,97701.118901191,-9.224436,2.948862,0.816666,-0.034996,1.083858,-0.052604,-0.079565,-0.006987,-0.065010
9042,97701.123814521,-9.224034,2.943547,0.816470,-0.032793,1.118582,-0.037264,-0.079980,-0.006922,-0.066282
9043,97701.128758368,-9.223632,2.938027,0.816350,-0.033084,1.147994,-0.027629,-0.080397,-0.006857,-0.067561
9044,97701.133702216,-9.223221,2.932363,0.816280,-0.034678,1.171475,-0.024253,-0.080814,-0.006792,-0.068840
9045,97701.138615546,-9.222799,2.926619,0.816228,-0.036470,1.188481,-0.026910,-0.081228,-0.006727,-0.070112
9046,97701.143559394,-9.222363,2.920756,0.816163,-0.037502,1.198963,-0.035274,-0.081645,-0.006661,-0.071391
9047,97701.148503241,-9.221920,2.914840,0.816058,-0.036629,1.202730,-0.049071,-0.082063,-0.006596,-0.072670
9048,97701.153416571,-9.221483,2.908942,0.815885,-0.033124,1.200253,-0.067531,-0.082477,-0.006531,-0.073942
9049,97701.158360419,-9.221064,2.903017,0.815621,-0.027088,1.192007,-0.089544,-0.082894,-0.006466,-0.075221
9050,97701.163304267,-9.220677,2.897130,0.815248,-0.018300,1.178176,-0.113340,-0.084212,-0.006699,-0.076257
9051,97701.168248114,-9.220339,2.891308,0.814757,-0.007087,1.159102,-0.136193,-0.085530,-0.006932,-0.077294
9052,97701.173191962,-9.220062,2.885577,0.814152,0.005990,1.136259,-0.155231,-0.086847,-0.007165,-0.078330
9053,97701.178135810,-9.219856,2.879954,0.813453,0.020446,1.111276,-0.166680,-0.088165,-0.007397,-0.079366
9054,97701.183049140,-9.219728,2.874485,0.812702,0.036121,1.085813,-0.166767,-0.089475,-0.007629,-0.080396
9055,97701.187992987,-9.219682,2.869104,0.811946,0.052726,1.060859,-0.152439,-0.090792,-0.007862,-0.081432
9056,97701.192936835,-9.219723,2.863844,0.811260,0.068946,1.036978,-0.120993,-0.092110,-0.008094,-0.082469
9057,97701.197880683,-9.219847,2.858700,0.810729,0.084454,1.013879,-0.072568,-0.093428,-0.008327,-0.083505
9058,97701.202824530,-9.220049,2.853670,0.810437,0.099644,0.992081,-0.022547,-0.094745,-0.008560,-0.084541
9059,97701.207737860,-9.220325,2.848778,0.810393,0.111269,0.969718,0.026550,-0.096055,-0.008791,-0.085571
9060,97701.212681708,-9.220662,2.843966,0.810590,0.114238,0.944064,0.075117,-0.097373,-0.009024,-0.086607
9061,97701.217625556,-9.221016,2.839284,0.811026,0.104216,0.914408,0.122597,-0.098690,-0.009257,-0.087644
9062,97701.222569403,-9.221323,2.834753,0.811695,0.081915,0.882519,0.169286,-0.100008,-0.009490,-0.088680
9063,97701.227513251,-9.221523,2.830387,0.812590,0.051177,0.855681,0.205056,-0.101326,-0.009723,-0.089716
9064,97701.232457099,-9.221576,2.826163,0.813659,0.015134,0.841226,0.213989,-0.102643,-0.009956,-0.090753
9065,97701.237400946,-9.221452,2.822019,0.814768,-0.023561,0.840921,0.201138,-0.103961,-0.010188,-0.091789
9066,97701.242314276,-9.221140,2.817909,0.815805,-0.061955,0.851214,0.169840,-0.105271,-0.010420,-0.092819
9067,97701.247258124,-9.220637,2.813729,0.816690,-0.097998,0.863965,0.120325,-0.106588,-0.010653,-0.093855
9068,97701.252201972,-9.219957,2.809491,0.817330,-0.130389,0.872299,0.057407,-0.107906,-0.010886,-0.094891
9069,97701.257145819,-9.219119,2.805215,0.817656,-0.159605,0.873344,-0.011944,-0.109224,-0.011118,-0.095928
9070,97701.262059150,-9.218148,2.800962,0.817637,-0.186297,0.865524,-0.079575,-0.110533,-0.011350,-0.096957
9071,97701.267033515,-9.217039,2.796696,0.817280,-0.209601,0.849096,-0.137474,-0.111859,-0.011584,-0.098000
9072,97701.271977362,-9.215829,2.792540,0.816636,-0.225703,0.825181,-0.179008,-0.113177,-0.011817,-0.099036
9073,97701.276921210,-9.214548,2.788502,0.815783,-0.232753,0.792921,-0.204504,-0.114494,-0.012050,-0.100073
9074,97701.281865058,-9.213241,2.784623,0.814803,-0.229634,0.752463,-0.215923,-0.115812,-0.012283,-0.101109
9075,97701.286808905,-9.211959,2.780943,0.813763,-0.215056,0.704158,-0.215621,-0.117130,-0.012515,-0.102145
9076,97701.291752753,-9.210759,2.777499,0.812724,-0.188162,0.649299,-0.204870,-0.118448,-0.012748,-0.103182
9077,97701.296696601,-9.209703,2.774320,0.811736,-0.148273,0.591584,-0.184994,-0.119765,-0.012981,-0.104218
9078,97701.301640448,-9.208856,2.771419,0.810846,-0.097644,0.535895,-0.161248,-0.121083,-0.013214,-0.105254
9079,97701.306584296,-9.208269,2.768783,0.810074,-0.039510,0.486891,-0.137223,-0.122401,-0.013447,-0.106291
9080,97701.311528144,-9.207978,2.766378,0.809422,0.021480,0.450193,-0.115846,-0.123718,-0.013679,-0.107327
9081,97701.316471991,-9.207994,2.764143,0.808877,0.079292,0.430760,-0.100244,-0.125036,-0.013912,-0.108363
9082,97701.321415839,-9.208299,2.761992,0.808414,0.128064,0.430423,-0.092045,-0.126354,-0.014145,-0.109399
9083,97701.326359687,-9.208845,2.759833,0.807994,0.165422,0.445262,-0.090997,-0.127671,-0.014378,-0.110436
9084,97701.331273017,-9.209567,2.757606,0.807586,0.191596,0.468134,-0.095448,-0.128981,-0.014609,-0.111466
9085,97701.336216864,-9.210418,2.755247,0.807156,0.207620,0.493147,-0.102713,-0.130299,-0.014842,-0.112502
9086,97701.341160712,-9.211344,2.752760,0.806693,0.213660,0.514743,-0.110955,-0.131616,-0.015075,-0.113538
9087,97701.346104560,-9.212295,2.750164,0.806192,0.210672,0.529678,-0.118259,-0.132934,-0.015308,-0.114574
9088,97701.351017890,-9.213223,2.747512,0.805658,0.199939,0.536804,-0.122900,-0.134244,-0.015539,-0.115604
9089,97701.355961737,-9.214103,2.744810,0.805097,0.183591,0.537485,-0.124698,-0.135561,-0.015772,-0.116641
9090,97701.360905585,-9.214901,2.742107,0.804527,0.164868,0.533447,-0.124225,-0.136879,-0.016005,-0.117677
9091,97701.365849433,-9.215609,2.739429,0.803957,0.146303,0.526670,-0.123018,-0.138197,-0.016238,-0.118713
9092,97701.370762763,-9.216222,2.736805,0.803395,0.129762,0.519320,-0.121528,-0.139506,-0.016469,-0.119743
9093,97701.375676093,-9.216755,2.734221,0.802838,0.116560,0.512792,-0.121037,-0.140816,-0.016701,-0.120773
9094,97701.380619941,-9.217228,2.731655,0.802279,0.106690,0.507978,-0.122427,-0.142133,-0.016933,-0.121809
9095,97701.385563788,-9.217653,2.729116,0.801712,0.100128,0.504436,-0.124994,-0.143451,-0.017166,-0.122846
9096,97701.390507636,-9.218047,2.726595,0.801132,0.096164,0.501936,-0.128064,-0.144769,-0.017399,-0.123882
9097,97701.395420966,-9.218420,2.724103,0.800540,0.093799,0.499901,-0.130980,-0.146078,-0.017630,-0.124912
9098,97701.400364814,-9.218784,2.721605,0.799929,0.092212,0.497886,-0.133715,-0.147396,-0.017863,-0.125948
9099,97701.405308661,-9.219140,2.719118,0.799305,0.090799,0.495543,-0.136337,-0.148714,-0.018096,-0.126984
9100,97701.410252509,-9.219491,2.716642,0.798668,0.089343,0.492783,-0.139544,-0.148588,-0.018846,-0.126438
9101,97701.415196357,-9.219835,2.714181,0.798014,0.087846,0.490245,-0.143234,-0.148462,-0.019596,-0.125892
9102,97701.420140204,-9.220173,2.711731,0.797342,0.085617,0.488724,-0.147469,-0.148335,-0.020346,-0.125346
9103,97701.425084052,-9.220500,2.709290,0.796649,0.082538,0.488736,-0.152089,-0.148209,-0.021096,-0.124800
9104,97701.429997382,-9.220810,2.706864,0.795937,0.078189,0.490398,-0.156885,-0.148084,-0.021842,-0.124258
9105,97701.434941230,-9.221101,2.704415,0.795196,0.072120,0.493247,-0.162063,-0.147958,-0.022592,-0.123712
9106,97701.439915595,-9.221363,2.701938,0.794425,0.064252,0.496553,-0.167247,-0.147831,-0.023346,-0.123162
9107,97701.444859443,-9.221585,2.699461,0.793633,0.054774,0.499535,-0.172555,-0.147705,-0.024096,-0.122616
9108,97701.449803290,-9.221759,2.696971,0.792814,0.044019,0.501475,-0.177833,-0.147579,-0.024847,-0.122070
9109,97701.454716620,-9.221879,2.694489,0.791974,0.032632,0.501705,-0.182832,-0.147454,-0.025592,-0.121527
9110,97701.459660468,-9.221944,2.691993,0.791103,0.021218,0.500449,-0.187606,-0.147328,-0.026342,-0.120981
9111,97701.464604316,-9.221954,2.689505,0.790207,0.010998,0.498126,-0.192176,-0.147202,-0.027092,-0.120435
9112,97701.469548163,-9.221914,2.687030,0.789287,0.002802,0.495055,-0.196393,-0.147076,-0.027842,-0.119889
9113,97701.474461493,-9.221835,2.684588,0.788352,-0.002906,0.491923,-0.200312,-0.146950,-0.028588,-0.119347
9114,97701.479405341,-9.221728,2.682146,0.787391,-0.006139,0.489078,-0.204014,-0.146824,-0.029338,-0.118801
9115,97701.484318671,-9.221606,2.679734,0.786418,-0.006946,0.486768,-0.207817,-0.146699,-0.030083,-0.118258
9116,97701.489262519,-9.221481,2.677319,0.785419,-0.005381,0.485247,-0.212013,-0.146573,-0.030833,-0.117712
9117,97701.494206366,-9.221364,2.674910,0.784400,-0.002127,0.484687,-0.216334,-0.146447,-0.031583,-0.117166
9118,97701.499119696,-9.221265,2.672518,0.783366,0.002526,0.485187,-0.220626,-0.146321,-0.032328,-0.116623
9119,97701.504063544,-9.221187,2.670107,0.782305,0.008382,0.486741,-0.224965,-0.146195,-0.033079,-0.116077
9120,97701.509007392,-9.221139,2.667687,0.781222,0.014814,0.489361,-0.228984,-0.146069,-0.033829,-0.115531
9121,97701.513951239,-9.221122,2.665253,0.780121,0.021682,0.492864,-0.232797,-0.145943,-0.034579,-0.114985
9122,97701.518864569,-9.221139,2.662815,0.779008,0.028740,0.497115,-0.236478,-0.145818,-0.035324,-0.114443
9123,97701.523838935,-9.221190,2.660323,0.777864,0.035962,0.502202,-0.240177,-0.145691,-0.036079,-0.113893
9124,97701.528782782,-9.221276,2.657820,0.776710,0.042916,0.508001,-0.243346,-0.145565,-0.036829,-0.113347
9125,97701.533726630,-9.221395,2.655286,0.775540,0.049723,0.514491,-0.245972,-0.145439,-0.037579,-0.112801
9126,97701.538670478,-9.221546,2.652719,0.774359,0.055949,0.521532,-0.247931,-0.145313,-0.038329,-0.112255
9127,97701.543583808,-9.221726,2.650132,0.773176,0.061144,0.528669,-0.249388,-0.145187,-0.039074,-0.111713
9128,97701.548527655,-9.221931,2.647492,0.771980,0.065043,0.536126,-0.250219,-0.145061,-0.039824,-0.111166
9129,97701.553440985,-9.222152,2.644831,0.770787,0.067848,0.543856,-0.250277,-0.144936,-0.040570,-0.110624
9130,97701.558384833,-9.222387,2.642115,0.769588,0.070065,0.551648,-0.249632,-0.144810,-0.041320,-0.110078
9131,97701.563328681,-9.222631,2.639359,0.768392,0.071734,0.559548,-0.248257,-0.144684,-0.042070,-0.109532
9132,97701.568272528,-9.222881,2.636565,0.767204,0.073185,0.567668,-0.246619,-0.144558,-0.042820,-0.108986
9133,97701.573216376,-9.223137,2.633730,0.766024,0.074453,0.575983,-0.245552,-0.144432,-0.043570,-0.108440
9134,97701.578160224,-9.223397,2.630853,0.764851,0.075282,0.585003,-0.245506,-0.144306,-0.044320,-0.107894
9135,97701.583073554,-9.223658,2.627951,0.763685,0.075556,0.594943,-0.246868,-0.144180,-0.045065,-0.107351
9136,97701.588017401,-9.223919,2.624980,0.762506,0.075387,0.605943,-0.249729,-0.144054,-0.045815,-0.106805
9137,97701.592961249,-9.224178,2.621956,0.761313,0.075718,0.617896,-0.253928,-0.143928,-0.046566,-0.106259
9138,97701.597874579,-9.224434,2.618891,0.760108,0.076524,0.630974,-0.257312,-0.143803,-0.047311,-0.105716
9139,97701.602818427,-9.224693,2.615742,0.758880,0.078574,0.644718,-0.257513,-0.143677,-0.048061,-0.105170
9140,97701.607762275,-9.224960,2.612524,0.757651,0.081567,0.658567,-0.254950,-0.143551,-0.048811,-0.104624
9141,97701.612706122,-9.225237,2.609238,0.756437,0.084982,0.672279,-0.250672,-0.143425,-0.049561,-0.104078
9142,97701.617649970,-9.225529,2.605884,0.755244,0.089372,0.686490,-0.245408,-0.143299,-0.050311,-0.103532
9143,97701.622593818,-9.225839,2.602459,0.754079,0.095059,0.702179,-0.239872,-0.143173,-0.051061,-0.102986
9144,97701.627507148,-9.226171,2.598977,0.752949,0.101477,0.719925,-0.234191,-0.143047,-0.051807,-0.102444
9145,97701.632450995,-9.226532,2.595385,0.751842,0.108415,0.739889,-0.227701,-0.142921,-0.052557,-0.101898
9146,97701.637394843,-9.226923,2.591693,0.750769,0.115158,0.760795,-0.220026,-0.142795,-0.053307,-0.101352
9147,97701.642338691,-9.227342,2.587896,0.749736,0.121630,0.781315,-0.211531,-0.142669,-0.054057,-0.100806
9148,97701.647282538,-9.227788,2.583998,0.748746,0.128744,0.801552,-0.202525,-0.142543,-0.054807,-0.100259
9149,97701.652226386,-9.228264,2.579999,0.747802,0.136752,0.822510,-0.193134,-0.142417,-0.055557,-0.099713
9150,97701.657139716,-9.228772,2.575920,0.746913,0.145372,0.844525,-0.183549,-0.140677,-0.054271,-0.100459
9151,97701.662083564,-9.229319,2.571706,0.746067,0.154171,0.867725,-0.174029,-0.138927,-0.052976,-0.101209
9152,97701.667027411,-9.229905,2.567377,0.745270,0.162498,0.891079,-0.164899,-0.137177,-0.051682,-0.101960
9153,97701.671971259,-9.230525,2.562930,0.744520,0.170359,0.913832,-0.156457,-0.135427,-0.050388,-0.102710
9154,97701.676915107,-9.231179,2.558370,0.743814,0.177626,0.935595,-0.148606,-0.133676,-0.049093,-0.103460
9155,97701.681828437,-9.231859,2.553731,0.743153,0.184237,0.956331,-0.140817,-0.131937,-0.047807,-0.104206
9156,97701.686772284,-9.232572,2.548959,0.742528,0.190288,0.976542,-0.132860,-0.130186,-0.046513,-0.104956
9157,97701.691716132,-9.233309,2.544087,0.741944,0.195772,0.996180,-0.125231,-0.128436,-0.045218,-0.105706
9158,97701.696659980,-9.234068,2.539116,0.741399,0.200016,1.016191,-0.116950,-0.126686,-0.043924,-0.106457
9159,97701.701603827,-9.234843,2.534047,0.740897,0.202852,1.037169,-0.106799,-0.124935,-0.042630,-0.107207
9160,97701.706517157,-9.235622,2.528906,0.740449,0.204481,1.058953,-0.094670,-0.123196,-0.041343,-0.107953
9161,97701.711461005,-9.236409,2.523626,0.740059,0.204912,1.081050,-0.081269,-0.121446,-0.040049,-0.108703
9162,97701.716404853,-9.237192,2.518238,0.739737,0.204212,1.102817,-0.067401,-0.119695,-0.038755,-0.109453
9163,97701.721348700,-9.237965,2.512743,0.739485,0.202171,1.124934,-0.053644,-0.117945,-0.037461,-0.110203
9164,97701.726262030,-9.238718,2.507174,0.739304,0.199116,1.147680,-0.040351,-0.116205,-0.036174,-0.110949
9165,97701.731236396,-9.239460,2.501425,0.739187,0.195244,1.172052,-0.027142,-0.114444,-0.034872,-0.111704
9166,97701.736180243,-9.240171,2.495593,0.739138,0.191415,1.197738,-0.014243,-0.112694,-0.033578,-0.112454
9167,97701.741124091,-9.240857,2.489635,0.739153,0.188562,1.224607,-0.001579,-0.110944,-0.032283,-0.113205
9168,97701.746037421,-9.241518,2.483584,0.739232,0.187312,1.252200,0.011280,-0.109204,-0.030997,-0.113950
9169,97701.750981269,-9.242171,2.477360,0.739377,0.187754,1.280295,0.024996,-0.107454,-0.029703,-0.114701
9170,97701.755925116,-9.242818,2.470998,0.739591,0.190293,1.307945,0.039348,-0.105704,-0.028408,-0.115451
9171,97701.760838446,-9.243466,2.464540,0.739876,0.195008,1.333658,0.053192,-0.103964,-0.027122,-0.116196
9172,97701.765782294,-9.244136,2.457915,0.740233,0.201136,1.357253,0.065374,-0.102214,-0.025828,-0.116947
9173,97701.770726142,-9.244829,2.451172,0.740653,0.206919,1.377911,0.076638,-0.100463,-0.024533,-0.117697
9174,97701.775669989,-9.245546,2.444327,0.741129,0.211571,1.394495,0.088752,-0.098540,-0.022778,-0.117625
9175,97701.780613837,-9.246282,2.437400,0.741667,0.215235,1.407118,0.102158,-0.096617,-0.021022,-0.117553
9176,97701.785557685,-9.247032,2.430410,0.742272,0.217689,1.417285,0.114999,-0.094694,-0.019266,-0.117480
9177,97701.790471015,-9.247786,2.423414,0.742938,0.218961,1.426573,0.126620,-0.092782,-0.017521,-0.117409
9178,97701.795414862,-9.248548,2.416330,0.743665,0.219841,1.435074,0.137655,-0.090859,-0.015765,-0.117336
9179,97701.800358710,-9.249312,2.409203,0.744448,0.219051,1.442824,0.149421,-0.088936,-0.014009,-0.117264
9180,97701.805302558,-9.250069,2.402040,0.745289,0.215982,1.450475,0.162175,-0.087013,-0.012253,-0.117192
9181,97701.810215888,-9.250805,2.394884,0.746188,0.208356,1.457676,0.177683,-0.085101,-0.010508,-0.117120
9182,97701.815159735,-9.251504,2.387651,0.747169,0.197474,1.463399,0.193519,-0.083178,-0.008752,-0.117048
9183,97701.820103583,-9.252147,2.380393,0.748228,0.187553,1.465283,0.207995,-0.081255,-0.006996,-0.116976
9184,97701.825047431,-9.252740,2.373129,0.749357,0.180074,1.461453,0.223905,-0.079332,-0.005241,-0.116904
9185,97701.829991278,-9.253296,2.365887,0.750565,0.174154,1.451343,0.242771,-0.077409,-0.003485,-0.116831
9186,97701.834935126,-9.253823,2.358696,0.751865,0.168956,1.435249,0.264612,-0.075485,-0.001729,-0.116759
9187,97701.839878974,-9.254327,2.351588,0.753271,0.164008,1.413104,0.288157,-0.073562,0.000027,-0.116687
9188,97701.844792304,-9.254806,2.344635,0.754783,0.159156,1.385732,0.311635,-0.071651,0.001772,-0.116615
9189,97701.849736151,-9.255268,2.337777,0.756418,0.154801,1.354684,0.333704,-0.069728,0.003528,-0.116543
9190,97701.854679999,-9.255715,2.331074,0.758160,0.151544,1.322163,0.353003,-0.067804,0.005284,-0.116471
9191,97701.859623847,-9.256150,2.324534,0.759995,0.149247,1.289870,0.369876,-0.065881,0.007040,-0.116399
9192,97701.864537177,-9.256578,2.318194,0.761900,0.147703,1.259899,0.385437,-0.063970,0.008785,-0.116327
9193,97701.869481025,-9.257006,2.311964,0.763892,0.146554,1.232854,0.400154,-0.062047,0.010541,-0.116255
9194,97701.874424872,-9.257433,2.305869,0.765954,0.146167,1.208871,0.413778,-0.060123,0.012297,-0.116183
9195,97701.879368720,-9.257863,2.299893,0.768083,0.146341,1.187904,0.426053,-0.058200,0.014052,-0.116110
9196,97701.884312568,-9.258297,2.294021,0.770271,0.146805,1.170285,0.436525,-0.056277,0.015808,-0.116038
9197,97701.889256415,-9.258736,2.288237,0.772509,0.147450,1.156425,0.445282,-0.054354,0.017564,-0.115966
9198,97701.894169745,-9.259178,2.282558,0.774777,0.148450,1.146089,0.452116,-0.052442,0.019309,-0.115894
9199,97701.899113593,-9.259630,2.276894,0.777091,0.149436,1.139716,0.457201,-0.050519,0.021065,-0.115822
9200,97701.904057441,-9.260087,2.271261,0.779430,0.150413,1.137530,0.460356,-0.050262,0.023146,-0.115161
9201,97701.909001288,-9.260550,2.265640,0.781785,0.151004,1.139218,0.461691,-0.050004,0.025227,-0.114499
9202,97701.913945136,-9.261015,2.260010,0.784146,0.151294,1.144041,0.462049,-0.049746,0.027308,-0.113838
9203,97701.918858466,-9.261478,2.254391,0.786495,0.151131,1.150328,0.461952,-0.049490,0.029376,-0.113181
9204,97701.923802314,-9.261941,2.248707,0.788859,0.150755,1.156647,0.461259,-0.049233,0.031457,-0.112520
9205,97701.928715644,-9.262398,2.243026,0.791205,0.151417,1.162271,0.458700,-0.048977,0.033526,-0.111863
9206,97701.933690009,-9.262863,2.237247,0.793567,0.151881,1.165426,0.454887,-0.048717,0.035620,-0.111197
9207,97701.938603339,-9.263325,2.231522,0.795883,0.151948,1.165289,0.450032,-0.048461,0.037688,-0.110540
9208,97701.943547187,-9.263790,2.225763,0.798188,0.152222,1.161765,0.443880,-0.048204,0.039769,-0.109879
9209,97701.948491034,-9.264257,2.220020,0.800463,0.153033,1.154834,0.436679,-0.047946,0.041850,-0.109218
9210,97701.953404364,-9.264728,2.214346,0.802688,0.154798,1.144715,0.428549,-0.047690,0.043918,-0.108561
9211,97701.963292060,-9.265698,2.203027,0.807085,0.160821,1.118059,0.410773,-0.047175,0.048080,-0.107238
9212,97701.968205390,-9.266216,2.197530,0.809181,0.165800,1.101011,0.400436,-0.046919,0.050149,-0.106581
9213,97701.973149237,-9.266767,2.192082,0.811238,0.172494,1.082305,0.389036,-0.046661,0.052230,-0.105920
9214,97701.978093085,-9.267356,2.186724,0.813239,0.179716,1.062468,0.376424,-0.046404,0.054311,-0.105259
9215,97701.983036933,-9.267986,2.181462,0.815177,0.187126,1.042000,0.362351,-0.046146,0.056392,-0.104597
9216,97701.987980780,-9.268657,2.176298,0.817044,0.194503,1.021630,0.347077,-0.045888,0.058473,-0.103936
9217,97701.992894110,-9.269367,2.171263,0.818824,0.201236,1.001434,0.330297,-0.045632,0.060541,-0.103279
9218,97701.997837958,-9.270119,2.166295,0.820532,0.207254,0.981757,0.311679,-0.045375,0.062622,-0.102618
9219,97702.002781806,-9.270907,2.161421,0.822146,0.212399,0.962574,0.291347,-0.045117,0.064703,-0.101957
9220,97702.007725653,-9.271726,2.156640,0.823660,0.216221,0.944049,0.269341,-0.044859,0.066784,-0.101295
9221,97702.012669501,-9.272569,2.151947,0.825064,0.219086,0.926363,0.245516,-0.044602,0.068865,-0.100634
9222,97702.017613349,-9.273432,2.147340,0.826349,0.221133,0.909586,0.219896,-0.044344,0.070946,-0.099973
9223,97702.022557196,-9.274311,2.142814,0.827507,0.222269,0.893830,0.192519,-0.044087,0.073027,-0.099312
9224,97702.027470526,-9.275195,2.138391,0.828522,0.222828,0.879195,0.163556,-0.043831,0.075096,-0.098655
9225,97702.032414374,-9.276093,2.134011,0.829400,0.222611,0.865300,0.132969,-0.043573,0.077177,-0.097993
9226,97702.037327704,-9.276989,2.129725,0.830121,0.221658,0.852373,0.101404,-0.043317,0.079245,-0.097336
9227,97702.042271552,-9.277891,2.125474,0.830690,0.219917,0.840228,0.068596,-0.043059,0.081326,-0.096675
9228,97702.047215400,-9.278789,2.121281,0.831095,0.217278,0.829066,0.035636,-0.042802,0.083407,-0.096014
9229,97702.052159247,-9.279680,2.117141,0.831337,0.213579,0.818801,0.002789,-0.042544,0.085488,-0.095353
9230,97702.057103095,-9.280556,2.113051,0.831416,0.209128,0.809397,-0.029690,-0.042286,0.087569,-0.094691
9231,97702.062046943,-9.281415,2.109007,0.831333,0.204155,0.800754,-0.061734,-0.042029,0.089650,-0.094030
9232,97702.066990790,-9.282254,2.105004,0.831091,0.198723,0.792519,-0.093453,-0.041771,0.091731,-0.093369
9233,97702.071934638,-9.283070,2.101041,0.830691,0.192855,0.784092,-0.125143,-0.041513,0.093812,-0.092708
9234,97702.076847968,-9.283856,2.097143,0.830138,0.186056,0.775313,-0.156585,-0.041257,0.095880,-0.092051
9235,97702.081791816,-9.284618,2.093264,0.829424,0.178582,0.766461,-0.188377,-0.041000,0.097962,-0.091389
9236,97702.086735663,-9.285346,2.089428,0.828552,0.171066,0.757345,-0.220141,-0.040742,0.100043,-0.090728
9237,97702.091679511,-9.286042,2.085637,0.827522,0.163513,0.748304,-0.251323,-0.040485,0.102124,-0.090067
9238,97702.096623359,-9.286705,2.081890,0.826336,0.155977,0.739006,-0.280752,-0.040227,0.104205,-0.089406
9239,97702.101536689,-9.287331,2.078212,0.825013,0.148655,0.729430,-0.307097,-0.039971,0.106273,-0.088749
9240,97702.106480536,-9.287929,2.074558,0.823549,0.141744,0.719372,-0.329224,-0.039713,0.108354,-0.088087
9241,97702.111424384,-9.288496,2.070954,0.821976,0.136390,0.709314,-0.346001,-0.039456,0.110435,-0.087426
9242,97702.116368232,-9.289040,2.067399,0.820318,0.133570,0.699284,-0.356608,-0.039198,0.112516,-0.086765
9243,97702.121312079,-9.289574,2.063894,0.818607,0.133329,0.689847,-0.360060,-0.038940,0.114597,-0.086104
9244,97702.126255927,-9.290108,2.060436,0.816879,0.134870,0.682411,-0.355024,-0.038683,0.116678,-0.085442
9245,97702.131169257,-9.290648,2.057035,0.815185,0.136895,0.678173,-0.340889,-0.038427,0.118746,-0.084785
9246,97702.136113105,-9.291201,2.053635,0.813551,0.137621,0.678510,-0.317490,-0.038169,0.120828,-0.084124
9247,97702.141087470,-9.291759,2.050213,0.812023,0.135108,0.684996,-0.286068,-0.037910,0.122921,-0.083459
9248,97702.146000800,-9.292295,2.046804,0.810668,0.128436,0.697008,-0.250851,-0.037654,0.124990,-0.082802
9249,97702.150944648,-9.292795,2.043318,0.809480,0.116110,0.713717,-0.214404,-0.037396,0.127071,-0.082140
9250,97702.155857978,-9.293226,2.039777,0.808478,0.097606,0.734656,-0.181195,-0.039553,0.126759,-0.079093
9251,97702.160801825,-9.293562,2.036116,0.807633,0.072759,0.760276,-0.153387,-0.041723,0.126445,-0.076026
9252,97702.165745673,-9.293767,2.032336,0.806926,0.043620,0.788918,-0.131075,-0.043894,0.126132,-0.072960
9253,97702.170689521,-9.293820,2.028422,0.806328,0.012325,0.821199,-0.112497,-0.046064,0.125818,-0.069894
9254,97702.175633368,-9.293711,2.024356,0.805822,-0.019264,0.858301,-0.095284,-0.048234,0.125504,-0.066827
9255,97702.180577216,-9.293436,2.020115,0.805401,-0.048520,0.898322,-0.077299,-0.050404,0.125191,-0.063761
9256,97702.185490546,-9.293009,2.015712,0.805072,-0.073909,0.939216,-0.057659,-0.052561,0.124879,-0.060713
9257,97702.190434394,-9.292444,2.011086,0.804837,-0.096283,0.979691,-0.036613,-0.054732,0.124565,-0.057647
9258,97702.195378241,-9.291758,2.006266,0.804708,-0.118151,1.018208,-0.015264,-0.056902,0.124252,-0.054581
9259,97702.200322089,-9.290955,2.001262,0.804684,-0.141640,1.055086,0.004953,-0.059072,0.123938,-0.051514
9260,97702.205235419,-9.290031,1.996114,0.804761,-0.167231,1.089816,0.022156,-0.061229,0.123626,-0.048467
9261,97702.210179267,-9.288967,1.990769,0.804923,-0.194915,1.121946,0.035423,-0.063399,0.123312,-0.045400
9262,97702.215123114,-9.287758,1.985273,0.805151,-0.223821,1.150195,0.043248,-0.065569,0.122999,-0.042334
9263,97702.220066962,-9.286400,1.979643,0.805417,-0.252394,1.173072,0.043908,-0.067740,0.122685,-0.039267
9264,97702.225010810,-9.284895,1.973907,0.805686,-0.279189,1.189491,0.036740,-0.069910,0.122371,-0.036201
9265,97702.229954657,-9.283255,1.968096,0.805918,-0.302903,1.199729,0.021838,-0.072080,0.122058,-0.033135
9266,97702.234867987,-9.281508,1.962274,0.806074,-0.322165,1.203991,-0.000320,-0.074237,0.121746,-0.030087
9267,97702.239811835,-9.279655,1.956397,0.806120,-0.336661,1.203758,-0.028118,-0.076407,0.121432,-0.027021
9268,97702.244755683,-9.277733,1.950523,0.806028,-0.345350,1.200538,-0.058543,-0.078578,0.121119,-0.023954
9269,97702.249699530,-9.275771,1.944665,0.805785,-0.347420,1.194974,-0.089185,-0.080748,0.120805,-0.020888
9270,97702.254643378,-9.273802,1.938833,0.805390,-0.343013,1.187230,-0.117835,-0.082918,0.120491,-0.017821
9271,97702.259587226,-9.271858,1.933037,0.804853,-0.333399,1.177585,-0.143083,-0.085088,0.120178,-0.014755
9272,97702.264500556,-9.269977,1.927319,0.804196,-0.319812,1.165704,-0.164276,-0.087245,0.119866,-0.011708
9273,97702.269474921,-9.268145,1.921586,0.803425,-0.303770,1.150739,-0.181083,-0.089429,0.119550,-0.008622
9274,97702.274388251,-9.266419,1.915992,0.802581,-0.286854,1.132616,-0.192503,-0.091586,0.119239,-0.005575
9275,97702.279332099,-9.264770,1.910448,0.801676,-0.269975,1.110791,-0.197735,-0.093756,0.118925,-0.002508
9276,97702.284245429,-9.263219,1.905042,0.800751,-0.253672,1.085951,-0.195075,-0.095913,0.118613,0.000539
9277,97702.289189276,-9.261744,1.899721,0.799833,-0.236892,1.058678,-0.181408,-0.098083,0.118300,0.003606
9278,97702.294133124,-9.260357,1.894533,0.798982,-0.218716,1.030285,-0.151489,-0.100253,0.117986,0.006672
9279,97702.299076972,-9.259064,1.889482,0.798279,-0.198639,1.001711,-0.102905,-0.102424,0.117672,0.009738
9280,97702.304020819,-9.257873,1.884572,0.797815,-0.175618,0.975334,-0.052187,-0.104594,0.117359,0.012805
9281,97702.308964667,-9.256797,1.879789,0.797603,-0.151774,0.951295,-0.001427,-0.106764,0.117045,0.015871
9282,97702.313877997,-9.255847,1.875153,0.797641,-0.133074,0.927814,0.048752,-0.108921,0.116733,0.018919
9283,97702.318821845,-9.254984,1.870602,0.797927,-0.126087,0.901151,0.098113,-0.111091,0.116419,0.021985
9284,97702.323765693,-9.254159,1.866185,0.798457,-0.131934,0.875973,0.146723,-0.113262,0.116106,0.025052
9285,97702.328709540,-9.253306,1.861897,0.799225,-0.148483,0.862625,0.186648,-0.115432,0.115792,0.028118
9286,97702.333653388,-9.252372,1.857681,0.800188,-0.173727,0.868691,0.200412,-0.117602,0.115478,0.031184
9287,97702.338597235,-9.251311,1.853441,0.801218,-0.205121,0.889514,0.189759,-0.119772,0.115165,0.034251
9288,97702.343541083,-9.250091,1.849104,0.802194,-0.238891,0.914202,0.157344,-0.121943,0.114851,0.037317
9289,97702.348454413,-9.248710,1.844678,0.803003,-0.271004,0.934128,0.104542,-0.124100,0.114539,0.040365
9290,97702.353398261,-9.247161,1.840130,0.803556,-0.300635,0.943434,0.035558,-0.126270,0.114226,0.043431
9291,97702.358342109,-9.245469,1.835538,0.803766,-0.327668,0.938876,-0.038750,-0.128440,0.113912,0.046498
9292,97702.363255439,-9.243661,1.830998,0.803607,-0.350677,0.920431,-0.105860,-0.130597,0.113600,0.049545
9293,97702.368199286,-9.241736,1.826521,0.803113,-0.367036,0.888258,-0.157086,-0.132767,0.113287,0.052611
9294,97702.373143134,-9.239742,1.822204,0.802362,-0.372688,0.842998,-0.188632,-0.134937,0.112973,0.055678
9295,97702.378086982,-9.237732,1.818109,0.801453,-0.364444,0.785912,-0.202630,-0.137108,0.112659,0.058744
9296,97702.383030829,-9.235776,1.814294,0.800471,-0.341343,0.718671,-0.201845,-0.139278,0.112346,0.061811
9297,97702.387974677,-9.233948,1.810806,0.799491,-0.302667,0.645668,-0.189496,-0.141448,0.112032,0.064877
9298,97702.392888007,-9.232337,1.807690,0.798576,-0.249830,0.574716,-0.170030,-0.143605,0.111720,0.067925
9299,97702.397831855,-9.230990,1.804895,0.797751,-0.188523,0.513768,-0.147717,-0.145775,0.111407,0.070991
9300,97702.402775702,-9.229958,1.802389,0.797038,-0.126822,0.472121,-0.126274,-0.148630,0.109673,0.072709
9301,97702.407719550,-9.229238,1.800077,0.796433,-0.071439,0.454991,-0.109500,-0.151485,0.107939,0.074426
9302,97702.412663398,-9.228794,1.797839,0.795913,-0.027194,0.460133,-0.099665,-0.154340,0.106205,0.076144
9303,97702.417607245,-9.228567,1.795566,0.795446,0.005285,0.479696,-0.096832,-0.157195,0.104471,0.077861
9304,97702.422551093,-9.228496,1.793189,0.794997,0.028266,0.505192,-0.099333,-0.160050,0.102738,0.079579
9305,97702.427464423,-9.228533,1.790697,0.794541,0.042723,0.529459,-0.104247,-0.162888,0.101015,0.081286
9306,97702.432377753,-9.228635,1.788083,0.794063,0.049107,0.548067,-0.109065,-0.165725,0.099291,0.082993
9307,97702.437352118,-9.228767,1.785342,0.793558,0.048085,0.558795,-0.112872,-0.168598,0.097547,0.084721
9308,97702.442295966,-9.228892,1.782565,0.793037,0.040597,0.561939,-0.115359,-0.171453,0.095813,0.086439
9309,97702.447239814,-9.228978,1.779773,0.792503,0.027580,0.559657,-0.117733,-0.174308,0.094079,0.088156
9310,97702.452183661,-9.229001,1.776996,0.791957,0.011009,0.553590,-0.120225,-0.177163,0.092346,0.089874
9311,97702.457127509,-9.228944,1.774252,0.791396,-0.006648,0.545605,-0.122597,-0.180018,0.090612,0.091591
9312,97702.462071357,-9.228801,1.771551,0.790823,-0.023221,0.536792,-0.124940,-0.182873,0.088878,0.093309
9313,97702.466984687,-9.228580,1.768914,0.790239,-0.037536,0.527340,-0.127317,-0.185014,0.086587,0.093950
9314,97702.471928534,-9.228289,1.766309,0.789638,-0.049666,0.517392,-0.129914,-0.187169,0.084281,0.094595
9315,97702.476872382,-9.227941,1.763757,0.789024,-0.059484,0.507113,-0.132613,-0.189323,0.081976,0.095240
9316,97702.481816230,-9.227546,1.761257,0.788394,-0.066934,0.497067,-0.134862,-0.191478,0.079670,0.095886
9317,97702.486760077,-9.227118,1.758808,0.787752,-0.071471,0.486802,-0.136362,-0.193632,0.077364,0.096531
9318,97702.491703925,-9.226669,1.756411,0.787102,-0.073100,0.476330,-0.137109,-0.195786,0.075059,0.097176
9319,97702.496617255,-9.226217,1.754080,0.786451,-0.071350,0.465906,-0.137219,-0.197928,0.072768,0.097817
9320,97702.501561103,-9.225773,1.751786,0.785796,-0.066467,0.456096,-0.137363,-0.200082,0.070462,0.098462
9321,97702.506474433,-9.225358,1.749553,0.785143,-0.059995,0.448169,-0.138054,-0.202223,0.068171,0.099103
9322,97702.511418280,-9.224974,1.747344,0.784483,-0.053559,0.442783,-0.140015,-0.204378,0.065865,0.099749
9323,97702.516331610,-9.224626,1.745173,0.783818,-0.048713,0.439721,-0.143220,-0.206519,0.063574,0.100390
9324,97702.521305976,-9.224298,1.742989,0.783128,-0.046481,0.438637,-0.147619,-0.208687,0.061254,0.101039
9325,97702.526249823,-9.223983,1.740824,0.782421,-0.046984,0.438618,-0.152709,-0.210841,0.058949,0.101684
9326,97702.531193671,-9.223667,1.738658,0.781689,-0.049967,0.438834,-0.158214,-0.212996,0.056643,0.102329
9327,97702.536137519,-9.223336,1.736492,0.780930,-0.055180,0.438339,-0.163876,-0.215150,0.054337,0.102974
9328,97702.541081366,-9.222980,1.734329,0.780142,-0.061952,0.436810,-0.169211,-0.217305,0.052032,0.103620
9329,97702.546025214,-9.222591,1.732174,0.779327,-0.069314,0.434457,-0.174235,-0.219459,0.049726,0.104265
9330,97702.550938544,-9.222170,1.730046,0.778492,-0.076801,0.431458,-0.179159,-0.221600,0.047435,0.104906
9331,97702.555882392,-9.221710,1.727920,0.777626,-0.083747,0.428703,-0.184013,-0.223755,0.045129,0.105551
9332,97702.560826239,-9.221216,1.725809,0.776736,-0.089556,0.426881,-0.188349,-0.225909,0.042824,0.106196
9333,97702.565770087,-9.220694,1.723709,0.775824,-0.093940,0.426523,-0.192258,-0.228064,0.040518,0.106842
9334,97702.570683417,-9.220155,1.721623,0.774898,-0.096735,0.427443,-0.196225,-0.230205,0.038227,0.107483
9335,97702.575627265,-9.219598,1.719521,0.773947,-0.097802,0.429687,-0.200417,-0.232359,0.035921,0.108128
9336,97702.580571112,-9.219036,1.717407,0.772974,-0.097824,0.433124,-0.204335,-0.234514,0.033616,0.108773
9337,97702.585514960,-9.218474,1.715277,0.771983,-0.097225,0.436980,-0.207320,-0.236668,0.031310,0.109418
9338,97702.590458808,-9.217913,1.713126,0.770977,-0.096109,0.440704,-0.209320,-0.238823,0.029005,0.110063
9339,97702.595402655,-9.217358,1.710957,0.769962,-0.094610,0.443970,-0.210864,-0.240977,0.026699,0.110709
9340,97702.600315985,-9.216813,1.708786,0.768945,-0.093508,0.447091,-0.211807,-0.243118,0.024408,0.111350
9341,97702.605259833,-9.216269,1.706584,0.767918,-0.092942,0.449987,-0.212166,-0.245273,0.022102,0.111995
9342,97702.610203681,-9.215727,1.704369,0.766889,-0.093156,0.452899,-0.212372,-0.247427,0.019797,0.112640
9343,97702.615147528,-9.215184,1.702139,0.765860,-0.094599,0.456054,-0.212802,-0.249582,0.017491,0.113285
9344,97702.620091376,-9.214633,1.699894,0.764828,-0.097578,0.459711,-0.213615,-0.251736,0.015186,0.113930
9345,97702.625035224,-9.214067,1.697631,0.763793,-0.101702,0.464513,-0.214800,-0.253891,0.012880,0.114576
9346,97702.629948554,-9.213482,1.695359,0.762758,-0.106551,0.470619,-0.216274,-0.256032,0.010589,0.115217
9347,97702.634861884,-9.212873,1.693059,0.761715,-0.111352,0.477583,-0.218100,-0.258173,0.008298,0.115858
9348,97702.639805732,-9.212235,1.690710,0.760657,-0.115733,0.485435,-0.220504,-0.260328,0.005992,0.116503
9349,97702.644749579,-9.211574,1.688324,0.759588,-0.119349,0.493821,-0.223009,-0.262482,0.003686,0.117148
9350,97702.649693427,-9.210893,1.685897,0.758506,-0.122106,0.502762,-0.224343,-0.260691,0.003413,0.114924
9351,97702.654606757,-9.210201,1.683442,0.757425,-0.123692,0.512057,-0.223985,-0.258912,0.003141,0.112714
9352,97702.664494452,-9.208789,1.678409,0.755254,-0.124115,0.531573,-0.222254,-0.255330,0.002594,0.108266
9353,97702.669468818,-9.208072,1.675781,0.754171,-0.121973,0.542155,-0.223922,-0.253529,0.002319,0.106029
9354,97702.674412665,-9.207368,1.673115,0.753088,-0.119524,0.553983,-0.226036,-0.251738,0.002046,0.103805
9355,97702.679356513,-9.206673,1.670391,0.751995,-0.116940,0.567383,-0.227716,-0.249947,0.001772,0.101581
9356,97702.684269843,-9.205993,1.667617,0.750901,-0.114034,0.581974,-0.228503,-0.248168,0.001501,0.099371
9357,97702.689213691,-9.205320,1.664753,0.749798,-0.110608,0.597562,-0.227753,-0.246377,0.001227,0.097147
9358,97702.694157538,-9.204660,1.661811,0.748700,-0.106536,0.614035,-0.224512,-0.244586,0.000954,0.094923
9359,97702.699101386,-9.204017,1.658788,0.747619,-0.101709,0.631955,-0.218729,-0.242796,0.000680,0.092699
9360,97702.704014716,-9.203396,1.655694,0.746574,-0.096049,0.651397,-0.211311,-0.241016,0.000409,0.090489
9361,97702.708958564,-9.202796,1.652485,0.745562,-0.089495,0.672485,-0.203460,-0.239225,0.000135,0.088265
9362,97702.713902411,-9.202222,1.649170,0.744590,-0.083289,0.694252,-0.196439,-0.237434,-0.000138,0.086041
9363,97702.718846259,-9.201674,1.645747,0.743654,-0.078560,0.716030,-0.189875,-0.235644,-0.000412,0.083817
9364,97702.723790107,-9.201144,1.642216,0.742753,-0.075338,0.737503,-0.182794,-0.233853,-0.000685,0.081593
9365,97702.728703437,-9.200628,1.638601,0.741893,-0.073526,0.758272,-0.174897,-0.232073,-0.000957,0.079383
9366,97702.733647284,-9.200113,1.634861,0.741068,-0.072848,0.778103,-0.165977,-0.230283,-0.001230,0.077159
9367,97702.738560614,-9.199599,1.631047,0.740294,-0.072816,0.797127,-0.156487,-0.228503,-0.001502,0.074949
9368,97702.743504462,-9.199077,1.627116,0.739563,-0.073618,0.815776,-0.146299,-0.226712,-0.001775,0.072725
9369,97702.748448310,-9.198547,1.623094,0.738883,-0.074986,0.834586,-0.135744,-0.224922,-0.002049,0.070502
9370,97702.753392157,-9.198005,1.618980,0.738256,-0.076361,0.853673,-0.125199,-0.223131,-0.002322,0.068278
9371,97702.758305487,-9.197455,1.614798,0.737686,-0.077658,0.873189,-0.114957,-0.221351,-0.002594,0.066067
9372,97702.763249335,-9.196890,1.610495,0.737165,-0.078817,0.893059,-0.105437,-0.219561,-0.002867,0.063844
9373,97702.768193183,-9.196314,1.606095,0.736691,-0.079515,0.913198,-0.097044,-0.217770,-0.003141,0.061620
9374,97702.773167548,-9.195726,1.601568,0.736257,-0.080015,0.933713,-0.089628,-0.215968,-0.003416,0.059382
9375,97702.778080878,-9.195138,1.596997,0.735867,-0.080811,0.953858,-0.083047,-0.214189,-0.003688,0.057172
9376,97702.782994208,-9.194541,1.592328,0.735510,-0.081858,0.973782,-0.076512,-0.212409,-0.003959,0.054962
9377,97702.787938056,-9.193931,1.587531,0.735184,-0.083159,0.994082,-0.069745,-0.210618,-0.004233,0.052738
9378,97702.792881903,-9.193309,1.582635,0.734892,-0.084522,1.014645,-0.062498,-0.208827,-0.004506,0.050514
9379,97702.797825751,-9.192676,1.577639,0.734638,-0.086367,1.035645,-0.054374,-0.207037,-0.004780,0.048290
9380,97702.802769599,-9.192028,1.572539,0.734424,-0.089201,1.057541,-0.044285,-0.205246,-0.005053,0.046066
9381,97702.807682929,-9.191365,1.567365,0.734263,-0.092677,1.079828,-0.032694,-0.203466,-0.005325,0.043856
9382,97702.812657294,-9.190671,1.562017,0.734159,-0.096707,1.102396,-0.020542,-0.201665,-0.005600,0.041618
9383,97702.817601142,-9.189955,1.556592,0.734116,-0.101565,1.124832,-0.008712,-0.199874,-0.005873,0.039395
9384,97702.822544989,-9.189209,1.551059,0.734133,-0.107518,1.148023,0.002663,-0.198083,-0.006147,0.037171
9385,97702.827458319,-9.188434,1.545447,0.734206,-0.114273,1.172078,0.013706,-0.196304,-0.006418,0.034960
9386,97702.832402167,-9.187614,1.539684,0.734336,-0.121619,1.197679,0.024449,-0.194513,-0.006692,0.032737
9387,97702.837346015,-9.186751,1.533797,0.734519,-0.128996,1.224289,0.034919,-0.192722,-0.006965,0.030513
9388,97702.847203193,-9.184945,1.521802,0.734990,-0.141895,1.278467,0.055662,-0.189152,-0.007510,0.026079
9389,97702.852147040,-9.183963,1.515522,0.735331,-0.144770,1.305391,0.065853,-0.187361,-0.007784,0.023855
9390,97702.857090888,-9.182959,1.509111,0.735724,-0.145435,1.331720,0.076702,-0.185571,-0.008057,0.021631
9391,97702.862004218,-9.181952,1.502610,0.736169,-0.143949,1.356602,0.088206,-0.183791,-0.008329,0.019421
9392,97702.866948066,-9.180940,1.495947,0.736676,-0.140735,1.378916,0.100547,-0.182000,-0.008603,0.017197
9393,97702.871891913,-9.179938,1.489174,0.737245,-0.136511,1.396543,0.114664,-0.180209,-0.008876,0.014973
9394,97702.876835761,-9.178952,1.482313,0.737885,-0.131929,1.409501,0.130703,-0.178419,-0.009149,0.012749
9395,97702.881779609,-9.177985,1.475389,0.738606,-0.127609,1.419259,0.147138,-0.176628,-0.009423,0.010525
9396,97702.886692939,-9.177042,1.468460,0.739403,-0.123702,1.427206,0.162444,-0.174848,-0.009695,0.008315
9397,97702.891636786,-9.176109,1.461448,0.740283,-0.119674,1.433419,0.176844,-0.173058,-0.009968,0.006091
9398,97702.896580634,-9.175194,1.454406,0.741234,-0.117221,1.438090,0.191381,-0.171267,-0.010241,0.003867
9399,97702.901524482,-9.174289,1.447341,0.742257,-0.118132,1.441946,0.207214,-0.169476,-0.010515,0.001643
9400,97702.906468329,-9.173377,1.440259,0.743359,-0.124697,1.445013,0.225941,-0.165711,-0.008935,-0.000054
9401,97702.911412177,-9.172431,1.433163,0.744553,-0.134018,1.446657,0.243803,-0.163126,-0.007846,-0.000616
9402,97702.916356025,-9.171437,1.426063,0.745834,-0.142474,1.445145,0.260307,-0.160542,-0.006757,-0.001178
9403,97702.921269355,-9.170407,1.419017,0.747189,-0.148475,1.439127,0.278164,-0.157973,-0.005675,-0.001737
9404,97702.926213202,-9.169342,1.411959,0.748639,-0.152344,1.428014,0.298993,-0.155388,-0.004585,-0.002299
9405,97702.931187568,-9.168251,1.404915,0.750200,-0.155030,1.411725,0.322482,-0.152788,-0.003490,-0.002865
9406,97702.936100898,-9.167162,1.398040,0.751857,-0.156524,1.390530,0.346769,-0.150219,-0.002407,-0.003423
9407,97702.941044745,-9.166062,1.391228,0.753643,-0.156697,1.364689,0.371153,-0.147635,-0.001318,-0.003985
9408,97702.945988593,-9.164965,1.384546,0.755547,-0.155474,1.335700,0.393889,-0.145050,-0.000229,-0.004547
9409,97702.950901923,-9.163885,1.378048,0.757550,-0.153025,1.305340,0.413176,-0.142482,0.000853,-0.005106
9410,97702.955845771,-9.162816,1.371660,0.759659,-0.149423,1.275187,0.429675,-0.139897,0.001942,-0.005668
9411,97702.960789618,-9.161770,1.365422,0.761848,-0.145093,1.246843,0.445481,-0.137313,0.003031,-0.006230
9412,97702.965733466,-9.160751,1.359324,0.764114,-0.140514,1.220688,0.461071,-0.134728,0.004120,-0.006792
9413,97702.970646796,-9.159765,1.353391,0.766441,-0.135408,1.196650,0.475812,-0.132160,0.005203,-0.007351
9414,97702.975590644,-9.158802,1.347541,0.768855,-0.129703,1.174224,0.489479,-0.129575,0.006292,-0.007913
9415,97702.980534491,-9.157871,1.341800,0.771335,-0.123387,1.154012,0.501572,-0.126990,0.007381,-0.008475
9416,97702.985478339,-9.156975,1.336159,0.773874,-0.116719,1.136342,0.511099,-0.124406,0.008470,-0.009037
9417,97702.990422187,-9.156115,1.330605,0.776460,-0.110308,1.122148,0.517998,-0.121821,0.009559,-0.009599
9418,97702.995335517,-9.155294,1.325153,0.779063,-0.105033,1.112439,0.522221,-0.119253,0.010641,-0.010158
9419,97703.000279364,-9.154496,1.319715,0.781703,-0.101459,1.107846,0.523841,-0.116668,0.011730,-0.010720
9420,97703.005223212,-9.153717,1.314299,0.784351,-0.099673,1.108977,0.524267,-0.114084,0.012819,-0.011282
9421,97703.010167060,-9.152946,1.308876,0.787001,-0.099835,1.115081,0.523474,-0.111499,0.013908,-0.011844
9422,97703.015110907,-9.152173,1.303424,0.789648,-0.101559,1.123966,0.522157,-0.108915,0.014997,-0.012406
9423,97703.020024237,-9.151395,1.297962,0.792272,-0.103784,1.133742,0.520230,-0.106346,0.016080,-0.012965
9424,97703.024968085,-9.150599,1.292418,0.794904,-0.105790,1.142862,0.517450,-0.103762,0.017169,-0.013527
9425,97703.029881415,-9.149796,1.286864,0.797506,-0.106612,1.150179,0.512909,-0.101193,0.018251,-0.014085
9426,97703.034855780,-9.148978,1.281204,0.800118,-0.105770,1.154009,0.506732,-0.098592,0.019347,-0.014651
9427,97703.039799628,-9.148168,1.275559,0.802684,-0.103873,1.153517,0.500136,-0.096008,0.020436,-0.015213
9428,97703.044743476,-9.147369,1.269917,0.805218,-0.100570,1.149238,0.492953,-0.093423,0.021525,-0.015775
9429,97703.049717841,-9.146582,1.264259,0.807731,-0.096100,1.141288,0.485102,-0.090823,0.022621,-0.016341
9430,97703.054631171,-9.145829,1.258708,0.810175,-0.090609,1.129842,0.476565,-0.088254,0.023703,-0.016899
9431,97703.059544501,-9.145107,1.253212,0.812576,-0.083349,1.115493,0.467274,-0.085686,0.024785,-0.017458
9432,97703.064488349,-9.144419,1.247751,0.814947,-0.073643,1.099030,0.457717,-0.083101,0.025874,-0.018020
9433,97703.069401679,-9.143788,1.242401,0.817255,-0.061910,1.081698,0.447385,-0.080533,0.026957,-0.018579
9434,97703.074345526,-9.143215,1.237100,0.819527,-0.049191,1.063201,0.435843,-0.077948,0.028046,-0.019141
9435,97703.079289374,-9.142710,1.231888,0.821741,-0.035871,1.044156,0.422809,-0.075364,0.029135,-0.019703
9436,97703.084233222,-9.142275,1.226765,0.823891,-0.021976,1.025161,0.407996,-0.072779,0.030224,-0.020265
9437,97703.089177069,-9.141915,1.221733,0.825967,-0.007807,1.006430,0.391298,-0.070194,0.031313,-0.020827
9438,97703.094120917,-9.141629,1.216789,0.827961,0.006039,0.987989,0.372602,-0.067610,0.032402,-0.021389
9439,97703.099034247,-9.141419,1.211961,0.829851,0.018894,0.970381,0.352284,-0.065041,0.033484,-0.021948
9440,97703.103978095,-9.141276,1.207187,0.831651,0.030843,0.953641,0.330048,-0.062457,0.034573,-0.022510
9441,97703.108921943,-9.141198,1.202491,0.833342,0.041605,0.937746,0.306027,-0.059872,0.035662,-0.023072
9442,97703.113865790,-9.141177,1.197870,0.834914,0.051125,0.922574,0.280072,-0.057288,0.036751,-0.023634
9443,97703.118779120,-9.141209,1.193349,0.836348,0.059066,0.908277,0.252532,-0.054719,0.037834,-0.024192
9444,97703.123722968,-9.141285,1.188866,0.837655,0.065617,0.894611,0.223361,-0.052135,0.038923,-0.024754
9445,97703.128666816,-9.141399,1.184448,0.838818,0.070835,0.881668,0.192881,-0.049550,0.040012,-0.025317
9446,97703.133610663,-9.141543,1.180090,0.839829,0.074752,0.869354,0.161247,-0.046966,0.041101,-0.025879
9447,97703.138554511,-9.141712,1.175791,0.840684,0.077118,0.857611,0.128897,-0.044381,0.042190,-0.026441
9448,97703.143498359,-9.141897,1.171547,0.841378,0.077991,0.846436,0.096108,-0.041796,0.043279,-0.027003
9449,97703.148442206,-9.142092,1.167356,0.841910,0.077538,0.835918,0.063469,-0.039212,0.044368,-0.027565
9450,97703.153386054,-9.142288,1.163215,0.842279,0.075598,0.825902,0.031176,-0.037630,0.044377,-0.028386
9451,97703.158299384,-9.142479,1.159147,0.842487,0.072845,0.816147,-0.000324,-0.036058,0.044387,-0.029201
9452,97703.163243232,-9.142661,1.155100,0.842540,0.069886,0.805818,-0.031694,-0.035179,0.044388,-0.029051
9453,97703.168187079,-9.142833,1.151103,0.842436,0.066777,0.795184,-0.062971,-0.034300,0.044390,-0.028900
9454,97703.173130927,-9.142995,1.147158,0.842178,0.063127,0.784334,-0.094284,-0.033421,0.044392,-0.028749
9455,97703.178074775,-9.143143,1.143265,0.841763,0.058799,0.772865,-0.125366,-0.032542,0.044394,-0.028598
9456,97703.182988105,-9.143274,1.139451,0.841198,0.054013,0.761067,-0.156770,-0.031668,0.044395,-0.028448
9457,97703.187931952,-9.143386,1.135670,0.840472,0.049372,0.748837,-0.189270,-0.030789,0.044397,-0.028297
9458,97703.192875800,-9.143481,1.131949,0.839585,0.044641,0.735794,-0.222418,-0.029910,0.044399,-0.028146
9459,97703.197819648,-9.143557,1.128292,0.838533,0.040008,0.722311,-0.256076,-0.029031,0.044401,-0.027995
9460,97703.202763495,-9.143616,1.124700,0.837314,0.035398,0.708666,-0.289641,-0.028152,0.044403,-0.027844
9461,97703.207676825,-9.143657,1.121196,0.835936,0.030960,0.694631,-0.321643,-0.027278,0.044404,-0.027694
9462,97703.212651191,-9.143683,1.117717,0.834380,0.027175,0.679878,-0.351164,-0.026394,0.044406,-0.027542
9463,97703.217564521,-9.143694,1.114352,0.832698,0.024985,0.664161,-0.375671,-0.025520,0.044408,-0.027392
9464,97703.222508368,-9.143700,1.111043,0.830882,0.025663,0.646861,-0.393396,-0.024641,0.044410,-0.027241
9465,97703.227452216,-9.143714,1.107818,0.828978,0.028474,0.630314,-0.400745,-0.023762,0.044411,-0.027090
9466,97703.232396064,-9.143747,1.104673,0.827037,0.032478,0.615900,-0.396074,-0.022883,0.044413,-0.026939
9467,97703.237339911,-9.143802,1.101600,0.825119,0.035577,0.605066,-0.378218,-0.022004,0.044415,-0.026789
9468,97703.242253241,-9.143873,1.098599,0.823300,0.033721,0.599790,-0.348098,-0.021131,0.044417,-0.026639
9469,97703.247197089,-9.143934,1.095607,0.821617,0.024255,0.601459,-0.309259,-0.020252,0.044418,-0.026488
9470,97703.252140937,-9.143945,1.092612,0.820126,0.007273,0.608619,-0.265893,-0.019373,0.044420,-0.026337
9471,97703.257054267,-9.143868,1.089607,0.818857,-0.016255,0.620405,-0.223104,-0.018499,0.044422,-0.026187
9472,97703.261998114,-9.143669,1.086532,0.817790,-0.046066,0.636880,-0.182934,-0.017620,0.044424,-0.026036
9473,97703.266941962,-9.143316,1.083385,0.816921,-0.081597,0.657219,-0.146960,-0.016741,0.044426,-0.025885
9474,97703.271885810,-9.142781,1.080148,0.816227,-0.121546,0.681779,-0.115792,-0.015862,0.044427,-0.025734
9475,97703.276829657,-9.142041,1.076800,0.815687,-0.163322,0.710893,-0.089104,-0.014983,0.044429,-0.025583
9476,97703.281773505,-9.141086,1.073318,0.815277,-0.204008,0.743927,-0.065694,-0.014104,0.044431,-0.025432
9477,97703.286686835,-9.139929,1.069707,0.814983,-0.241530,0.779264,-0.045609,-0.013231,0.044433,-0.025282
9478,97703.291630683,-9.138570,1.065908,0.814787,-0.275750,0.816337,-0.028473,-0.012352,0.044434,-0.025131
9479,97703.296574530,-9.137033,1.061934,0.814674,-0.306621,0.856102,-0.012862,-0.011473,0.044436,-0.024980
9480,97703.301518378,-9.135333,1.057771,0.814639,-0.333786,0.900153,0.001984,-0.010594,0.044438,-0.024829
9481,97703.306462226,-9.133489,1.053398,0.814678,-0.357773,0.948318,0.015705,-0.009715,0.044440,-0.024678
9482,97703.311375556,-9.131527,1.048821,0.814785,-0.378681,0.998172,0.027055,-0.008841,0.044441,-0.024528
9483,97703.316319403,-9.129438,1.043975,0.814950,-0.396559,1.047279,0.034958,-0.007962,0.044443,-0.024377
9484,97703.321232734,-9.127263,1.038923,0.815155,-0.410758,1.091445,0.038525,-0.007088,0.044445,-0.024227
9485,97703.326207099,-9.124981,1.033591,0.815382,-0.420809,1.129225,0.037350,-0.006204,0.044447,-0.024076
9486,97703.331120429,-9.122669,1.028141,0.815601,-0.425810,1.158525,0.031053,-0.005330,0.044449,-0.023926
9487,97703.336094794,-9.120297,1.022479,0.815794,-0.425300,1.180056,0.019960,-0.004446,0.044450,-0.023774
9488,97703.341038642,-9.117939,1.016744,0.815931,-0.419061,1.193940,0.005065,-0.003567,0.044452,-0.023623
9489,97703.345982489,-9.115610,1.010939,0.815997,-0.407085,1.200353,-0.013086,-0.002688,0.044454,-0.023472
9490,97703.350926337,-9.113339,1.005098,0.815973,-0.389692,1.199246,-0.033687,-0.001809,0.044456,-0.023321
9491,97703.355870185,-9.111157,0.999258,0.815850,-0.368054,1.190820,-0.055787,-0.000930,0.044457,-0.023170
9492,97703.360783515,-9.109097,0.993488,0.815619,-0.343289,1.175990,-0.077582,-0.000056,0.044459,-0.023020
9493,97703.365727362,-9.107152,0.987750,0.815281,-0.316771,1.155640,-0.096712,0.000823,0.044461,-0.022869
9494,97703.370671210,-9.105343,0.982105,0.814848,-0.290023,1.131711,-0.110145,0.001702,0.044463,-0.022718
9495,97703.375615058,-9.103673,0.976572,0.814350,-0.263499,1.106787,-0.113712,0.002581,0.044464,-0.022567
9496,97703.380558905,-9.102139,0.971155,0.813835,-0.237047,1.081966,-0.104335,0.003460,0.044466,-0.022416
9497,97703.385502753,-9.100741,0.965857,0.813366,-0.211210,1.057215,-0.079879,0.004339,0.044468,-0.022265
9498,97703.390416083,-9.099481,0.960708,0.813021,-0.186599,1.032865,-0.037801,0.005212,0.044470,-0.022115
9499,97703.395359931,-9.098338,0.955645,0.812882,-0.161134,1.010327,0.013156,0.006091,0.044472,-0.021965
9500,97703.400303778,-9.097322,0.950691,0.812995,-0.137201,0.989440,0.064150,0.005202,0.043583,-0.021833
9501,97703.405247626,-9.096424,0.945838,0.813362,-0.120188,0.966551,0.114082,0.004314,0.042695,-0.021701
9502,97703.410191474,-9.095613,0.941098,0.813974,-0.115120,0.936003,0.162455,0.003425,0.041807,-0.021570
9503,97703.415135321,-9.094829,0.936510,0.814825,-0.124585,0.897937,0.209118,0.002536,0.040919,-0.021438
9504,97703.420079169,-9.094004,0.932116,0.815903,-0.149751,0.861460,0.251447,0.001647,0.040030,-0.021306
9505,97703.424992499,-9.093065,0.927936,0.817178,-0.189663,0.837280,0.269798,0.000764,0.039148,-0.021176
9506,97703.429905829,-9.091934,0.923884,0.818540,-0.241327,0.826711,0.262027,-0.000119,0.038265,-0.021045
9507,97703.434849677,-9.090544,0.919870,0.819866,-0.298399,0.825342,0.232839,-0.001008,0.037377,-0.020913
9508,97703.439793525,-9.088874,0.915873,0.821044,-0.354417,0.827849,0.183803,-0.001897,0.036488,-0.020782
9509,97703.444737372,-9.086930,0.911873,0.821976,-0.404787,0.829107,0.118956,-0.002785,0.035600,-0.020650
9510,97703.449681220,-9.084743,0.907873,0.822584,-0.446702,0.823685,0.047874,-0.003674,0.034712,-0.020518
9511,97703.454625068,-9.082354,0.903905,0.822836,-0.478709,0.808385,-0.019493,-0.004563,0.033824,-0.020387
9512,97703.464512763,-9.077277,0.896125,0.822669,-0.523063,0.760542,-0.127960,-0.006340,0.032047,-0.020124
9513,97703.469426093,-9.074555,0.892496,0.822047,-0.521408,0.725480,-0.148272,-0.007224,0.031165,-0.019993
9514,97703.474369941,-9.071833,0.889017,0.821319,-0.505467,0.685194,-0.156928,-0.008112,0.030276,-0.019861
9515,97703.479313788,-9.069199,0.885732,0.820547,-0.475281,0.641419,-0.156748,-0.009001,0.029388,-0.019729
9516,97703.484257636,-9.066724,0.882658,0.819775,-0.431248,0.596352,-0.148850,-0.009890,0.028500,-0.019598
9517,97703.489201484,-9.064475,0.879796,0.819043,-0.374888,0.553809,-0.133613,-0.010778,0.027612,-0.019466
9518,97703.494114814,-9.062525,0.877150,0.818392,-0.311045,0.518620,-0.114067,-0.011662,0.026729,-0.019335
9519,97703.499058661,-9.060884,0.874649,0.817836,-0.244218,0.494192,-0.092226,-0.012550,0.025841,-0.019204
9520,97703.504002509,-9.059577,0.872256,0.817391,-0.180568,0.483423,-0.071487,-0.013439,0.024952,-0.019072
9521,97703.508946357,-9.058586,0.869903,0.817053,-0.126093,0.487262,-0.055363,-0.014328,0.024064,-0.018941
9522,97703.513890204,-9.057861,0.867520,0.816800,-0.085113,0.503488,-0.046017,-0.015217,0.023176,-0.018809
9523,97703.518803534,-9.057338,0.865064,0.816597,-0.057715,0.526893,-0.043488,-0.016100,0.022293,-0.018678
9524,97703.523747382,-9.056941,0.862472,0.816409,-0.042153,0.551969,-0.046318,-0.016989,0.021405,-0.018547
9525,97703.528691230,-9.056617,0.859752,0.816210,-0.036691,0.573200,-0.052223,-0.017877,0.020517,-0.018415
9526,97703.533635077,-9.056315,0.856926,0.815984,-0.039723,0.586350,-0.058793,-0.018766,0.019628,-0.018283
9527,97703.538578925,-9.055995,0.854035,0.815725,-0.049469,0.590225,-0.063770,-0.019655,0.018740,-0.018152
9528,97703.543492255,-9.055629,0.851144,0.815444,-0.063052,0.586120,-0.066611,-0.020538,0.017857,-0.018021
9529,97703.548436103,-9.055195,0.848259,0.815145,-0.077985,0.576622,-0.067544,-0.021427,0.016969,-0.017889
9530,97703.553349433,-9.054693,0.845442,0.814841,-0.092600,0.564369,-0.067160,-0.022310,0.016087,-0.017758
9531,97703.558293280,-9.054118,0.842670,0.814536,-0.105639,0.551891,-0.066868,-0.023199,0.015198,-0.017627
9532,97703.563237128,-9.053481,0.839963,0.814231,-0.115693,0.540472,-0.067753,-0.024088,0.014310,-0.017495
9533,97703.568180976,-9.052797,0.837315,0.813920,-0.122434,0.530492,-0.070248,-0.024976,0.013422,-0.017364
9534,97703.573094306,-9.052086,0.834733,0.813597,-0.125739,0.522310,-0.074000,-0.025860,0.012539,-0.017233
9535,97703.578038153,-9.051357,0.832176,0.813253,-0.126694,0.515868,-0.078254,-0.026748,0.011651,-0.017101
9536,97703.582982001,-9.050625,0.829651,0.812888,-0.126678,0.510788,-0.082651,-0.027637,0.010763,-0.016970
9537,97703.587925849,-9.049894,0.827150,0.812501,-0.126059,0.506521,-0.086999,-0.028526,0.009874,-0.016838
9538,97703.592869696,-9.049168,0.824670,0.812092,-0.125416,0.502501,-0.090581,-0.029415,0.008986,-0.016706
9539,97703.597783026,-9.048450,0.822225,0.811667,-0.125105,0.498197,-0.093732,-0.030298,0.008103,-0.016576
9540,97703.602726874,-9.047731,0.819786,0.811224,-0.125576,0.493434,-0.096768,-0.031187,0.007215,-0.016444
9541,97703.607670722,-9.047010,0.817370,0.810766,-0.127067,0.488634,-0.099937,-0.032075,0.006327,-0.016312
9542,97703.612614569,-9.046284,0.814978,0.810292,-0.129673,0.484073,-0.103707,-0.032964,0.005439,-0.016181
9543,97703.617558417,-9.045546,0.812609,0.809799,-0.133375,0.480331,-0.107486,-0.033853,0.004550,-0.016049
9544,97703.622532782,-9.044786,0.810244,0.809283,-0.138115,0.477634,-0.111160,-0.034747,0.003657,-0.015917
9545,97703.627476630,-9.044008,0.807908,0.808752,-0.144198,0.475506,-0.114637,-0.035636,0.002769,-0.015785
9546,97703.632389960,-9.043206,0.805598,0.808207,-0.151425,0.473272,-0.118376,-0.036519,0.001886,-0.015654
9547,97703.637307417,-9.042368,0.803299,0.807642,-0.159541,0.470312,-0.122558,-0.037403,0.001002,-0.015523
9548,97703.642251264,-9.041486,0.801003,0.807052,-0.168017,0.466360,-0.127336,-0.038292,0.000114,-0.015392
9549,97703.647195112,-9.040564,0.798728,0.806438,-0.176112,0.461493,-0.132520,-0.039180,-0.000774,-0.015260
9550,97703.652138960,-9.039604,0.796478,0.805798,-0.182974,0.456199,-0.137984,-0.039462,-0.002162,-0.015427
9551,97703.657052290,-9.038617,0.794270,0.805133,-0.188268,0.450973,-0.143357,-0.039742,-0.003541,-0.015593
9552,97703.661996137,-9.037600,0.792074,0.804438,-0.191718,0.446364,-0.148607,-0.040023,-0.004929,-0.015759
9553,97703.666939985,-9.036567,0.789902,0.803716,-0.193034,0.443071,-0.153933,-0.040304,-0.006317,-0.015926
9554,97703.671883833,-9.035528,0.787746,0.802967,-0.192857,0.441140,-0.158930,-0.040586,-0.007705,-0.016093
9555,97703.676827680,-9.034491,0.785599,0.802193,-0.191480,0.440365,-0.163410,-0.040867,-0.009093,-0.016260
9556,97703.681741010,-9.033468,0.783469,0.801403,-0.189145,0.440696,-0.166884,-0.041147,-0.010472,-0.016425
9557,97703.686684858,-9.032450,0.781323,0.800590,-0.186135,0.441698,-0.169202,-0.041428,-0.011860,-0.016592
9558,97703.691628706,-9.031447,0.779171,0.799766,-0.183118,0.442970,-0.170694,-0.041710,-0.013248,-0.016759
9559,97703.696572553,-9.030458,0.777012,0.798936,-0.180537,0.444428,-0.171780,-0.041991,-0.014636,-0.016926
9560,97703.701516401,-9.029482,0.774845,0.798100,-0.178796,0.446475,-0.173130,-0.042273,-0.016024,-0.017092
9561,97703.706429731,-9.028521,0.772681,0.797262,-0.177581,0.449903,-0.174946,-0.042552,-0.017403,-0.017258
9562,97703.711373579,-9.027559,0.770487,0.796411,-0.177167,0.454983,-0.177272,-0.042834,-0.018791,-0.017425
9563,97703.716317427,-9.026597,0.768267,0.795549,-0.177507,0.461855,-0.179945,-0.043115,-0.020179,-0.017592
9564,97703.721261274,-9.025633,0.766013,0.794674,-0.178131,0.470257,-0.182608,-0.043397,-0.021567,-0.017758
9565,97703.726205122,-9.024665,0.763718,0.793787,-0.178791,0.479115,-0.185116,-0.043678,-0.022955,-0.017925
9566,97703.731148969,-9.023691,0.761379,0.792887,-0.179259,0.487767,-0.187550,-0.043960,-0.024343,-0.018092
9567,97703.736092817,-9.022713,0.758997,0.791976,-0.178999,0.495739,-0.189754,-0.044241,-0.025731,-0.018259
9568,97703.741036665,-9.021735,0.756575,0.791054,-0.177622,0.503196,-0.191315,-0.044522,-0.027119,-0.018426
9569,97703.745980512,-9.020762,0.754116,0.790125,-0.175129,0.510051,-0.191376,-0.044804,-0.028507,-0.018592
9570,97703.750924360,-9.019800,0.751623,0.789197,-0.172026,0.516866,-0.188788,-0.045085,-0.029895,-0.018759
9571,97703.755868208,-9.018851,0.749096,0.788282,-0.168107,0.523974,-0.183636,-0.045367,-0.031282,-0.018926
9572,97703.760781538,-9.017926,0.746549,0.787399,-0.164193,0.531139,-0.177965,-0.045646,-0.032662,-0.019092
9573,97703.765725385,-9.017013,0.743950,0.786539,-0.161230,0.538724,-0.174479,-0.045928,-0.034050,-0.019258
9574,97703.770669233,-9.016112,0.741313,0.785696,-0.160259,0.547409,-0.174576,-0.046209,-0.035438,-0.019425
9575,97703.775613081,-9.015214,0.738633,0.784854,-0.160996,0.558029,-0.177539,-0.046491,-0.036826,-0.019592
9576,97703.780556928,-9.014310,0.735901,0.783998,-0.163355,0.571253,-0.181983,-0.046772,-0.038213,-0.019759
9577,97703.785500776,-9.013393,0.733104,0.783121,-0.167028,0.587296,-0.185424,-0.047054,-0.039601,-0.019925
9578,97703.790414106,-9.012459,0.730245,0.782232,-0.170781,0.605124,-0.186704,-0.047333,-0.040981,-0.020091
9579,97703.795357954,-9.011498,0.727282,0.781333,-0.173431,0.623393,-0.185962,-0.047615,-0.042369,-0.020258
9580,97703.800301802,-9.010519,0.724229,0.780438,-0.174711,0.641714,-0.183048,-0.047896,-0.043757,-0.020425
9581,97703.805245649,-9.009530,0.721086,0.779559,-0.175450,0.660626,-0.178328,-0.048178,-0.045144,-0.020591
9582,97703.810189497,-9.008532,0.717850,0.778704,-0.176122,0.680712,-0.171520,-0.048459,-0.046532,-0.020758
9583,97703.815102827,-9.007533,0.714536,0.777889,-0.176844,0.701547,-0.163204,-0.048739,-0.047912,-0.020924
9584,97703.820016157,-9.006525,0.711121,0.777116,-0.177745,0.722467,-0.154136,-0.049018,-0.049291,-0.021090
9585,97703.824960005,-9.005502,0.707581,0.776384,-0.178678,0.743374,-0.144851,-0.049300,-0.050679,-0.021256
9586,97703.829903852,-9.004468,0.703940,0.775699,-0.179183,0.764455,-0.135393,-0.049581,-0.052067,-0.021423
9587,97703.834847700,-9.003427,0.700195,0.775062,-0.179060,0.786314,-0.125595,-0.049863,-0.053455,-0.021590
9588,97703.839761030,-9.002387,0.696366,0.774479,-0.178131,0.808897,-0.115728,-0.050142,-0.054834,-0.021756
9589,97703.844704878,-9.001340,0.692402,0.773942,-0.176843,0.832397,-0.105658,-0.050424,-0.056222,-0.021922
9590,97703.849648725,-9.000293,0.688323,0.773456,-0.175462,0.856119,-0.095742,-0.050705,-0.057610,-0.022089
9591,97703.854592573,-8.999247,0.684127,0.773021,-0.174229,0.879883,-0.086337,-0.051209,-0.058716,-0.023192
9592,97703.859536421,-8.998202,0.679813,0.772634,-0.173357,0.903279,-0.077521,-0.051713,-0.059822,-0.024295
9593,97703.864449751,-8.997161,0.675412,0.772294,-0.173354,0.925516,-0.069446,-0.052213,-0.060922,-0.025391
9594,97703.869393598,-8.996109,0.670875,0.771994,-0.174505,0.946189,-0.062372,-0.052717,-0.062028,-0.026493
9595,97703.874337446,-8.995046,0.666235,0.771729,-0.177262,0.965218,-0.055879,-0.053220,-0.063134,-0.027596
9596,97703.879281294,-8.993965,0.661503,0.771497,-0.181639,0.983255,-0.049144,-0.053724,-0.064240,-0.028699
9597,97703.884225141,-8.992858,0.656684,0.771300,-0.187725,1.001070,-0.041849,-0.054228,-0.065347,-0.029802
9598,97703.889168989,-8.991716,0.651778,0.771139,-0.195450,1.019741,-0.032765,-0.054731,-0.066453,-0.030904
9599,97703.894082319,-8.990539,0.646812,0.771024,-0.204600,1.039074,-0.021995,-0.055232,-0.067552,-0.032000
9600,97703.899026167,-8.989304,0.641724,0.770962,-0.214986,1.058517,-0.011381,-0.053650,-0.066048,-0.033456
9601,97703.903970014,-8.988013,0.636542,0.770953,-0.226820,1.078232,-0.001466,-0.052068,-0.064543,-0.034912
9602,97703.908913862,-8.986659,0.631266,0.770994,-0.240470,1.098740,0.008488,-0.050486,-0.063038,-0.036368
9603,97703.913857710,-8.985232,0.625892,0.771084,-0.255117,1.120087,0.018429,-0.048905,-0.061533,-0.037824
9604,97703.918771040,-8.983737,0.620450,0.771222,-0.270081,1.141887,0.027927,-0.047332,-0.060038,-0.039271
9605,97703.923714887,-8.982153,0.614871,0.771408,-0.284800,1.164501,0.037205,-0.045751,-0.058533,-0.040727
9606,97703.928628218,-8.980501,0.609219,0.771639,-0.298662,1.187547,0.046078,-0.044178,-0.057038,-0.042173
9607,97703.933572065,-8.978764,0.603422,0.771916,-0.311125,1.211253,0.054106,-0.042597,-0.055533,-0.043629
9608,97703.938515913,-8.976961,0.597510,0.772233,-0.321870,1.234744,0.061023,-0.041015,-0.054029,-0.045085
9609,97703.943459760,-8.975098,0.591486,0.772584,-0.330390,1.257660,0.066543,-0.039433,-0.052524,-0.046541
9610,97703.948373091,-8.973200,0.585388,0.772962,-0.336851,1.280350,0.071332,-0.037861,-0.051028,-0.047988
9611,97703.953316938,-8.971253,0.579142,0.773366,-0.342072,1.302922,0.077098,-0.036279,-0.049524,-0.049444
9612,97703.958260786,-8.969275,0.572787,0.773799,-0.345976,1.323637,0.085257,-0.034697,-0.048019,-0.050900
9613,97703.963204634,-8.967273,0.566330,0.774274,-0.348472,1.340368,0.096378,-0.033115,-0.046514,-0.052355
9614,97703.968117964,-8.965266,0.559832,0.774802,-0.349614,1.353416,0.109467,-0.031543,-0.045019,-0.053802
9615,97703.973061811,-8.963238,0.553230,0.775398,-0.349729,1.364405,0.122569,-0.029961,-0.043514,-0.055258
9616,97703.978005659,-8.961205,0.546575,0.776059,-0.348977,1.373813,0.135487,-0.028379,-0.042009,-0.056714
9617,97703.982949507,-8.959174,0.539875,0.776785,-0.347549,1.380711,0.148758,-0.026797,-0.040505,-0.058170
9618,97703.987893354,-8.957146,0.533140,0.777577,-0.345606,1.385938,0.162137,-0.025216,-0.039000,-0.059626
9619,97703.992806684,-8.955139,0.526422,0.778431,-0.344633,1.390425,0.176861,-0.023643,-0.037505,-0.061073
9620,97703.997750532,-8.953122,0.519641,0.779363,-0.345636,1.393735,0.192856,-0.022062,-0.036000,-0.062529
9621,97704.002694380,-8.951099,0.512845,0.780374,-0.348329,1.394686,0.210877,-0.020480,-0.034495,-0.063984
9622,97704.007638227,-8.949060,0.506046,0.781474,-0.351218,1.392048,0.231356,-0.018898,-0.032990,-0.065440
9623,97704.012582075,-8.947007,0.499261,0.782674,-0.351553,1.385466,0.252888,-0.017316,-0.031486,-0.066896
9624,97704.017495405,-8.944964,0.492552,0.783973,-0.349333,1.374794,0.276060,-0.015744,-0.029990,-0.068343
9625,97704.022439253,-8.942920,0.485856,0.785394,-0.345427,1.359904,0.301714,-0.014162,-0.028486,-0.069799
9626,97704.027383100,-8.940897,0.479233,0.786941,-0.340173,1.340834,0.328096,-0.012580,-0.026981,-0.071255
9627,97704.032326948,-8.938902,0.472706,0.788618,-0.333529,1.317717,0.354016,-0.010998,-0.025476,-0.072711
9628,97704.037270796,-8.936943,0.466292,0.790422,-0.326125,1.291561,0.377699,-0.009416,-0.023972,-0.074166
9629,97704.042214643,-8.935025,0.460008,0.792342,-0.318156,1.263907,0.397710,-0.007835,-0.022467,-0.075622
9630,97704.047127973,-8.933162,0.453898,0.794347,-0.310023,1.236691,0.414089,-0.006262,-0.020971,-0.077069
9631,97704.052071821,-8.931333,0.447884,0.796445,-0.302079,1.210912,0.428903,-0.004681,-0.019467,-0.078525
9632,97704.057015669,-8.929547,0.441996,0.798615,-0.294413,1.187349,0.443565,-0.003099,-0.017962,-0.079981
9633,97704.061959516,-8.927803,0.436223,0.800856,-0.286878,1.166000,0.458255,-0.001517,-0.016457,-0.081437
9634,97704.066903364,-8.926100,0.430556,0.803170,-0.279160,1.146289,0.472319,0.000065,-0.014953,-0.082893
9635,97704.071816694,-8.924449,0.425019,0.805538,-0.271500,1.128539,0.484937,0.001637,-0.013457,-0.084340
9636,97704.076791059,-8.922818,0.419501,0.807997,-0.263565,1.112706,0.495669,0.003229,-0.011943,-0.085804
9637,97704.081734907,-8.921239,0.414094,0.810494,-0.256014,1.099406,0.504005,0.004811,-0.010438,-0.087260
9638,97704.086678755,-8.919700,0.408752,0.813032,-0.249732,1.089679,0.510187,0.006393,-0.008934,-0.088716
9639,97704.091622602,-8.918193,0.403456,0.815601,-0.245417,1.084548,0.514008,0.007974,-0.007429,-0.090172
9640,97704.096535932,-8.916718,0.398218,0.818172,-0.243327,1.084751,0.515534,0.009546,-0.005934,-0.091619
9641,97704.101479780,-8.915243,0.392946,0.820767,-0.243951,1.089727,0.515764,0.011128,-0.004429,-0.093075
9642,97704.106423628,-8.913765,0.387649,0.823364,-0.247086,1.097867,0.515266,0.012710,-0.002924,-0.094531
9643,97704.111367475,-8.912269,0.382313,0.825958,-0.251105,1.107655,0.513559,0.014292,-0.001419,-0.095986
9644,97704.116311323,-8.910751,0.376930,0.828544,-0.255171,1.116836,0.510469,0.015874,0.000085,-0.097442
9645,97704.121255171,-8.909212,0.371501,0.831115,-0.259019,1.122984,0.506110,0.017456,0.001590,-0.098898
9646,97704.126199018,-8.907652,0.366043,0.833665,-0.261963,1.125583,0.500189,0.019038,0.003095,-0.100354
9647,97704.131142866,-8.906078,0.360573,0.836185,-0.262986,1.124630,0.493392,0.020620,0.004599,-0.101810
9648,97704.136086714,-8.904500,0.355106,0.838672,-0.261790,1.119963,0.485509,0.022201,0.006104,-0.103266
9649,97704.141000044,-8.902938,0.349696,0.841104,-0.258225,1.111241,0.477102,0.023774,0.007599,-0.104713
9650,97704.145943891,-8.901387,0.344294,0.843509,-0.252355,1.099230,0.467935,0.023693,0.009539,-0.106650
9651,97704.150887739,-8.899869,0.338949,0.845869,-0.243766,1.085140,0.457652,0.023612,0.011479,-0.108588
9652,97704.155831587,-8.898396,0.333672,0.848178,-0.232923,1.069936,0.446546,0.023532,0.013418,-0.110526
9653,97704.160744917,-8.896990,0.328498,0.850418,-0.220493,1.053990,0.434360,0.023452,0.015346,-0.112452
9654,97704.165688764,-8.895641,0.323368,0.852612,-0.207032,1.037629,0.421121,0.023371,0.017285,-0.114389
9655,97704.170632612,-8.894363,0.318315,0.854740,-0.192783,1.021095,0.406809,0.023291,0.019225,-0.116327
9656,97704.175576460,-8.893160,0.313339,0.856798,-0.178171,1.004731,0.391319,0.023210,0.021164,-0.118265
9657,97704.180520307,-8.892033,0.308441,0.858779,-0.163294,0.988395,0.374286,0.023129,0.023104,-0.120203
9658,97704.185433637,-8.890992,0.303648,0.860665,-0.148427,0.972899,0.355840,0.023049,0.025032,-0.122128
9659,97704.190377485,-8.890022,0.298898,0.862471,-0.133594,0.958183,0.335708,0.022969,0.026971,-0.124066
9660,97704.195321333,-8.889130,0.294215,0.864177,-0.119392,0.944053,0.313884,0.022888,0.028911,-0.126004
9661,97704.200265180,-8.888313,0.289599,0.865777,-0.106025,0.930483,0.290546,0.022808,0.030850,-0.127942
9662,97704.205178510,-8.887571,0.285073,0.867251,-0.093871,0.917610,0.265869,0.022728,0.032778,-0.129867
9663,97704.210122358,-8.886888,0.280578,0.868613,-0.083191,0.904962,0.239621,0.022647,0.034717,-0.131805
9664,97704.215066206,-8.886264,0.276142,0.869846,-0.074162,0.892466,0.211735,0.022567,0.036657,-0.133743
9665,97704.220010053,-8.885688,0.271764,0.870940,-0.066417,0.880217,0.182675,0.022486,0.038597,-0.135681
9666,97704.224923384,-8.885159,0.267469,0.871885,-0.060160,0.868177,0.152795,0.022406,0.040524,-0.137606
9667,97704.229867231,-8.884663,0.263204,0.872688,-0.055941,0.856798,0.121734,0.022325,0.042464,-0.139544
9668,97704.234811079,-8.884191,0.258992,0.873337,-0.053296,0.845613,0.089796,0.022245,0.044403,-0.141482
9669,97704.239754927,-8.883738,0.254833,0.873827,-0.052326,0.834985,0.057289,0.022164,0.046343,-0.143420
9670,97704.244698774,-8.883294,0.250724,0.874157,-0.052805,0.824694,0.024766,0.022084,0.048282,-0.145357
9671,97704.249642622,-8.882852,0.246664,0.874324,-0.053956,0.814686,-0.007361,0.022003,0.050222,-0.147295
9672,97704.254586469,-8.882409,0.242652,0.874333,-0.055491,0.805051,-0.039110,0.021922,0.052161,-0.149233
9673,97704.259499800,-8.881966,0.238710,0.874184,-0.057536,0.795619,-0.070277,0.021842,0.054089,-0.151159
9674,97704.264413130,-8.881517,0.234813,0.873882,-0.060075,0.785754,-0.101004,0.021762,0.056017,-0.153084
9675,97704.269356977,-8.881056,0.230939,0.873426,-0.063232,0.775138,-0.131925,0.021682,0.057956,-0.155022
9676,97704.274331343,-8.880582,0.227093,0.872811,-0.067255,0.764086,-0.163659,0.021601,0.059908,-0.156972
9677,97704.279244673,-8.880099,0.223347,0.872048,-0.071757,0.752618,-0.195860,0.021521,0.061835,-0.158898
9678,97704.284158003,-8.879598,0.219656,0.871125,-0.076326,0.740908,-0.228390,0.021441,0.063763,-0.160823
9679,97704.289101850,-8.879076,0.215999,0.870035,-0.080733,0.729083,-0.260875,0.021360,0.065702,-0.162761
9680,97704.294045698,-8.878538,0.212399,0.868783,-0.084827,0.717263,-0.292076,0.021279,0.067642,-0.164699
9681,97704.298989546,-8.877984,0.208857,0.867376,-0.087969,0.704988,-0.320732,0.021199,0.069582,-0.166636
9682,97704.303933393,-8.877419,0.205374,0.865826,-0.089972,0.692513,-0.345843,0.021118,0.071521,-0.168574
9683,97704.308846723,-8.876853,0.201973,0.864162,-0.090383,0.680290,-0.366232,0.021038,0.073449,-0.170500
9684,97704.313790571,-8.876285,0.198609,0.862386,-0.089556,0.669138,-0.380259,0.020958,0.075388,-0.172438
9685,97704.318734419,-8.875724,0.195300,0.860539,-0.087700,0.659048,-0.386047,0.020877,0.077328,-0.174375
9686,97704.323678266,-8.875176,0.192040,0.858664,-0.086052,0.650809,-0.383228,0.020797,0.079267,-0.176313
9687,97704.328622114,-8.874637,0.188820,0.856802,-0.086422,0.645042,-0.371202,0.020716,0.081207,-0.178251
9688,97704.333565962,-8.874096,0.185630,0.855000,-0.090133,0.642511,-0.350994,0.020635,0.083146,-0.180189
9689,97704.338509809,-8.873537,0.182454,0.853297,-0.099265,0.644246,-0.323004,0.020555,0.085086,-0.182126
9690,97704.343453657,-8.872930,0.179273,0.851731,-0.114414,0.650572,-0.288324,0.020474,0.087026,-0.184064
9691,97704.348366987,-8.872248,0.176087,0.850345,-0.135494,0.661034,-0.250288,0.020394,0.088953,-0.185990
9692,97704.353310835,-8.871453,0.172836,0.849137,-0.161856,0.675690,-0.209549,0.020314,0.090893,-0.187928
9693,97704.358224165,-8.870528,0.169541,0.848136,-0.192787,0.694856,-0.167379,0.020234,0.092820,-0.189853
9694,97704.368111860,-8.868345,0.162740,0.846536,-0.263293,0.744413,-0.083243,0.020072,0.096699,-0.193729
9695,97704.373055708,-8.866889,0.159115,0.846150,-0.302371,0.780587,-0.043690,0.019992,0.098639,-0.195667
9696,97704.377999555,-8.865230,0.155323,0.845958,-0.341697,0.820802,-0.007137,0.019911,0.100579,-0.197604
9697,97704.382943403,-8.863364,0.151342,0.845946,-0.380464,0.863312,0.024990,0.019831,0.102518,-0.199542
9698,97704.387856733,-8.861309,0.147189,0.846092,-0.419020,0.906651,0.052591,0.019751,0.104446,-0.201468
9699,97704.392800581,-8.859038,0.142805,0.846375,-0.458330,0.950846,0.075427,0.019670,0.106385,-0.203406
9700,97704.397744428,-8.856563,0.138213,0.846771,-0.497697,0.994110,0.093050,0.018063,0.106670,-0.203671
9701,97704.402688276,-8.853882,0.133417,0.847253,-0.536545,1.034560,0.104728,0.016456,0.106954,-0.203937
9702,97704.407632124,-8.851000,0.128430,0.847793,-0.573469,1.070592,0.110012,0.014849,0.107239,-0.204202
9703,97704.412575971,-8.847928,0.123274,0.848358,-0.606608,1.100540,0.108793,0.013242,0.107524,-0.204468
9704,97704.417489302,-8.844705,0.118009,0.848913,-0.634256,1.123029,0.101172,0.011645,0.107807,-0.204731
9705,97704.422433149,-8.841321,0.112607,0.849434,-0.655744,1.137751,0.087767,0.010038,0.108091,-0.204997
9706,97704.427376997,-8.837829,0.107135,0.849887,-0.669260,1.144561,0.069106,0.008431,0.108376,-0.205262
9707,97704.432290327,-8.834292,0.101666,0.850245,-0.673326,1.143537,0.045393,0.006834,0.108659,-0.205526
9708,97704.437234175,-8.830715,0.096167,0.850488,-0.667802,1.135607,0.017155,0.005227,0.108943,-0.205792
9709,97704.442178022,-8.827169,0.090704,0.850591,-0.653514,1.122123,-0.013075,0.003620,0.109228,-0.206057
9710,97704.447121870,-8.823699,0.085303,0.850545,-0.632150,1.104159,-0.042349,0.002013,0.109512,-0.206323
9711,97704.452065718,-8.820340,0.079984,0.850354,-0.606183,1.083908,-0.067441,0.000406,0.109797,-0.206588
9712,97704.457009565,-8.817116,0.074758,0.850041,-0.577432,1.063797,-0.084521,-0.001201,0.110082,-0.206854
9713,97704.461922895,-8.814058,0.069655,0.849646,-0.547221,1.045533,-0.090009,-0.002798,0.110365,-0.207118
9714,97704.466866743,-8.811135,0.064604,0.849223,-0.515334,1.028974,-0.081553,-0.004405,0.110649,-0.207383
9715,97704.471810591,-8.808372,0.059629,0.848843,-0.482617,1.013525,-0.056676,-0.006012,0.110934,-0.207648
9716,97704.476754438,-8.805772,0.054724,0.848588,-0.450095,0.998520,-0.013326,-0.007619,0.111218,-0.207914
9717,97704.481698286,-8.803333,0.049889,0.848548,-0.418333,0.983944,0.038507,-0.009226,0.111503,-0.208179
9718,97704.486642134,-8.801051,0.045123,0.848767,-0.389163,0.969193,0.090130,-0.010833,0.111788,-0.208445
9719,97704.491555464,-8.798925,0.040455,0.849238,-0.366100,0.950508,0.140294,-0.012430,0.112070,-0.208709
9720,97704.496499311,-8.796900,0.035849,0.849961,-0.352138,0.922309,0.189231,-0.014037,0.112355,-0.208974
9721,97704.501443159,-8.794947,0.031382,0.850926,-0.350001,0.884333,0.236399,-0.015644,0.112640,-0.209240
9722,97704.506387007,-8.793010,0.027105,0.852121,-0.362598,0.843941,0.276045,-0.017251,0.112924,-0.209505
9723,97704.511330854,-8.791016,0.023033,0.853509,-0.390926,0.809991,0.293005,-0.018858,0.113209,-0.209771
9724,97704.516274702,-8.788888,0.019136,0.854977,-0.433308,0.787127,0.290452,-0.020465,0.113494,-0.210036
9725,97704.521188032,-8.786571,0.015384,0.856419,-0.484192,0.775467,0.272912,-0.022062,0.113776,-0.210300
9726,97704.526131880,-8.783991,0.011676,0.857778,-0.537090,0.770944,0.240488,-0.023669,0.114061,-0.210566
9727,97704.531106245,-8.781137,0.007978,0.858980,-0.584695,0.769099,0.194256,-0.025286,0.114347,-0.210833
9728,97704.536050093,-8.778068,0.004318,0.859943,-0.621502,0.764776,0.140419,-0.026893,0.114632,-0.211098
9729,97704.540993940,-8.774823,0.000684,0.860637,-0.646365,0.753466,0.085561,-0.028500,0.114917,-0.211364
9730,97704.545937788,-8.771461,-0.002892,0.861057,-0.659757,0.733778,0.036860,-0.029985,0.114636,-0.210614
9731,97704.550851118,-8.768061,-0.006349,0.861233,-0.662086,0.707549,0.000592,-0.031461,0.114358,-0.209869
9732,97704.555794966,-8.764638,-0.009700,0.861229,-0.652451,0.675960,-0.021868,-0.032946,0.114078,-0.209120
9733,97704.560738813,-8.761270,-0.012898,0.861112,-0.629356,0.640428,-0.032815,-0.034431,0.113798,-0.208370
9734,97704.565682661,-8.758025,-0.015927,0.860942,-0.592561,0.603355,-0.034280,-0.035916,0.113517,-0.207621
9735,97704.570595991,-8.754989,-0.018763,0.860765,-0.543350,0.568131,-0.028212,-0.037392,0.113239,-0.206876
9736,97704.575539839,-8.752184,-0.021453,0.860620,-0.484239,0.537626,-0.017827,-0.038877,0.112959,-0.206127
9737,97704.580483686,-8.749677,-0.024005,0.860528,-0.420198,0.515604,-0.004388,-0.040362,0.112679,-0.205377
9738,97704.585427534,-8.747490,-0.026461,0.860506,-0.356360,0.504965,0.010399,-0.041847,0.112398,-0.204628
9739,97704.590371382,-8.745620,-0.028877,0.860561,-0.297078,0.506663,0.024016,-0.043333,0.112118,-0.203878
9740,97704.595284712,-8.744051,-0.031298,0.860687,-0.247165,0.519223,0.034881,-0.044808,0.111840,-0.203133
9741,97704.600228559,-8.742715,-0.033807,0.860872,-0.208249,0.539559,0.041795,-0.046294,0.111560,-0.202384
9742,97704.605172407,-8.741566,-0.036424,0.861095,-0.180997,0.563869,0.044602,-0.047779,0.111280,-0.201634
9743,97704.610116255,-8.740547,-0.039166,0.861336,-0.164129,0.588074,0.043763,-0.049264,0.110999,-0.200885
9744,97704.615029585,-8.739611,-0.042015,0.861574,-0.156167,0.607783,0.040597,-0.050740,0.110721,-0.200140
9745,97704.620003950,-8.738699,-0.044998,0.861801,-0.155465,0.620147,0.036195,-0.052234,0.110439,-0.199386
9746,97704.624947798,-8.737794,-0.048025,0.862005,-0.160533,0.623509,0.031646,-0.053719,0.110159,-0.198636
9747,97704.629891645,-8.736863,-0.051068,0.862187,-0.169369,0.618874,0.027504,-0.055204,0.109879,-0.197887
9748,97704.634835493,-8.735890,-0.054086,0.862347,-0.180977,0.608868,0.023800,-0.056689,0.109599,-0.197138
9749,97704.639779341,-8.734863,-0.057052,0.862488,-0.193625,0.596307,0.020508,-0.058175,0.109318,-0.196388
9750,97704.644692671,-8.733782,-0.059936,0.862610,-0.206392,0.583423,0.017777,-0.058813,0.107716,-0.195131
9751,97704.649636518,-8.732635,-0.062772,0.862717,-0.218894,0.571136,0.014923,-0.059456,0.106104,-0.193866
9752,97704.654549848,-8.731436,-0.065527,0.862809,-0.230090,0.560647,0.011299,-0.060094,0.104502,-0.192608
9753,97704.659493696,-8.730177,-0.068245,0.862881,-0.239256,0.551710,0.007245,-0.060737,0.102890,-0.191343
9754,97704.664437544,-8.728875,-0.070918,0.862932,-0.246062,0.544028,0.003127,-0.061379,0.101278,-0.190078
9755,97704.669381391,-8.727541,-0.073551,0.862962,-0.250404,0.537895,-0.000498,-0.062022,0.099666,-0.188813
9756,97704.674294721,-8.726196,-0.076137,0.862973,-0.252523,0.532993,-0.003039,-0.062660,0.098063,-0.187556
9757,97704.679238569,-8.724833,-0.078715,0.862971,-0.253096,0.528400,-0.004897,-0.063303,0.096451,-0.186291
9758,97704.684182417,-8.723469,-0.081270,0.862959,-0.252375,0.523887,-0.006224,-0.063945,0.094839,-0.185026
9759,97704.689126264,-8.722109,-0.083803,0.862941,-0.250708,0.519660,-0.007439,-0.064588,0.093227,-0.183761
9760,97704.694070112,-8.720759,-0.086316,0.862917,-0.248630,0.515988,-0.008792,-0.065230,0.091615,-0.182496
9761,97704.699013960,-8.719419,-0.088811,0.862886,-0.247184,0.513397,-0.010818,-0.065873,0.090003,-0.181231
9762,97704.703927290,-8.718096,-0.091279,0.862845,-0.246781,0.512047,-0.013835,-0.066512,0.088401,-0.179973
9763,97704.708871137,-8.716767,-0.093755,0.862789,-0.247848,0.511730,-0.017887,-0.067154,0.086789,-0.178708
9764,97704.713784468,-8.715441,-0.096214,0.862713,-0.250490,0.512239,-0.022758,-0.067793,0.085186,-0.177451
9765,97704.718728315,-8.714094,-0.098691,0.862613,-0.254447,0.513104,-0.027739,-0.068435,0.083574,-0.176186
9766,97704.723702680,-8.712720,-0.101187,0.862487,-0.259217,0.513610,-0.032571,-0.069082,0.081952,-0.174913
9767,97704.728646528,-8.711330,-0.103670,0.862337,-0.264396,0.513381,-0.037137,-0.069724,0.080340,-0.173648
9768,97704.733590376,-8.709916,-0.106151,0.862165,-0.270037,0.512288,-0.041379,-0.070367,0.078728,-0.172383
9769,97704.738503706,-8.708483,-0.108609,0.861972,-0.275559,0.510533,-0.045224,-0.071005,0.077126,-0.171126
9770,97704.743417036,-8.707023,-0.111059,0.861760,-0.280476,0.508844,-0.049006,-0.071644,0.075524,-0.169869
9771,97704.748360884,-8.705531,-0.113514,0.861527,-0.284455,0.507347,-0.052891,-0.072286,0.073911,-0.168603
9772,97704.753304731,-8.704020,-0.115962,0.861275,-0.287364,0.506570,-0.056982,-0.072929,0.072299,-0.167338
9773,97704.758248579,-8.702495,-0.118405,0.861002,-0.289173,0.507249,-0.061460,-0.073571,0.070687,-0.166073
9774,97704.763161909,-8.700970,-0.120836,0.860709,-0.290405,0.508807,-0.065962,-0.074210,0.069085,-0.164816
9775,97704.768105757,-8.699430,-0.123290,0.860392,-0.291046,0.511297,-0.070600,-0.074852,0.067473,-0.163551
9776,97704.773049604,-8.697887,-0.125757,0.860052,-0.290988,0.514459,-0.075314,-0.075495,0.065861,-0.162286
9777,97704.777993452,-8.696343,-0.128240,0.859689,-0.290786,0.518411,-0.079518,-0.076138,0.064249,-0.161021
9778,97704.782906782,-8.694810,-0.130726,0.859307,-0.290594,0.522929,-0.083188,-0.076776,0.062647,-0.159764
9779,97704.787850630,-8.693267,-0.133251,0.858906,-0.290635,0.527822,-0.086287,-0.077419,0.061034,-0.158499
9780,97704.792794477,-8.691723,-0.135801,0.858489,-0.291156,0.533034,-0.088598,-0.078061,0.059422,-0.157233
9781,97704.797738325,-8.690176,-0.138376,0.858062,-0.291665,0.539179,-0.090646,-0.078704,0.057810,-0.155968
9782,97704.802682173,-8.688625,-0.140981,0.857624,-0.292379,0.546339,-0.092926,-0.079346,0.056198,-0.154703
9783,97704.807595503,-8.687078,-0.143606,0.857179,-0.293694,0.554429,-0.095235,-0.079985,0.054596,-0.153446
9784,97704.812539350,-8.685514,-0.146286,0.856719,-0.295467,0.563407,-0.097159,-0.080627,0.052984,-0.152181
9785,97704.817483198,-8.683939,-0.149011,0.856251,-0.297730,0.572718,-0.098487,-0.081270,0.051372,-0.150916
9786,97704.822427046,-8.682352,-0.151781,0.855776,-0.300575,0.582023,-0.098730,-0.081912,0.049760,-0.149651
9787,97704.827340376,-8.680758,-0.154579,0.855303,-0.304012,0.591465,-0.097671,-0.082551,0.048157,-0.148394
9788,97704.832284223,-8.679135,-0.157441,0.854833,-0.307858,0.601055,-0.096220,-0.083193,0.046545,-0.147129
9789,97704.837228071,-8.677491,-0.160349,0.854371,-0.312090,0.610635,-0.095721,-0.083836,0.044933,-0.145864
9790,97704.842171919,-8.675824,-0.163303,0.853911,-0.316795,0.620321,-0.096603,-0.084478,0.043321,-0.144598
9791,97704.847115766,-8.674131,-0.166304,0.853447,-0.321823,0.630252,-0.098734,-0.085121,0.041709,-0.143333
9792,97704.852059614,-8.672412,-0.169353,0.852973,-0.327010,0.640107,-0.101924,-0.085764,0.040097,-0.142068
9793,97704.857003462,-8.670665,-0.172450,0.852483,-0.332017,0.649400,-0.105527,-0.086406,0.038485,-0.140803
9794,97704.861947309,-8.668892,-0.175592,0.851976,-0.336439,0.657760,-0.108112,-0.087049,0.036873,-0.139538
9795,97704.866860639,-8.667106,-0.178755,0.851459,-0.340242,0.665486,-0.107570,-0.087687,0.035270,-0.138281
9796,97704.871804487,-8.665289,-0.181975,0.850942,-0.343602,0.673919,-0.102288,-0.088330,0.033658,-0.137016
9797,97704.876748335,-8.663453,-0.185235,0.850451,-0.346483,0.683468,-0.093536,-0.088972,0.032046,-0.135751
9798,97704.881692182,-8.661600,-0.188542,0.850004,-0.349443,0.695021,-0.083890,-0.089615,0.030434,-0.134486
9799,97704.886605512,-8.659741,-0.191883,0.849607,-0.353865,0.708427,-0.075736,-0.090253,0.028832,-0.133228
9800,97704.891549360,-8.657845,-0.195310,0.849249,-0.360777,0.723912,-0.069329,-0.088780,0.028955,-0.133963
9801,97704.896493208,-8.655911,-0.198811,0.848923,-0.369177,0.741324,-0.063854,-0.088095,0.028677,-0.135106
9802,97704.901437055,-8.653931,-0.202397,0.848624,-0.377067,0.760297,-0.058397,-0.087410,0.028399,-0.136248
9803,97704.906380903,-8.651908,-0.206074,0.848353,-0.383098,0.780494,-0.052265,-0.086725,0.028120,-0.137391
9804,97704.911294233,-8.649863,-0.209825,0.848114,-0.386843,0.801892,-0.045164,-0.086045,0.027844,-0.138526
9805,97704.916238081,-8.647781,-0.213705,0.847910,-0.388687,0.824820,-0.036795,-0.085360,0.027565,-0.139669
9806,97704.921151411,-8.645698,-0.217672,0.847750,-0.389135,0.848387,-0.028049,-0.084679,0.027289,-0.140805
9807,97704.926095259,-8.643594,-0.221779,0.847633,-0.389269,0.872462,-0.019176,-0.083994,0.027010,-0.141947
9808,97704.931069624,-8.641470,-0.226031,0.847561,-0.389523,0.896740,-0.010716,-0.083305,0.026730,-0.143097
9809,97704.935982954,-8.639365,-0.230350,0.847533,-0.390497,0.920549,-0.002854,-0.082625,0.026453,-0.144233
9810,97704.940926802,-8.637237,-0.234812,0.847545,-0.392069,0.944045,0.004888,-0.081940,0.026175,-0.145375
9811,97704.945870649,-8.635095,-0.239389,0.847596,-0.394350,0.966755,0.012583,-0.081255,0.025897,-0.146518
9812,97704.950814497,-8.632937,-0.244077,0.847687,-0.397265,0.988286,0.020400,-0.080570,0.025618,-0.147661
9813,97704.955758344,-8.630759,-0.248871,0.847818,-0.400965,1.008430,0.028144,-0.079886,0.025340,-0.148803
9814,97704.960702192,-8.628557,-0.253763,0.847987,-0.405747,1.027240,0.036314,-0.079201,0.025062,-0.149946
9815,97704.965615522,-8.626341,-0.258715,0.848197,-0.412131,1.045234,0.045054,-0.078520,0.024785,-0.151081
9816,97704.970589887,-8.624062,-0.263816,0.848453,-0.420371,1.063370,0.054891,-0.077831,0.024505,-0.152231
9817,97704.975503218,-8.621765,-0.268942,0.848755,-0.430098,1.081122,0.065349,-0.077151,0.024228,-0.153367
9818,97704.980447065,-8.619401,-0.274184,0.849110,-0.441599,1.098232,0.076588,-0.076466,0.023950,-0.154509
9819,97704.985390913,-8.616976,-0.279507,0.849522,-0.454707,1.114671,0.088092,-0.075781,0.023672,-0.155652
9820,97704.990304243,-8.614497,-0.284875,0.849987,-0.469133,1.130736,0.099913,-0.075100,0.023395,-0.156788
9821,97704.995248091,-8.611928,-0.290352,0.850514,-0.484989,1.147215,0.113010,-0.074416,0.023117,-0.157930
9822,97705.000191938,-8.609275,-0.295905,0.851105,-0.501773,1.164185,0.127199,-0.073731,0.022838,-0.159073
9823,97705.005135786,-8.606535,-0.301538,0.851766,-0.519047,1.181614,0.142103,-0.073046,0.022560,-0.160216
9824,97705.010079634,-8.603705,-0.307252,0.852501,-0.536285,1.199268,0.156746,-0.072361,0.022281,-0.161358
9825,97705.015023481,-8.600784,-0.313049,0.853308,-0.553097,1.216687,0.170768,-0.071676,0.022003,-0.162501
9826,97705.019967329,-8.597776,-0.318928,0.854183,-0.569955,1.234330,0.184959,-0.070992,0.021725,-0.163644
9827,97705.024850141,-8.594718,-0.324815,0.855117,-0.586794,1.252443,0.201262,-0.070315,0.021450,-0.164772
9828,97705.029793989,-8.591533,-0.330861,0.856144,-0.603506,1.271137,0.220209,-0.069631,0.021171,-0.165915
9829,97705.034768354,-8.588241,-0.337032,0.857270,-0.618577,1.288852,0.239170,-0.068941,0.020891,-0.167064
9830,97705.039712202,-8.584889,-0.343248,0.858483,-0.632084,1.304007,0.255843,-0.068257,0.020613,-0.168207
9831,97705.044656050,-8.581465,-0.349536,0.859779,-0.644161,1.315206,0.270626,-0.067572,0.020335,-0.169350
9832,97705.049599897,-8.577979,-0.355874,0.861148,-0.655002,1.322144,0.284141,-0.066887,0.020056,-0.170492
9833,97705.054543745,-8.574436,-0.362244,0.862583,-0.665676,1.325894,0.296446,-0.066202,0.019778,-0.171635
9834,97705.059487593,-8.570840,-0.368630,0.864078,-0.676820,1.327455,0.307385,-0.065517,0.019500,-0.172778
9835,97705.064431440,-8.567187,-0.375020,0.865626,-0.688145,1.327449,0.317513,-0.064833,0.019221,-0.173920
9836,97705.069344770,-8.563500,-0.381367,0.867214,-0.698641,1.325876,0.326954,-0.064152,0.018945,-0.175056
9837,97705.074288618,-8.559738,-0.387744,0.868858,-0.708682,1.323475,0.336442,-0.063467,0.018666,-0.176199
9838,97705.079232466,-8.555926,-0.394105,0.870547,-0.719634,1.320416,0.347062,-0.062783,0.018388,-0.177341
9839,97705.084176313,-8.552061,-0.400449,0.872288,-0.730934,1.316342,0.358955,-0.062098,0.018109,-0.178484
9840,97705.089089643,-8.548163,-0.406730,0.874076,-0.741092,1.310599,0.372704,-0.061417,0.017833,-0.179620
9841,97705.094002973,-8.544216,-0.412980,0.875930,-0.747370,1.302800,0.387922,-0.060737,0.017556,-0.180755
9842,97705.098946821,-8.540214,-0.419228,0.877870,-0.747914,1.293088,0.404563,-0.060052,0.017278,-0.181898
9843,97705.103890669,-8.536211,-0.425427,0.879891,-0.743575,1.280627,0.422750,-0.059367,0.016999,-0.183040
9844,97705.108834516,-8.532230,-0.431564,0.882002,-0.735534,1.265040,0.442050,-0.058682,0.016721,-0.184183
9845,97705.113778364,-8.528291,-0.437625,0.884208,-0.724622,1.246387,0.461442,-0.057997,0.016443,-0.185326
9846,97705.118691694,-8.524432,-0.443557,0.886496,-0.711840,1.225257,0.479923,-0.057317,0.016166,-0.186461
9847,97705.123666059,-8.520593,-0.449460,0.888903,-0.698079,1.202482,0.496318,-0.056628,0.015886,-0.187611
9848,97705.128609907,-8.516848,-0.455217,0.891376,-0.684390,1.180141,0.510245,-0.055943,0.015608,-0.188754
9849,97705.133553755,-8.513175,-0.460865,0.893918,-0.671401,1.159547,0.522526,-0.055258,0.015329,-0.189896
9850,97705.138497602,-8.509570,-0.466413,0.896521,-0.659690,1.140833,0.534234,-0.054147,0.014775,-0.189275
9851,97705.143441450,-8.506026,-0.471871,0.899180,-0.649421,1.123689,0.546223,-0.053036,0.014221,-0.188653
9852,97705.148385298,-8.502535,-0.477246,0.901899,-0.640025,1.107711,0.557922,-0.051924,0.013667,-0.188032
9853,97705.153298628,-8.499115,-0.482510,0.904659,-0.631393,1.093021,0.568636,-0.050820,0.013116,-0.187414
9854,97705.158242475,-8.495719,-0.487735,0.907488,-0.623697,1.079639,0.577929,-0.049709,0.012562,-0.186793
9855,97705.163186323,-8.492363,-0.492896,0.910363,-0.616821,1.068145,0.585238,-0.048598,0.012008,-0.186171
9856,97705.168130171,-8.489042,-0.498001,0.913274,-0.611477,1.058995,0.590506,-0.047486,0.011453,-0.185550
9857,97705.173074018,-8.485750,-0.503061,0.916210,-0.608361,1.052514,0.593547,-0.046375,0.010899,-0.184928
9858,97705.177987348,-8.482495,-0.508059,0.919144,-0.607412,1.049091,0.593718,-0.045271,0.010348,-0.184310
9859,97705.182900678,-8.479244,-0.513041,0.922078,-0.608367,1.048630,0.591746,-0.044166,0.009798,-0.183693
9860,97705.187844526,-8.475970,-0.518051,0.925020,-0.611359,1.049381,0.589395,-0.043055,0.009244,-0.183071
9861,97705.192788374,-8.472680,-0.523064,0.927951,-0.615606,1.050488,0.585872,-0.041944,0.008689,-0.182450
9862,97705.197732221,-8.469370,-0.528082,0.930864,-0.619913,1.051367,0.581130,-0.040833,0.008135,-0.181828
9863,97705.202645552,-8.466059,-0.533072,0.933736,-0.623464,1.051385,0.575400,-0.039728,0.007584,-0.181211
9864,97705.207589399,-8.462710,-0.538093,0.936596,-0.625699,1.049336,0.568571,-0.038617,0.007030,-0.180589
9865,97705.212533247,-8.459351,-0.543104,0.939423,-0.625684,1.044951,0.561268,-0.037506,0.006476,-0.179968
9866,97705.217477094,-8.455994,-0.548094,0.942213,-0.622889,1.038946,0.553296,-0.036395,0.005922,-0.179346
9867,97705.222390425,-8.452673,-0.553025,0.944947,-0.618098,1.030990,0.544726,-0.035290,0.005371,-0.178728
9868,97705.227334272,-8.449357,-0.557949,0.947655,-0.611165,1.020833,0.535762,-0.034179,0.004817,-0.178107
9869,97705.232278120,-8.446079,-0.562824,0.950319,-0.602319,1.009198,0.526710,-0.034064,0.003777,-0.177219
9870,97705.237221968,-8.442847,-0.567645,0.952938,-0.591612,0.997453,0.516811,-0.033949,0.002738,-0.176330
9871,97705.242165815,-8.439672,-0.572410,0.955509,-0.579099,0.985683,0.506086,-0.033834,0.001699,-0.175442
9872,97705.247109663,-8.436561,-0.577121,0.958026,-0.565681,0.974113,0.494829,-0.033719,0.000659,-0.174554
9873,97705.252053510,-8.433520,-0.581778,0.960488,-0.551841,0.962725,0.482428,-0.033603,-0.000380,-0.173666
9874,97705.256966841,-8.430570,-0.586355,0.962875,-0.537687,0.951880,0.468968,-0.033489,-0.001413,-0.172783
9875,97705.261910688,-8.427674,-0.590910,0.965210,-0.523420,0.941421,0.454234,-0.033374,-0.002453,-0.171895
9876,97705.266854536,-8.424852,-0.595417,0.967472,-0.509375,0.931432,0.437754,-0.033259,-0.003492,-0.171007
9877,97705.271798384,-8.422102,-0.599880,0.969654,-0.496328,0.921999,0.419771,-0.033143,-0.004532,-0.170119
9878,97705.276742231,-8.419421,-0.604299,0.971747,-0.484811,0.912705,0.400423,-0.033028,-0.005571,-0.169230
9879,97705.281655561,-8.416816,-0.608649,0.973733,-0.474666,0.903988,0.379342,-0.032914,-0.006604,-0.168348
9880,97705.286599409,-8.414248,-0.612987,0.975627,-0.465149,0.895840,0.356480,-0.032799,-0.007644,-0.167459
9881,97705.291543257,-8.411730,-0.617289,0.977408,-0.456458,0.888223,0.331914,-0.032684,-0.008683,-0.166571
9882,97705.296487104,-8.409259,-0.621555,0.979068,-0.448568,0.881070,0.306093,-0.032568,-0.009723,-0.165683
9883,97705.301430952,-8.406831,-0.625790,0.980600,-0.441177,0.874464,0.279101,-0.032453,-0.010762,-0.164795
9884,97705.306374800,-8.404442,-0.629996,0.981999,-0.434297,0.868141,0.251199,-0.032338,-0.011802,-0.163907
9885,97705.311288130,-8.402105,-0.634148,0.983253,-0.428048,0.862247,0.223051,-0.032224,-0.012835,-0.163024
9886,97705.321175825,-8.397470,-0.642451,0.985497,-0.416543,0.850916,0.165579,-0.031993,-0.014914,-0.161248
9887,97705.326119673,-8.395216,-0.646553,0.986336,-0.412209,0.846055,0.136387,-0.031878,-0.015953,-0.160359
9888,97705.331063520,-8.392987,-0.650634,0.987030,-0.408403,0.841164,0.107104,-0.031763,-0.016993,-0.159471
9889,97705.335976850,-8.390793,-0.654668,0.987576,-0.405213,0.836086,0.078092,-0.031648,-0.018026,-0.158588
9890,97705.340920698,-8.388605,-0.658704,0.987982,-0.402154,0.830595,0.049269,-0.031533,-0.019065,-0.157700
9891,97705.345864546,-8.386435,-0.662716,0.988245,-0.398980,0.824612,0.020597,-0.031418,-0.020105,-0.156812
9892,97705.350808393,-8.384284,-0.666701,0.988366,-0.396245,0.818132,-0.008192,-0.031303,-0.021144,-0.155924
9893,97705.355752241,-8.382149,-0.670656,0.988345,-0.394098,0.810942,-0.037264,-0.031188,-0.022184,-0.155036
9894,97705.360665571,-8.380043,-0.674554,0.988181,-0.392256,0.803342,-0.066538,-0.031073,-0.023217,-0.154153
9895,97705.370553266,-8.375829,-0.682328,0.987562,-0.388183,0.787210,-0.127138,-0.030843,-0.025296,-0.152377
9896,97705.375497114,-8.373750,-0.686140,0.986951,-0.385196,0.779339,-0.158945,-0.030728,-0.026335,-0.151488
9897,97705.380440962,-8.371689,-0.689915,0.986184,-0.381616,0.771334,-0.189930,-0.030613,-0.027375,-0.150600
9898,97705.385354292,-8.369663,-0.693631,0.985268,-0.377701,0.763083,-0.218282,-0.030498,-0.028408,-0.149718
9899,97705.390298139,-8.367648,-0.697332,0.984207,-0.373117,0.754480,-0.242712,-0.030383,-0.029447,-0.148829
9900,97705.395241987,-8.365659,-0.700992,0.983025,-0.367484,0.746226,-0.261626,-0.033319,-0.031876,-0.146443
9901,97705.400185835,-8.363700,-0.704615,0.981749,-0.361628,0.739121,-0.272882,-0.036254,-0.034305,-0.144056
9902,97705.405129682,-8.361773,-0.708204,0.980417,-0.355852,0.733234,-0.275047,-0.039190,-0.036733,-0.141669
9903,97705.410043012,-8.359888,-0.711743,0.979084,-0.351897,0.727324,-0.267088,-0.042108,-0.039147,-0.139297
9904,97705.414986860,-8.358011,-0.715276,0.977781,-0.353336,0.721830,-0.248584,-0.045043,-0.041576,-0.136910
9905,97705.419930708,-8.356127,-0.718780,0.976569,-0.363932,0.718584,-0.221762,-0.047979,-0.044004,-0.134523
9906,97705.424874555,-8.354190,-0.722264,0.975489,-0.384541,0.717669,-0.189218,-0.050915,-0.046433,-0.132136
9907,97705.429818403,-8.352148,-0.725737,0.974568,-0.413169,0.719214,-0.153819,-0.053850,-0.048862,-0.129750
9908,97705.434731733,-8.349976,-0.729188,0.973824,-0.447804,0.723354,-0.119346,-0.056768,-0.051276,-0.127378
9909,97705.439675581,-8.347616,-0.732671,0.973244,-0.488019,0.729365,-0.087140,-0.059703,-0.053704,-0.124991
9910,97705.444619428,-8.345053,-0.736173,0.972821,-0.532028,0.736663,-0.057369,-0.062639,-0.056133,-0.122604
9911,97705.449563276,-8.342270,-0.739700,0.972542,-0.577703,0.745746,-0.029331,-0.065575,-0.058562,-0.120217
9912,97705.454507124,-8.339257,-0.743260,0.972399,-0.623914,0.758970,-0.001987,-0.068510,-0.060990,-0.117830
9913,97705.459450971,-8.336011,-0.746873,0.972388,-0.669594,0.777323,0.025465,-0.071446,-0.063419,-0.115444
9914,97705.464364302,-8.332555,-0.750543,0.972510,-0.714801,0.799889,0.052602,-0.074364,-0.065833,-0.113071
9915,97705.469308149,-8.328847,-0.754335,0.972765,-0.760810,0.826275,0.078815,-0.077299,-0.068261,-0.110685
9916,97705.474251997,-8.324905,-0.758246,0.973147,-0.807705,0.855514,0.103701,-0.080235,-0.070690,-0.108298
9917,97705.479195844,-8.320722,-0.762290,0.973651,-0.855118,0.885344,0.125703,-0.083171,-0.073119,-0.105911
9918,97705.484139692,-8.316298,-0.766470,0.974262,-0.902273,0.913350,0.143081,-0.086106,-0.075547,-0.103524
9919,97705.489083540,-8.311633,-0.770776,0.974956,-0.948110,0.937941,0.155575,-0.089042,-0.077976,-0.101137
9920,97705.493996870,-8.306766,-0.775166,0.975706,-0.990726,0.958041,0.162974,-0.091959,-0.080390,-0.098765
9921,97705.498940718,-8.301653,-0.779673,0.976496,-1.028648,0.973156,0.165056,-0.094895,-0.082819,-0.096379
9922,97705.503884565,-8.296350,-0.784246,0.977293,-1.059327,0.982472,0.161698,-0.097831,-0.085247,-0.093992
9923,97705.508828413,-8.290893,-0.788859,0.978073,-1.081229,0.986518,0.152905,-0.100766,-0.087676,-0.091605
9924,97705.513772260,-8.285328,-0.793487,0.978807,-1.093123,0.985801,0.139140,-0.103702,-0.090105,-0.089218
9925,97705.518716108,-8.279706,-0.798110,0.979472,-1.094650,0.980345,0.121894,-0.106638,-0.092533,-0.086831
9926,97705.523629438,-8.274113,-0.802679,0.980049,-1.086032,0.969513,0.103281,-0.109555,-0.094947,-0.084459
9927,97705.528573286,-8.268531,-0.807226,0.980536,-1.068012,0.953624,0.085102,-0.112491,-0.097376,-0.082072
9928,97705.533517134,-8.263043,-0.811699,0.980935,-1.043084,0.933913,0.070653,-0.115426,-0.099804,-0.079686
9929,97705.538460981,-8.257684,-0.816081,0.981262,-1.012575,0.912238,0.064264,-0.118362,-0.102233,-0.077299
9930,97705.543374311,-8.252513,-0.820337,0.981558,-0.978079,0.891154,0.071152,-0.121280,-0.104647,-0.074927
9931,97705.548318159,-8.247484,-0.824522,0.981890,-0.941132,0.872048,0.095760,-0.124215,-0.107075,-0.072540
9932,97705.553262007,-8.242639,-0.828619,0.982345,-0.903663,0.855708,0.139429,-0.127151,-0.109504,-0.070153
9933,97705.558205854,-8.237981,-0.832640,0.983019,-0.867639,0.843534,0.188132,-0.130087,-0.111933,-0.067766
9934,97705.563149702,-8.233499,-0.836607,0.983934,-0.833228,0.831883,0.236905,-0.133022,-0.114362,-0.065380
9935,97705.568063032,-8.229213,-0.840496,0.985086,-0.801296,0.815677,0.284668,-0.135940,-0.116775,-0.063007
9936,97705.573006880,-8.225058,-0.844333,0.986483,-0.773785,0.792206,0.331866,-0.138875,-0.119204,-0.060621
9937,97705.577950727,-8.221041,-0.848057,0.988113,-0.752400,0.761981,0.375456,-0.141811,-0.121633,-0.058234
9938,97705.582894575,-8.217132,-0.851633,0.989958,-0.740222,0.731411,0.398804,-0.144747,-0.124061,-0.055847
9939,97705.587838423,-8.213289,-0.855060,0.991918,-0.738957,0.704538,0.398500,-0.147682,-0.126490,-0.053460
9940,97705.592751753,-8.209482,-0.858334,0.993863,-0.748869,0.679663,0.379609,-0.150600,-0.128904,-0.051088
9941,97705.597726118,-8.205585,-0.861525,0.995736,-0.767448,0.654488,0.344743,-0.153554,-0.131347,-0.048687
9942,97705.602639448,-8.201652,-0.864550,0.997412,-0.789012,0.628764,0.297138,-0.156471,-0.133761,-0.046315
9943,97705.607583296,-8.197598,-0.867466,0.998860,-0.809351,0.602152,0.239456,-0.159407,-0.136190,-0.043928
9944,97705.612527143,-8.193453,-0.870250,1.000019,-0.824874,0.575127,0.179437,-0.162343,-0.138618,-0.041541
9945,97705.617440473,-8.189267,-0.872884,1.000874,-0.832780,0.547964,0.124603,-0.165260,-0.141032,-0.039169
9946,97705.622414839,-8.185000,-0.875418,1.001464,-0.832148,0.519774,0.080195,-0.168214,-0.143476,-0.036767
9947,97705.627358686,-8.180772,-0.877799,1.001830,-0.822274,0.492073,0.049689,-0.171149,-0.145905,-0.034381
9948,97705.632302534,-8.176600,-0.880049,1.002044,-0.801632,0.466276,0.031161,-0.174085,-0.148333,-0.031994
9949,97705.637246382,-8.172538,-0.882176,1.002166,-0.769172,0.443777,0.022618,-0.177021,-0.150762,-0.029607
9950,97705.642190229,-8.168641,-0.884200,1.002247,-0.725680,0.425950,0.021798,-0.180650,-0.152598,-0.028430
9951,97705.647134077,-8.164963,-0.886145,1.002326,-0.672710,0.414617,0.027664,-0.184280,-0.154435,-0.027253
9952,97705.652047407,-8.161570,-0.888034,1.002437,-0.613822,0.411496,0.039508,-0.187887,-0.156260,-0.026083
9953,97705.656991255,-8.158447,-0.889930,1.002612,-0.552875,0.416907,0.055775,-0.191516,-0.158096,-0.024906
9954,97705.661935102,-8.155622,-0.891866,1.002871,-0.495126,0.431453,0.073668,-0.195145,-0.159932,-0.023729
9955,97705.666878950,-8.153077,-0.893885,1.003224,-0.445430,0.454268,0.089543,-0.198775,-0.161769,-0.022552
9956,97705.671792280,-8.150787,-0.896014,1.003658,-0.407446,0.482745,0.100817,-0.202382,-0.163594,-0.021383
9957,97705.676736128,-8.148662,-0.898303,1.004155,-0.382095,0.514177,0.106709,-0.206011,-0.165430,-0.020206
9958,97705.681679975,-8.146656,-0.900753,1.004685,-0.368442,0.544147,0.107582,-0.209641,-0.167266,-0.019029
9959,97705.686623823,-8.144710,-0.903354,1.005222,-0.364549,0.569273,0.105009,-0.213270,-0.169103,-0.017852
9960,97705.691567671,-8.142779,-0.906080,1.005748,-0.366968,0.587362,0.099746,-0.216900,-0.170939,-0.016675
9961,97705.696481001,-8.140844,-0.908878,1.006246,-0.373198,0.596417,0.093651,-0.220507,-0.172764,-0.015505
9962,97705.701424848,-8.138864,-0.911736,1.006717,-0.381171,0.595618,0.087923,-0.224136,-0.174600,-0.014328
9963,97705.706368696,-8.136846,-0.914590,1.007159,-0.388673,0.585796,0.083524,-0.227765,-0.176437,-0.013151
9964,97705.711312544,-8.134793,-0.917394,1.007578,-0.394889,0.569243,0.080395,-0.231395,-0.178273,-0.011974
9965,97705.716225874,-8.132727,-0.920098,1.007977,-0.399697,0.548644,0.078519,-0.235002,-0.180098,-0.010805
9966,97705.721169721,-8.130628,-0.922716,1.008368,-0.403493,0.526471,0.077132,-0.238631,-0.181934,-0.009628
9967,97705.726144087,-8.128502,-0.925239,1.008754,-0.406293,0.505551,0.075338,-0.242283,-0.183782,-0.008444
9968,97705.731087934,-8.126380,-0.927643,1.009126,-0.408331,0.487904,0.072575,-0.245913,-0.185618,-0.007267
9969,97705.740914594,-8.122151,-0.932248,1.009837,-0.410977,0.460983,0.065672,-0.253127,-0.189268,-0.004927
9970,97705.745858442,-8.120016,-0.934432,1.010158,-0.410297,0.454133,0.062491,-0.256756,-0.191105,-0.003750
9971,97705.750802290,-8.117887,-0.936582,1.010464,-0.408689,0.449248,0.059983,-0.260385,-0.192941,-0.002573
9972,97705.755715620,-8.115780,-0.938695,1.010755,-0.406481,0.445399,0.058318,-0.263992,-0.194766,-0.001404
9973,97705.760659468,-8.113671,-0.940803,1.011040,-0.404053,0.441996,0.056931,-0.267622,-0.196602,-0.000227
9974,97705.765603315,-8.111576,-0.942895,1.011318,-0.401425,0.438847,0.055735,-0.271251,-0.198439,0.000950
9975,97705.770547163,-8.109494,-0.944972,1.011590,-0.399194,0.436154,0.054531,-0.274881,-0.200275,0.002127
9976,97705.775460493,-8.107437,-0.947023,1.011854,-0.397883,0.433891,0.052997,-0.278488,-0.202100,0.003297
9977,97705.780404341,-8.105374,-0.949077,1.012112,-0.398086,0.431294,0.050924,-0.282117,-0.203936,0.004474
9978,97705.785348188,-8.103310,-0.951117,1.012360,-0.399954,0.428239,0.048172,-0.285747,-0.205773,0.005651
9979,97705.790292036,-8.101239,-0.953143,1.012594,-0.403652,0.424302,0.044902,-0.289376,-0.207609,0.006828
9980,97705.795235884,-8.099150,-0.955148,1.012811,-0.408623,0.419299,0.041008,-0.293005,-0.209445,0.008005
9981,97705.800179731,-8.097038,-0.957128,1.013009,-0.414618,0.413154,0.036288,-0.296635,-0.211282,0.009182
9982,97705.805093061,-8.094911,-0.959064,1.013181,-0.420816,0.406123,0.031167,-0.300242,-0.213107,0.010351
9983,97705.810036909,-8.092742,-0.960977,1.013328,-0.426626,0.398852,0.026373,-0.303871,-0.214943,0.011528
9984,97705.814980757,-8.090547,-0.962853,1.013451,-0.431185,0.392289,0.022104,-0.307501,-0.216779,0.012705
9985,97705.819894087,-8.088344,-0.964684,1.013551,-0.434094,0.386843,0.018490,-0.311108,-0.218604,0.013875
9986,97705.824868452,-8.086101,-0.966511,1.013634,-0.435494,0.382483,0.015196,-0.314759,-0.220452,0.015059
9987,97705.829812300,-8.083866,-0.968304,1.013699,-0.435971,0.378507,0.011906,-0.318389,-0.222288,0.016236
9988,97705.834756147,-8.081630,-0.970079,1.013748,-0.435871,0.375053,0.007536,-0.322018,-0.224125,0.017413
9989,97705.839699995,-8.079395,-0.971836,1.013776,-0.435884,0.372524,0.002395,-0.325648,-0.225961,0.018590
9990,97705.844643843,-8.077162,-0.973581,1.013777,-0.436098,0.371428,-0.002638,-0.329277,-0.227797,0.019767
9991,97705.849587690,-8.074927,-0.975322,1.013754,-0.436433,0.372534,-0.007530,-0.332907,-0.229634,0.020944
9992,97705.854531538,-8.072692,-0.977067,1.013707,-0.436708,0.375686,-0.012330,-0.336536,-0.231470,0.022121
9993,97705.859444868,-8.070468,-0.978818,1.013636,-0.436890,0.380196,-0.017171,-0.340143,-0.233295,0.023290
9994,97705.864388716,-8.068229,-0.980602,1.013542,-0.436987,0.385882,-0.021968,-0.343772,-0.235131,0.024467
9995,97705.869332563,-8.065989,-0.982415,1.013424,-0.437069,0.392622,-0.026180,-0.347402,-0.236968,0.025644
9996,97705.874276411,-8.063747,-0.984261,1.013285,-0.437570,0.400245,-0.029219,-0.351031,-0.238804,0.026821
9997,97705.879220259,-8.061501,-0.986145,1.013132,-0.438458,0.408553,-0.031104,-0.354661,-0.240640,0.027998
9998,97705.884133589,-8.059263,-0.988058,1.012971,-0.439879,0.417582,-0.032283,-0.358268,-0.242465,0.029168
9999,97705.889077436,-8.057002,-0.990027,1.012804,-0.442022,0.427345,-0.033029,-0.361897,-0.244302,0.030345
10000,97705.894021284,-8.054728,-0.992044,1.012633,-0.444586,0.437318,-0.032984,-0.362632,-0.244852,0.030948
10001,97705.898965132,-8.052440,-0.994110,1.012464,-0.447365,0.447224,-0.032555,-0.363367,-0.245402,0.031552
10002,97705.903908979,-8.050136,-0.996224,1.012296,-0.450518,0.456922,-0.032307,-0.364102,-0.245952,0.032156
10003,97705.908822309,-8.047828,-0.998371,1.012131,-0.454109,0.466221,-0.032859,-0.364832,-0.246499,0.032756
10004,97705.913766157,-8.045487,-1.000578,1.011963,-0.458234,0.474697,-0.034681,-0.365567,-0.247049,0.033359
10005,97705.918710005,-8.043123,-1.002825,1.011786,-0.463357,0.482245,-0.037964,-0.366302,-0.247599,0.033963
10006,97705.923653852,-8.040733,-1.005109,1.011593,-0.469596,0.488872,-0.042609,-0.367037,-0.248149,0.034566
10007,97705.928597700,-8.038310,-1.007424,1.011376,-0.476918,0.494747,-0.048191,-0.367772,-0.248699,0.035170
10008,97705.933511030,-8.035866,-1.009753,1.011134,-0.485012,0.499992,-0.053910,-0.367440,-0.248060,0.035313
10009,97705.938454878,-8.033366,-1.012121,1.010861,-0.493710,0.505216,-0.058319,-0.367107,-0.247416,0.035457
10010,97705.943368208,-8.030838,-1.014498,1.010568,-0.502665,0.510459,-0.060495,-0.366776,-0.246777,0.035600
10011,97705.948312055,-8.028249,-1.016914,1.010262,-0.512131,0.516070,-0.060342,-0.366443,-0.246133,0.035743
10012,97705.953255903,-8.025612,-1.019356,1.009957,-0.521992,0.521952,-0.058209,-0.366109,-0.245490,0.035887
10013,97705.958199751,-8.022925,-1.021824,1.009662,-0.532365,0.528560,-0.055202,-0.365776,-0.244846,0.036031
10014,97705.968056928,-8.017462,-1.026806,1.009102,-0.554430,0.543364,-0.049544,-0.365112,-0.243563,0.036318
10015,97705.973000776,-8.014609,-1.029373,1.008848,-0.566654,0.553806,-0.047532,-0.364778,-0.242920,0.036462
10016,97705.977944624,-8.011694,-1.031988,1.008604,-0.578767,0.565326,-0.045339,-0.364445,-0.242276,0.036605
10017,97705.982888471,-8.008716,-1.034658,1.008371,-0.589883,0.577919,-0.042641,-0.364112,-0.241633,0.036749
10018,97705.987832319,-8.005680,-1.037387,1.008151,-0.599344,0.591913,-0.038728,-0.363778,-0.240989,0.036893
10019,97705.992745649,-8.002613,-1.040166,1.007952,-0.607083,0.607149,-0.033695,-0.363447,-0.240350,0.037036
10020,97705.997689497,-7.999486,-1.043035,1.007776,-0.613813,0.623746,-0.027520,-0.363114,-0.239706,0.037180
10021,97706.002633344,-7.996321,-1.045984,1.007632,-0.620192,0.641167,-0.020451,-0.362781,-0.239063,0.037324
10022,97706.007577192,-7.993120,-1.049018,1.007523,-0.626741,0.658503,-0.013057,-0.362447,-0.238419,0.037467
10023,97706.012521040,-7.989883,-1.052135,1.007451,-0.633461,0.675417,-0.005552,-0.362114,-0.237776,0.037611
10024,97706.017434370,-7.986628,-1.055315,1.007418,-0.640088,0.691701,0.002260,-0.361783,-0.237136,0.037754
10025,97706.022378218,-7.983317,-1.058592,1.007423,-0.646763,0.707299,0.010742,-0.361450,-0.236493,0.037898
10026,97706.027322065,-7.979968,-1.061944,1.007470,-0.653435,0.722006,0.019899,-0.361116,-0.235849,0.038042
10027,97706.032265913,-7.976583,-1.065368,1.007563,-0.660333,0.735554,0.030467,-0.360783,-0.235206,0.038186
10028,97706.037179243,-7.973181,-1.068834,1.007707,-0.667894,0.747288,0.043008,-0.360452,-0.234566,0.038329
10029,97706.042123091,-7.969717,-1.072377,1.007915,-0.675840,0.757216,0.057271,-0.360119,-0.233923,0.038472
10030,97706.047066938,-7.966210,-1.075967,1.008193,-0.684173,0.765785,0.073024,-0.359785,-0.233279,0.038616
10031,97706.052010786,-7.962660,-1.079596,1.008549,-0.693062,0.773813,0.089984,-0.359452,-0.232636,0.038760
10032,97706.056954634,-7.959063,-1.083262,1.008989,-0.702823,0.781667,0.107603,-0.359119,-0.231993,0.038904
10033,97706.061898481,-7.955414,-1.086964,1.009515,-0.713413,0.789584,0.125699,-0.358785,-0.231349,0.039048
10034,97706.066811811,-7.951733,-1.090678,1.010127,-0.724900,0.797207,0.143764,-0.358454,-0.230709,0.039191
10035,97706.071755659,-7.947970,-1.094449,1.010831,-0.737235,0.804860,0.161474,-0.358121,-0.230066,0.039334
10036,97706.076699507,-7.944142,-1.098254,1.011623,-0.750629,0.812315,0.179514,-0.357788,-0.229423,0.039478
10037,97706.081643354,-7.940246,-1.102092,1.012503,-0.764956,0.819967,0.198587,-0.357454,-0.228779,0.039622
10038,97706.086587202,-7.936276,-1.105964,1.013477,-0.779847,0.827837,0.219359,-0.357121,-0.228136,0.039766
10039,97706.091531050,-7.932229,-1.109870,1.014553,-0.794277,0.835501,0.241306,-0.356788,-0.227492,0.039910
10040,97706.096444380,-7.928133,-1.113785,1.015729,-0.807863,0.842349,0.262377,-0.356457,-0.226853,0.040053
10041,97706.101388227,-7.923941,-1.117753,1.017016,-0.820743,0.848497,0.281576,-0.356123,-0.226209,0.040196
10042,97706.106332075,-7.919683,-1.121748,1.018398,-0.833191,0.853653,0.299104,-0.355790,-0.225566,0.040340
10043,97706.111275923,-7.915362,-1.125765,1.019865,-0.846088,0.857963,0.314844,-0.355457,-0.224922,0.040484
10044,97706.116219770,-7.910974,-1.129799,1.021410,-0.859568,0.861325,0.327755,-0.355123,-0.224279,0.040628
10045,97706.121133100,-7.906546,-1.133822,1.023008,-0.872795,0.862753,0.337427,-0.354792,-0.223639,0.040771
10046,97706.126076948,-7.902024,-1.137872,1.024663,-0.884865,0.861401,0.344358,-0.354459,-0.222996,0.040915
10047,97706.130990278,-7.897470,-1.141888,1.026340,-0.895744,0.857507,0.349245,-0.354128,-0.222356,0.041057
10048,97706.135934126,-7.892835,-1.145907,1.028051,-0.905948,0.852044,0.352359,-0.353794,-0.221713,0.041201
10049,97706.140877973,-7.888151,-1.149897,1.029776,-0.914969,0.845435,0.354411,-0.353461,-0.221069,0.041345
10050,97706.145821821,-7.883423,-1.153852,1.031511,-0.922462,0.837871,0.356120,-0.351812,-0.218645,0.042252
10051,97706.150765669,-7.878660,-1.157768,1.033253,-0.928976,0.829088,0.358187,-0.350163,-0.216222,0.043159
10052,97706.155709516,-7.873866,-1.161639,1.035004,-0.935272,0.818819,0.361414,-0.348514,-0.213798,0.044067
10053,97706.160653364,-7.869043,-1.165458,1.036770,-0.940844,0.807765,0.365663,-0.346865,-0.211375,0.044974
10054,97706.165597212,-7.864195,-1.169220,1.038555,-0.943661,0.796473,0.371070,-0.345216,-0.208951,0.045881
10055,97706.170510542,-7.859365,-1.172903,1.040356,-0.942502,0.785526,0.377500,-0.343577,-0.206543,0.046782
10056,97706.175454389,-7.854513,-1.176555,1.042199,-0.937053,0.774844,0.385465,-0.341929,-0.204119,0.047689
10057,97706.180398237,-7.849689,-1.180155,1.044081,-0.927595,0.763776,0.394973,-0.340280,-0.201696,0.048597
10058,97706.185342085,-7.844914,-1.183701,1.046010,-0.914819,0.751925,0.405597,-0.338631,-0.199272,0.049504
10059,97706.190285932,-7.840204,-1.187191,1.047992,-0.899750,0.739481,0.416388,-0.336982,-0.196849,0.050411
10060,97706.195229780,-7.835570,-1.190622,1.050027,-0.883091,0.726814,0.426633,-0.335333,-0.194425,0.051318
10061,97706.200143110,-7.831048,-1.193973,1.052101,-0.866011,0.714288,0.435419,-0.333694,-0.192017,0.052220
10062,97706.205086958,-7.826585,-1.197286,1.054232,-0.849554,0.702162,0.442940,-0.332045,-0.189593,0.053127
10063,97706.210030805,-7.822205,-1.200542,1.056400,-0.834215,0.691111,0.449888,-0.330396,-0.187169,0.054034
10064,97706.214974653,-7.817903,-1.203746,1.058603,-0.819874,0.681222,0.456593,-0.328747,-0.184746,0.054941
10065,97706.219918501,-7.813673,-1.206904,1.060840,-0.806252,0.672293,0.463018,-0.327098,-0.182322,0.055848
10066,97706.224862348,-7.809512,-1.210021,1.063109,-0.793298,0.664281,0.468912,-0.325449,-0.179899,0.056755
10067,97706.229806196,-7.805416,-1.213100,1.065407,-0.781087,0.657119,0.474147,-0.323800,-0.177475,0.057662
10068,97706.234719526,-7.801407,-1.216128,1.067718,-0.769435,0.650796,0.478795,-0.322161,-0.175067,0.058564
10069,97706.239693891,-7.797407,-1.219164,1.070081,-0.758720,0.645949,0.482452,-0.320502,-0.172628,0.059477
10070,97706.244637739,-7.793485,-1.222159,1.072448,-0.749860,0.643048,0.484567,-0.318853,-0.170205,0.060384
10071,97706.249581587,-7.789607,-1.225142,1.074826,-0.743350,0.642221,0.485295,-0.317204,-0.167781,0.061291
10072,97706.254494917,-7.785785,-1.228104,1.077193,-0.739108,0.642785,0.485330,-0.315565,-0.165373,0.062193
10073,97706.259438764,-7.781961,-1.231088,1.079575,-0.735802,0.643985,0.484271,-0.313916,-0.162949,0.063100
10074,97706.264382612,-7.778152,-1.234079,1.081953,-0.732783,0.645303,0.481199,-0.312267,-0.160526,0.064007
10075,97706.269326460,-7.774359,-1.237077,1.084316,-0.729832,0.646275,0.476021,-0.310618,-0.158102,0.064914
10076,97706.274270307,-7.770580,-1.240081,1.086653,-0.726828,0.646694,0.469202,-0.308969,-0.155679,0.065821
10077,97706.279183637,-7.766839,-1.243069,1.088943,-0.723421,0.646319,0.461450,-0.307331,-0.153270,0.066723
10078,97706.284127485,-7.763093,-1.246075,1.091208,-0.719516,0.644889,0.452758,-0.305682,-0.150846,0.067630
10079,97706.289071333,-7.759367,-1.249076,1.093431,-0.714967,0.642335,0.443475,-0.304033,-0.148423,0.068537
10080,97706.294015180,-7.755665,-1.252066,1.095609,-0.710011,0.639725,0.434031,-0.302384,-0.145999,0.069444
10081,97706.298959028,-7.751988,-1.255044,1.097740,-0.704656,0.637674,0.424050,-0.300735,-0.143576,0.070351
10082,97706.303902876,-7.748339,-1.258014,1.099822,-0.698858,0.635472,0.413782,-0.299086,-0.141152,0.071258
10083,97706.308816206,-7.744743,-1.260957,1.101840,-0.692716,0.632813,0.403516,-0.297447,-0.138744,0.072160
10084,97706.313760053,-7.741155,-1.263907,1.103821,-0.685971,0.629629,0.392447,-0.295798,-0.136320,0.073067
10085,97706.318703901,-7.737603,-1.266843,1.105748,-0.678626,0.626224,0.380803,-0.294149,-0.133897,0.073974
10086,97706.323678266,-7.734066,-1.269783,1.107629,-0.670543,0.622790,0.368323,-0.292490,-0.131458,0.074887
10087,97706.328622114,-7.730593,-1.272690,1.109437,-0.662205,0.619250,0.355081,-0.290841,-0.129035,0.075794
10088,97706.333535444,-7.727184,-1.275565,1.111169,-0.653906,0.615815,0.341207,-0.289202,-0.126626,0.076696
10089,97706.338448774,-7.723817,-1.278426,1.112833,-0.645703,0.612187,0.326426,-0.287563,-0.124218,0.077597
10090,97706.343362104,-7.720492,-1.281271,1.114426,-0.637876,0.608565,0.310872,-0.285925,-0.121809,0.078499
10091,97706.348305952,-7.717188,-1.284119,1.115951,-0.630083,0.604783,0.294225,-0.284276,-0.119385,0.079406
10092,97706.353249800,-7.713923,-1.286951,1.117395,-0.622870,0.600953,0.276519,-0.282627,-0.116962,0.080313
10093,97706.358163130,-7.710717,-1.289749,1.118743,-0.616175,0.597209,0.258013,-0.280988,-0.114553,0.081215
10094,97706.363106977,-7.707525,-1.292549,1.120008,-0.609954,0.593384,0.238716,-0.279339,-0.112130,0.082122
10095,97706.368050825,-7.704367,-1.295332,1.121178,-0.604381,0.589276,0.218601,-0.277690,-0.109706,0.083029
10096,97706.372994673,-7.701239,-1.298098,1.122249,-0.599222,0.584802,0.198016,-0.276041,-0.107283,0.083936
10097,97706.377938520,-7.698138,-1.300844,1.123218,-0.594545,0.579981,0.177057,-0.274392,-0.104859,0.084843
10098,97706.382882368,-7.695063,-1.303569,1.124084,-0.590579,0.574779,0.155832,-0.272743,-0.102436,0.085750
10099,97706.387795698,-7.692029,-1.306253,1.124840,-0.587095,0.569324,0.134558,-0.271104,-0.100027,0.086652
10100,97706.392739546,-7.688997,-1.308929,1.125496,-0.584165,0.563543,0.112815,-0.270899,-0.099953,0.085928
10101,97706.397713911,-7.685962,-1.311595,1.126047,-0.581179,0.557111,0.091041,-0.270693,-0.099879,0.085199
10102,97706.402657759,-7.682965,-1.314215,1.126487,-0.578229,0.549519,0.069584,-0.270488,-0.099805,0.084474
10103,97706.407601606,-7.679985,-1.316799,1.126821,-0.575351,0.540733,0.048091,-0.270283,-0.099731,0.083750
10104,97706.412545454,-7.677022,-1.319342,1.127048,-0.572682,0.531119,0.026316,-0.270078,-0.099657,0.083026
10105,97706.417489302,-7.674077,-1.321840,1.127168,-0.569921,0.520765,0.004234,-0.269873,-0.099583,0.082301
10106,97706.422433149,-7.671149,-1.324288,1.127177,-0.567070,0.509492,-0.017948,-0.269668,-0.099509,0.081577
10107,97706.427376997,-7.668239,-1.326683,1.127077,-0.564560,0.497390,-0.040016,-0.269463,-0.099435,0.080853
10108,97706.432320844,-7.665345,-1.329020,1.126867,-0.562661,0.484640,-0.062077,-0.269258,-0.099361,0.080128
10109,97706.437264692,-7.662466,-1.331295,1.126547,-0.561823,0.471461,-0.084181,-0.269053,-0.099287,0.079404
10110,97706.442178022,-7.659612,-1.333494,1.126120,-0.561783,0.458091,-0.106334,-0.268849,-0.099213,0.078684
10111,97706.447121870,-7.656746,-1.335641,1.125580,-0.562682,0.444720,-0.128535,-0.268644,-0.099139,0.077960
10112,97706.452065718,-7.653880,-1.337724,1.124930,-0.564575,0.431937,-0.150371,-0.268439,-0.099065,0.077235
10113,97706.457009565,-7.651009,-1.339744,1.124170,-0.567466,0.420216,-0.171775,-0.268234,-0.098991,0.076511
10114,97706.461953413,-7.648127,-1.341708,1.123304,-0.570772,0.410183,-0.192323,-0.268029,-0.098917,0.075787
10115,97706.466897260,-7.645233,-1.343622,1.122336,-0.574325,0.402252,-0.211163,-0.267824,-0.098843,0.075062
10116,97706.471810591,-7.642342,-1.345486,1.121280,-0.578066,0.396621,-0.228061,-0.267621,-0.098770,0.074343
10117,97706.476754438,-7.639418,-1.347334,1.120133,-0.581928,0.392986,-0.242851,-0.267416,-0.098696,0.073618
10118,97706.481698286,-7.636476,-1.349164,1.118913,-0.586338,0.390858,-0.254919,-0.267211,-0.098622,0.072894
10119,97706.486642134,-7.633513,-1.350984,1.117633,-0.592250,0.389820,-0.263969,-0.267006,-0.098548,0.072170
10120,97706.491585981,-7.630523,-1.352798,1.116307,-0.599928,0.389155,-0.269279,-0.266801,-0.098474,0.071445
10121,97706.496499311,-7.627513,-1.354595,1.114963,-0.609960,0.388203,-0.270702,-0.266597,-0.098400,0.070725
10122,97706.501443159,-7.624436,-1.356398,1.113603,-0.622786,0.387266,-0.268906,-0.266392,-0.098326,0.070001
10123,97706.506356489,-7.621315,-1.358181,1.112259,-0.638240,0.386279,-0.264901,-0.266188,-0.098253,0.069281
10124,97706.511300337,-7.618098,-1.359968,1.110926,-0.655808,0.384357,-0.259415,-0.265983,-0.098179,0.068557
10125,97706.516244184,-7.614794,-1.361740,1.109618,-0.675467,0.381166,-0.252900,-0.265778,-0.098105,0.067832
10126,97706.521188032,-7.611394,-1.363493,1.108340,-0.697503,0.376295,-0.245939,-0.265573,-0.098031,0.067108
10127,97706.526131880,-7.607885,-1.365216,1.107095,-0.721562,0.370078,-0.239020,-0.265368,-0.097957,0.066384
10128,97706.531075727,-7.604258,-1.366902,1.105882,-0.747393,0.363356,-0.232181,-0.265163,-0.097883,0.065659
10129,97706.536019575,-7.600505,-1.368550,1.104701,-0.774290,0.357185,-0.224658,-0.264958,-0.097809,0.064935
10130,97706.540963423,-7.596619,-1.370160,1.103554,-0.801816,0.352869,-0.215421,-0.264753,-0.097735,0.064211
10131,97706.545907270,-7.592598,-1.371743,1.102451,-0.829602,0.351415,-0.203817,-0.264548,-0.097661,0.063486
10132,97706.550820600,-7.588465,-1.373302,1.101409,-0.857847,0.353119,-0.188817,-0.264345,-0.097587,0.062767
10133,97706.555764448,-7.584165,-1.374872,1.100433,-0.887438,0.357999,-0.169681,-0.264140,-0.097513,0.062042
10134,97706.560708296,-7.579717,-1.376459,1.099550,-0.919107,0.365851,-0.146014,-0.263935,-0.097439,0.061318
10135,97706.565652143,-7.575109,-1.378076,1.098782,-0.952786,0.376142,-0.118165,-0.263730,-0.097365,0.060594
10136,97706.570595991,-7.570330,-1.379735,1.098149,-0.987850,0.387979,-0.087980,-0.263525,-0.097291,0.059869
10137,97706.575509321,-7.565404,-1.381432,1.097667,-1.022927,0.399730,-0.058369,-0.263321,-0.097218,0.059149
10138,97706.580453169,-7.560270,-1.383189,1.097327,-1.057854,0.409659,-0.031380,-0.263116,-0.097144,0.058425
10139,97706.585397016,-7.554959,-1.384985,1.097117,-1.091549,0.416589,-0.008558,-0.262911,-0.097070,0.057701
10140,97706.590340864,-7.549478,-1.386807,1.097019,-1.122796,0.419987,0.009201,-0.262706,-0.096996,0.056976
10141,97706.595284712,-7.543841,-1.388637,1.097006,-1.149500,0.419419,0.021026,-0.262501,-0.096922,0.056252
10142,97706.600198042,-7.538108,-1.390447,1.097049,-1.170835,0.415289,0.026016,-0.262297,-0.096848,0.055532
10143,97706.605111372,-7.532269,-1.392232,1.097115,-1.186248,0.408354,0.024052,-0.262094,-0.096775,0.054812
10144,97706.610024702,-7.526357,-1.393980,1.097170,-1.195705,0.399430,0.015470,-0.261890,-0.096701,0.054092
10145,97706.614968550,-7.520364,-1.395693,1.097182,-1.198803,0.388952,0.000514,-0.261685,-0.096627,0.053368
10146,97706.619912397,-7.514359,-1.397354,1.097118,-1.194712,0.377602,-0.019135,-0.261480,-0.096553,0.052644
10147,97706.624856245,-7.508379,-1.398962,1.096957,-1.184157,0.365988,-0.040842,-0.260213,-0.096673,0.050954
10148,97706.629800093,-7.502454,-1.400516,1.096689,-1.169179,0.355051,-0.061417,-0.258947,-0.096793,0.049263
10149,97706.634743940,-7.496607,-1.402020,1.096320,-1.150872,0.346164,-0.076918,-0.257681,-0.096913,0.047573
10150,97706.639657270,-7.490889,-1.403476,1.095878,-1.129935,0.340632,-0.083377,-0.257221,-0.097745,0.045602
10151,97706.644601118,-7.485241,-1.404919,1.095402,-1.106501,0.337660,-0.077251,-0.256759,-0.098582,0.043618
10152,97706.649514448,-7.479743,-1.406343,1.094961,-1.080989,0.335144,-0.055929,-0.256299,-0.099414,0.041646
10153,97706.654458296,-7.474336,-1.407768,1.094624,-1.053750,0.331013,-0.017955,-0.255837,-0.100251,0.039662
10154,97706.659402143,-7.469061,-1.409176,1.094477,-1.025594,0.323711,0.029618,-0.255375,-0.101088,0.037679
10155,97706.664345991,-7.463923,-1.410551,1.094566,-0.996463,0.310512,0.076665,-0.254912,-0.101926,0.035695
10156,97706.669259321,-7.458960,-1.411856,1.094888,-0.966208,0.288758,0.122514,-0.254453,-0.102758,0.033723
10157,97706.674203169,-7.454117,-1.413065,1.095439,-0.936059,0.258197,0.168337,-0.253991,-0.103595,0.031739
10158,97706.679147016,-7.449426,-1.414127,1.096217,-0.909464,0.222184,0.209486,-0.253528,-0.104432,0.029756
10159,97706.684090864,-7.444871,-1.415014,1.097198,-0.890855,0.183734,0.231304,-0.253066,-0.105269,0.027772
10160,97706.689034712,-7.440415,-1.415714,1.098286,-0.880035,0.145583,0.233012,-0.252604,-0.106106,0.025788
10161,97706.693978559,-7.436021,-1.416228,1.099381,-0.877002,0.110319,0.219934,-0.252142,-0.106943,0.023804
10162,97706.698891889,-7.431677,-1.416567,1.100403,-0.879401,0.078991,0.195815,-0.251682,-0.107775,0.021833
10163,97706.703835737,-7.427303,-1.416755,1.101310,-0.883377,0.052065,0.164002,-0.251220,-0.108613,0.019849
10164,97706.708779585,-7.422917,-1.416810,1.102059,-0.885224,0.030709,0.128361,-0.250758,-0.109450,0.017865
10165,97706.713723432,-7.418530,-1.416762,1.102629,-0.882029,0.014059,0.092342,-0.250295,-0.110287,0.015881
10166,97706.718667280,-7.414164,-1.416635,1.103021,-0.872907,0.000991,0.058474,-0.249833,-0.111124,0.013897
10167,97706.723580610,-7.409875,-1.416448,1.103244,-0.857470,-0.008796,0.029545,-0.249373,-0.111956,0.011926
10168,97706.728524458,-7.405640,-1.416218,1.103325,-0.835352,-0.015350,0.006918,-0.248911,-0.112793,0.009942
10169,97706.733468305,-7.401518,-1.415961,1.103297,-0.807157,-0.017461,-0.008993,-0.248449,-0.113630,0.007958
10170,97706.738412153,-7.397536,-1.415700,1.103191,-0.774268,-0.013670,-0.019301,-0.247987,-0.114468,0.005974
10171,97706.743356001,-7.393717,-1.415466,1.103037,-0.738184,-0.003194,-0.024707,-0.247524,-0.115305,0.003990
10172,97706.748299848,-7.390074,-1.415292,1.102860,-0.700230,0.014620,-0.025508,-0.247062,-0.116142,0.002007
10173,97706.753213178,-7.386635,-1.415215,1.102684,-0.662332,0.039796,-0.021753,-0.246603,-0.116974,0.000035
10174,97706.758157026,-7.383357,-1.415270,1.102529,-0.626174,0.071993,-0.014196,-0.246140,-0.117811,-0.001949
10175,97706.763100874,-7.380250,-1.415491,1.102417,-0.593775,0.109160,-0.004695,-0.245678,-0.118648,-0.003933
10176,97706.772988569,-7.374339,-1.416312,1.102295,-0.540744,0.189308,0.014475,-0.244753,-0.120322,-0.007900
10177,97706.777932417,-7.371626,-1.417129,1.102338,-0.528889,0.227207,0.019835,-0.244291,-0.121160,-0.009884
10178,97706.782845747,-7.368980,-1.418130,1.102410,-0.524220,0.259800,0.022061,-0.243832,-0.121992,-0.011856
10179,97706.787789594,-7.366333,-1.419298,1.102496,-0.525458,0.285881,0.020684,-0.243369,-0.122829,-0.013840
10180,97706.792733442,-7.363674,-1.420595,1.102576,-0.530479,0.304101,0.016177,-0.242907,-0.123666,-0.015823
10181,97706.797677290,-7.360987,-1.421981,1.102635,-0.536576,0.314263,0.009620,-0.242445,-0.124503,-0.017807
10182,97706.802621137,-7.358268,-1.423416,1.102661,-0.541497,0.316933,0.001959,-0.241982,-0.125340,-0.019791
10183,97706.807534468,-7.355542,-1.424855,1.102650,-0.543879,0.313349,-0.005844,-0.241523,-0.126172,-0.021763
10184,97706.812508833,-7.352771,-1.426294,1.102599,-0.543031,0.304916,-0.013256,-0.241058,-0.127015,-0.023759
10185,97706.817452680,-7.350024,-1.427683,1.102511,-0.538939,0.292907,-0.019759,-0.240596,-0.127852,-0.025742
10186,97706.822396528,-7.347301,-1.429014,1.102391,-0.532550,0.279013,-0.025480,-0.240133,-0.128689,-0.027726
10187,97706.827309858,-7.344628,-1.430271,1.102243,-0.524683,0.264828,-0.030089,-0.239674,-0.129521,-0.029698
10188,97706.832253706,-7.341982,-1.431467,1.102071,-0.515912,0.250740,-0.034371,-0.239212,-0.130358,-0.031682
10189,97706.837197553,-7.339382,-1.432596,1.101878,-0.507680,0.237552,-0.038593,-0.238749,-0.131195,-0.033665
10190,97706.842141401,-7.336826,-1.433662,1.101663,-0.500813,0.226195,-0.042166,-0.238287,-0.132032,-0.035649
10191,97706.847115766,-7.334291,-1.434679,1.101430,-0.495943,0.216269,-0.045126,-0.237822,-0.132875,-0.037645
10192,97706.852029096,-7.331813,-1.435637,1.101184,-0.493275,0.207681,-0.047971,-0.237362,-0.133707,-0.039617
10193,97706.856942427,-7.329351,-1.436553,1.100925,-0.492260,0.200259,-0.051001,-0.236903,-0.134539,-0.041589
10194,97706.861855757,-7.326895,-1.437434,1.100650,-0.493074,0.193586,-0.054278,-0.236443,-0.135371,-0.043560
10195,97706.866799604,-7.324422,-1.438286,1.100356,-0.495388,0.187205,-0.057802,-0.235981,-0.136208,-0.045544
10196,97706.871743452,-7.321939,-1.439107,1.100045,-0.498956,0.181025,-0.061715,-0.235519,-0.137045,-0.047528
10197,97706.876687300,-7.319440,-1.439897,1.099714,-0.503409,0.174973,-0.065650,-0.235057,-0.137882,-0.049512
10198,97706.881631147,-7.316920,-1.440657,1.099362,-0.508695,0.168989,-0.070008,-0.234594,-0.138719,-0.051495
10199,97706.886544477,-7.314392,-1.441381,1.098991,-0.514020,0.163227,-0.074605,-0.234135,-0.139551,-0.053467
10200,97706.891488325,-7.311823,-1.442081,1.098594,-0.519477,0.157772,-0.079416,-0.232223,-0.140193,-0.053878
10201,97706.896432173,-7.309229,-1.442752,1.098172,-0.524666,0.152592,-0.084192,-0.230193,-0.140425,-0.054807
10202,97706.901376020,-7.306611,-1.443398,1.097726,-0.529286,0.148103,-0.088955,-0.228163,-0.140657,-0.055736
10203,97706.906319868,-7.303971,-1.444020,1.097256,-0.533434,0.144255,-0.093981,-0.226134,-0.140889,-0.056665
10204,97706.911263716,-7.301312,-1.444623,1.096760,-0.537066,0.140859,-0.099256,-0.224104,-0.141122,-0.057594
10205,97706.916207563,-7.298637,-1.445209,1.096238,-0.540041,0.138290,-0.104636,-0.222075,-0.141354,-0.058523
10206,97706.921151411,-7.295947,-1.445781,1.095689,-0.542274,0.137058,-0.110135,-0.220045,-0.141586,-0.059452
10207,97706.926095259,-7.293247,-1.446348,1.095112,-0.543648,0.137185,-0.115877,-0.218015,-0.141819,-0.060381
10208,97706.931039106,-7.290541,-1.446915,1.094507,-0.544137,0.138260,-0.121290,-0.215986,-0.142051,-0.061310
10209,97706.935982954,-7.287832,-1.447488,1.093876,-0.543899,0.140693,-0.126528,-0.213956,-0.142283,-0.062239
10210,97706.940896284,-7.285141,-1.448069,1.093222,-0.543219,0.144614,-0.131025,-0.211939,-0.142514,-0.063162
10211,97706.945809614,-7.282453,-1.448670,1.092547,-0.542381,0.150179,-0.134527,-0.209922,-0.142745,-0.064085
10212,97706.950753462,-7.279752,-1.449303,1.091851,-0.542017,0.157459,-0.136778,-0.207892,-0.142977,-0.065014
10213,97706.955697309,-7.277050,-1.449972,1.091144,-0.542743,0.166383,-0.137805,-0.205863,-0.143209,-0.065943
10214,97706.960641157,-7.274344,-1.450685,1.090432,-0.544466,0.176568,-0.138170,-0.203833,-0.143442,-0.066872
10215,97706.965554487,-7.271643,-1.451443,1.089724,-0.547225,0.187315,-0.138473,-0.201816,-0.143672,-0.067795
10216,97706.970498335,-7.268910,-1.452259,1.089010,-0.551498,0.198132,-0.138635,-0.199786,-0.143905,-0.068724
10217,97706.975442182,-7.266153,-1.453127,1.088295,-0.557155,0.208798,-0.138663,-0.197757,-0.144137,-0.069653
10218,97706.980386030,-7.263366,-1.454046,1.087581,-0.564250,0.219154,-0.138863,-0.195727,-0.144369,-0.070582
10219,97706.985329878,-7.260542,-1.455015,1.086866,-0.572752,0.229051,-0.139642,-0.193697,-0.144601,-0.071511
10220,97706.990243208,-7.257691,-1.456025,1.086151,-0.582434,0.237938,-0.141059,-0.191680,-0.144832,-0.072434
10221,97706.995187055,-7.254773,-1.457083,1.085425,-0.593595,0.245685,-0.143134,-0.189651,-0.145065,-0.073363
10222,97707.000130903,-7.251799,-1.458177,1.084688,-0.605717,0.252287,-0.145904,-0.187621,-0.145297,-0.074292
10223,97707.005074751,-7.248763,-1.459301,1.083937,-0.618173,0.257789,-0.149417,-0.185591,-0.145529,-0.075221
10224,97707.010018598,-7.245665,-1.460449,1.083168,-0.630537,0.262446,-0.153680,-0.183562,-0.145761,-0.076150
10225,97707.014962446,-7.242505,-1.461619,1.082377,-0.642523,0.266631,-0.158317,-0.181532,-0.145994,-0.077079
10226,97707.019875776,-7.239305,-1.462799,1.081568,-0.653689,0.270364,-0.162876,-0.179515,-0.146224,-0.078002
10227,97707.024819624,-7.236030,-1.464003,1.080730,-0.663922,0.273852,-0.166631,-0.177485,-0.146457,-0.078931
10228,97707.029763471,-7.232703,-1.465223,1.079874,-0.672742,0.276816,-0.169648,-0.175456,-0.146689,-0.079860
10229,97707.034707319,-7.229333,-1.466455,1.079002,-0.680529,0.278307,-0.171888,-0.173426,-0.146921,-0.080789
10230,97707.039651167,-7.225924,-1.467693,1.078118,-0.687846,0.278907,-0.172261,-0.171396,-0.147153,-0.081718
10231,97707.044595014,-7.222479,-1.468932,1.077232,-0.695220,0.279838,-0.169910,-0.169367,-0.147386,-0.082647
10232,97707.049508344,-7.219018,-1.470167,1.076363,-0.703139,0.281441,-0.165624,-0.167350,-0.147617,-0.083570
10233,97707.054452192,-7.215496,-1.471415,1.075509,-0.711932,0.283655,-0.160757,-0.165320,-0.147849,-0.084499
10234,97707.059396040,-7.211930,-1.472672,1.074678,-0.722045,0.286660,-0.156293,-0.163290,-0.148081,-0.085428
10235,97707.064339887,-7.208313,-1.473941,1.073869,-0.733388,0.290628,-0.152346,-0.161261,-0.148313,-0.086357
10236,97707.069253218,-7.204662,-1.475220,1.073084,-0.746048,0.295986,-0.148197,-0.159244,-0.148544,-0.087280
10237,97707.074197065,-7.200924,-1.476529,1.072313,-0.760095,0.303108,-0.143419,-0.157214,-0.148776,-0.088209
10238,97707.079140913,-7.197114,-1.477871,1.071566,-0.775020,0.312493,-0.138234,-0.155184,-0.149009,-0.089138
10239,97707.084084760,-7.193229,-1.479255,1.070844,-0.790617,0.324386,-0.132761,-0.153155,-0.149241,-0.090067
10240,97707.089028608,-7.189263,-1.480694,1.070148,-0.807031,0.338764,-0.127178,-0.151125,-0.149473,-0.090996
10241,97707.093941938,-7.185238,-1.482192,1.069484,-0.824386,0.355229,-0.121613,-0.149108,-0.149704,-0.091919
10242,97707.098885786,-7.181099,-1.483775,1.068843,-0.842955,0.373529,-0.115950,-0.147078,-0.149936,-0.092848
10243,97707.103829634,-7.176863,-1.485445,1.068229,-0.862106,0.393224,-0.110569,-0.145049,-0.150169,-0.093777
10244,97707.108773481,-7.172528,-1.487207,1.067642,-0.881824,0.413414,-0.105647,-0.143019,-0.150401,-0.094706
10245,97707.113717329,-7.168090,-1.489065,1.067079,-0.902088,0.433321,-0.100779,-0.140989,-0.150633,-0.095635
10246,97707.118630659,-7.163577,-1.491004,1.066543,-0.922644,0.452397,-0.095677,-0.138972,-0.150864,-0.096558
10247,97707.123574507,-7.158929,-1.493044,1.066029,-0.943738,0.470651,-0.090027,-0.136943,-0.151096,-0.097487
10248,97707.128518354,-7.154172,-1.495170,1.065542,-0.965189,0.488133,-0.083273,-0.134913,-0.151329,-0.098416
10249,97707.133462202,-7.149305,-1.497377,1.065088,-0.986915,0.504486,-0.075359,-0.132883,-0.151561,-0.099345
10250,97707.138406050,-7.144327,-1.499660,1.064672,-1.008665,0.519447,-0.067118,-0.129858,-0.150329,-0.099591
10251,97707.143349897,-7.139238,-1.502011,1.064296,-1.030454,0.533132,-0.059065,-0.126832,-0.149096,-0.099837
10252,97707.148263227,-7.134069,-1.504410,1.063962,-1.052715,0.545485,-0.051380,-0.123826,-0.147872,-0.100081
10253,97707.153207075,-7.128755,-1.506880,1.063662,-1.076223,0.556846,-0.043705,-0.120800,-0.146640,-0.100327
10254,97707.158150923,-7.123323,-1.509400,1.063400,-1.101113,0.567845,-0.036163,-0.117775,-0.145407,-0.100573
10255,97707.163094770,-7.117764,-1.511968,1.063173,-1.127480,0.579143,-0.028094,-0.114749,-0.144175,-0.100819
10256,97707.168038618,-7.112072,-1.514586,1.062985,-1.155224,0.591313,-0.018991,-0.111723,-0.142943,-0.101065
10257,97707.172951948,-7.106276,-1.517241,1.062841,-1.183541,0.604455,-0.008920,-0.108717,-0.141718,-0.101309
10258,97707.177895796,-7.100300,-1.519971,1.062746,-1.211363,0.618937,0.001602,-0.105691,-0.140486,-0.101555
10259,97707.182839643,-7.094183,-1.522765,1.062700,-1.237068,0.634265,0.012385,-0.102666,-0.139254,-0.101801
10260,97707.187783491,-7.087935,-1.525629,1.062708,-1.260165,0.650244,0.024131,-0.099640,-0.138022,-0.102047
10261,97707.192727339,-7.081568,-1.528566,1.062772,-1.279935,0.666388,0.036634,-0.096615,-0.136790,-0.102293
10262,97707.197640669,-7.075140,-1.531559,1.062897,-1.295967,0.681872,0.048676,-0.093608,-0.135565,-0.102537
10263,97707.202584516,-7.068588,-1.534643,1.063082,-1.307959,0.695999,0.060828,-0.090582,-0.134333,-0.102783
10264,97707.207528364,-7.061973,-1.537794,1.063327,-1.315671,0.707949,0.074174,-0.087557,-0.133101,-0.103029
10265,97707.212472212,-7.055316,-1.541001,1.063638,-1.320162,0.717945,0.088212,-0.084531,-0.131869,-0.103275
10266,97707.217385542,-7.048675,-1.544235,1.064017,-1.322548,0.724960,0.102809,-0.081524,-0.130644,-0.103519
10267,97707.222329389,-7.041979,-1.547523,1.064470,-1.324054,0.728000,0.117288,-0.078499,-0.129412,-0.103765
10268,97707.227303755,-7.035232,-1.550845,1.064998,-1.325606,0.727586,0.131121,-0.075455,-0.128172,-0.104012
10269,97707.232217085,-7.028560,-1.554122,1.065588,-1.327823,0.724062,0.144485,-0.072448,-0.126947,-0.104257
10270,97707.237160932,-7.021834,-1.557402,1.066247,-1.330721,0.717466,0.158856,-0.069422,-0.125715,-0.104503
10271,97707.242104780,-7.015095,-1.560647,1.066976,-1.332377,0.708729,0.174245,-0.066397,-0.124483,-0.104749
10272,97707.247048628,-7.008349,-1.563848,1.067780,-1.330513,0.699661,0.190113,-0.063371,-0.123251,-0.104995
10273,97707.251992475,-7.001612,-1.567003,1.068663,-1.324139,0.691699,0.206566,-0.060346,-0.122019,-0.105240
10274,97707.256905805,-6.994949,-1.570101,1.069621,-1.313595,0.684802,0.224735,-0.057339,-0.120794,-0.105485
10275,97707.261849653,-6.988297,-1.573184,1.070675,-1.299634,0.678203,0.245333,-0.054313,-0.119562,-0.105731
10276,97707.266793501,-6.981714,-1.576237,1.071832,-1.282872,0.671442,0.267649,-0.051288,-0.118330,-0.105977
10277,97707.271737348,-6.975213,-1.579259,1.073100,-1.263629,0.664202,0.290864,-0.048262,-0.117097,-0.106223
10278,97707.276681196,-6.968807,-1.582247,1.074483,-1.242189,0.656510,0.313985,-0.045237,-0.115865,-0.106468
10279,97707.281594526,-6.962546,-1.585182,1.075973,-1.219242,0.648849,0.335696,-0.042230,-0.114641,-0.106713
10280,97707.286538374,-6.956360,-1.588102,1.077580,-1.194876,0.640964,0.356685,-0.039205,-0.113408,-0.106959
10281,97707.291482221,-6.950294,-1.590986,1.079293,-1.169702,0.632391,0.376670,-0.036179,-0.112176,-0.107205
10282,97707.296426069,-6.944353,-1.593833,1.081106,-1.144554,0.622979,0.394409,-0.033153,-0.110944,-0.107451
10283,97707.301369917,-6.938537,-1.596637,1.083007,-1.119651,0.613073,0.409236,-0.030128,-0.109712,-0.107696
10284,97707.306283247,-6.932880,-1.599379,1.084972,-1.095964,0.602703,0.421031,-0.027121,-0.108487,-0.107941
10285,97707.311227094,-6.927307,-1.602092,1.087007,-1.074688,0.591521,0.429694,-0.024096,-0.107255,-0.108187
10286,97707.316140425,-6.921874,-1.604737,1.089074,-1.056719,0.580362,0.435335,-0.021939,-0.105999,-0.107289
10287,97707.321114790,-6.916464,-1.607364,1.091195,-1.042374,0.569554,0.438177,-0.019756,-0.104728,-0.106379
10288,97707.326089155,-6.911129,-1.609939,1.093330,-1.032986,0.559864,0.438539,-0.017573,-0.103457,-0.105470
10289,97707.331002485,-6.905907,-1.612437,1.095442,-1.028984,0.551908,0.437398,-0.015416,-0.102201,-0.104572
10290,97707.335946333,-6.900674,-1.614913,1.097560,-1.029741,0.545582,0.435211,-0.013246,-0.100937,-0.103668
10291,97707.340859663,-6.895471,-1.617342,1.099655,-1.033983,0.540593,0.432725,-0.011090,-0.099681,-0.102770
10292,97707.345803510,-6.890216,-1.619761,1.101749,-1.039886,0.536250,0.430136,-0.008920,-0.098418,-0.101867
10293,97707.355691206,-6.879650,-1.624553,1.105911,-1.051965,0.530146,0.424417,-0.004580,-0.095891,-0.100059
10294,97707.360604536,-6.874342,-1.626902,1.107950,-1.055436,0.530213,0.420577,-0.002424,-0.094635,-0.099161
10295,97707.365548384,-6.868985,-1.629266,1.109982,-1.056533,0.530579,0.416509,-0.000254,-0.093371,-0.098257
10296,97707.370492231,-6.863622,-1.631631,1.111994,-1.054835,0.530937,0.411724,0.001916,-0.092108,-0.097354
10297,97707.375436079,-6.858267,-1.633999,1.113982,-1.050360,0.530898,0.406101,0.004086,-0.090844,-0.096450
10298,97707.380379927,-6.852936,-1.636368,1.115943,-1.042810,0.530213,0.399553,0.006256,-0.089581,-0.095546
10299,97707.385293257,-6.847675,-1.638721,1.117860,-1.032342,0.529126,0.391945,0.008412,-0.088325,-0.094648
10300,97707.390237104,-6.842433,-1.641086,1.119753,-1.019157,0.527585,0.383104,0.008905,-0.086824,-0.093929
10301,97707.395180952,-6.837258,-1.643447,1.121602,-1.004045,0.525783,0.373416,0.009398,-0.085323,-0.093210
10302,97707.400124800,-6.832158,-1.645803,1.123405,-0.987651,0.524159,0.362829,0.009891,-0.083823,-0.092490
10303,97707.405068647,-6.827141,-1.648155,1.125156,-0.970450,0.522631,0.351387,0.010384,-0.082322,-0.091771
10304,97707.410012495,-6.822210,-1.650504,1.126852,-0.952467,0.521023,0.339065,0.010877,-0.080821,-0.091051
10305,97707.414956343,-6.817368,-1.652850,1.128488,-0.934610,0.519923,0.325160,0.011369,-0.079321,-0.090332
10306,97707.419869673,-6.812646,-1.655180,1.130048,-0.917169,0.519539,0.309582,0.011859,-0.077829,-0.089617
10307,97707.424844038,-6.807952,-1.657543,1.131550,-0.899307,0.519276,0.292297,0.012355,-0.076320,-0.088893
10308,97707.429787885,-6.803377,-1.659894,1.132959,-0.881197,0.518901,0.273776,0.012848,-0.074819,-0.088174
10309,97707.434731733,-6.798893,-1.662249,1.134278,-0.863330,0.518342,0.253987,0.013341,-0.073318,-0.087454
10310,97707.439675581,-6.794499,-1.664606,1.135500,-0.845692,0.517233,0.232813,0.013834,-0.071818,-0.086735
10311,97707.444588911,-6.790220,-1.666948,1.136612,-0.828673,0.515583,0.210352,0.014323,-0.070326,-0.086020
10312,97707.449532759,-6.786000,-1.669302,1.137621,-0.812171,0.513273,0.186331,0.014816,-0.068825,-0.085301
10313,97707.454476606,-6.781864,-1.671649,1.138512,-0.796016,0.510399,0.160694,0.015309,-0.067325,-0.084581
10314,97707.459420454,-6.777811,-1.673988,1.139278,-0.780316,0.507148,0.133840,0.015802,-0.065824,-0.083862
10315,97707.464364302,-6.773837,-1.676315,1.139912,-0.764843,0.503057,0.106068,0.016295,-0.064323,-0.083142
10316,97707.469277632,-6.769967,-1.678613,1.140406,-0.749537,0.497871,0.077960,0.016784,-0.062832,-0.082427
10317,97707.474221479,-6.766152,-1.680905,1.140766,-0.734626,0.491996,0.049156,0.017277,-0.061331,-0.081708
10318,97707.479165327,-6.762413,-1.683172,1.140984,-0.720389,0.485725,0.019577,0.017770,-0.059831,-0.080989
10319,97707.484109175,-6.758749,-1.685414,1.141056,-0.706836,0.479337,-0.010499,0.018263,-0.058330,-0.080269
10320,97707.489022505,-6.755177,-1.687615,1.140981,-0.694076,0.473164,-0.040558,0.018753,-0.056839,-0.079554
10321,97707.493966352,-6.751649,-1.689804,1.140757,-0.681819,0.466571,-0.071211,0.019246,-0.055338,-0.078835
10322,97707.498910200,-6.748185,-1.691966,1.140382,-0.670221,0.459524,-0.102226,0.019738,-0.053837,-0.078115
10323,97707.503854048,-6.744783,-1.694096,1.139854,-0.659326,0.451600,-0.133586,0.020231,-0.052337,-0.077396
10324,97707.508797895,-6.741438,-1.696193,1.139172,-0.648898,0.443121,-0.165228,0.020724,-0.050836,-0.076677
10325,97707.513741743,-6.738149,-1.698251,1.138334,-0.639023,0.434040,-0.196536,0.021217,-0.049335,-0.075957
10326,97707.518655073,-6.734933,-1.700256,1.137347,-0.629506,0.424960,-0.226635,0.021707,-0.047844,-0.075242
10327,97707.523568403,-6.731768,-1.702221,1.136212,-0.620287,0.416429,-0.255234,0.022196,-0.046353,-0.074527
10328,97707.528512251,-6.728632,-1.704159,1.134930,-0.611190,0.408289,-0.281872,0.022689,-0.044852,-0.073808
10329,97707.533456098,-6.725545,-1.706061,1.133515,-0.602223,0.400467,-0.305471,0.023182,-0.043351,-0.073089
10330,97707.538399946,-6.722506,-1.707928,1.131985,-0.593192,0.393514,-0.325650,0.023675,-0.041851,-0.072369
10331,97707.543343794,-6.719514,-1.709764,1.130354,-0.583854,0.387406,-0.341564,0.024168,-0.040350,-0.071650
10332,97707.548257124,-6.716589,-1.711561,1.128656,-0.574128,0.382156,-0.352157,0.024658,-0.038859,-0.070935
10333,97707.553200971,-6.713696,-1.713346,1.126896,-0.563189,0.377458,-0.356801,0.025150,-0.037358,-0.070215
10334,97707.558144819,-6.710858,-1.715111,1.125113,-0.551447,0.372638,-0.354768,0.025643,-0.035857,-0.069496
10335,97707.563088667,-6.708079,-1.716854,1.123341,-0.540510,0.367258,-0.346583,0.026136,-0.034357,-0.068777
10336,97707.568032514,-6.705355,-1.718573,1.121609,-0.532685,0.361079,-0.333742,0.026629,-0.032856,-0.068057
10337,97707.572976362,-6.702670,-1.720262,1.119942,-0.530723,0.353522,-0.317365,0.027122,-0.031355,-0.067338
10338,97707.577889692,-6.700011,-1.721903,1.118364,-0.536551,0.344190,-0.301083,0.027612,-0.029864,-0.066623
10339,97707.582833540,-6.697308,-1.723506,1.116857,-0.550804,0.333626,-0.286695,0.028104,-0.028363,-0.065903
10340,97707.587777387,-6.694536,-1.725052,1.115419,-0.571531,0.322313,-0.275268,0.028597,-0.026862,-0.065184
10341,97707.592690718,-6.691681,-1.726528,1.114043,-0.598176,0.310692,-0.266836,0.029087,-0.025371,-0.064469
10342,97707.597634565,-6.688679,-1.727950,1.112699,-0.629334,0.298493,-0.261193,0.029580,-0.023870,-0.063750
10343,97707.602578413,-6.685524,-1.729305,1.111379,-0.663016,0.285409,-0.258756,0.030073,-0.022370,-0.063030
10344,97707.607522260,-6.682207,-1.730587,1.110067,-0.698749,0.270903,-0.258109,0.030565,-0.020869,-0.062311
10345,97707.612466108,-6.678715,-1.731790,1.108756,-0.736217,0.256168,-0.256687,0.031058,-0.019368,-0.061591
10346,97707.617379438,-6.675065,-1.732905,1.107456,-0.775261,0.243223,-0.251745,0.031548,-0.017877,-0.060877
10347,97707.622323286,-6.671201,-1.733954,1.106168,-0.815568,0.234551,-0.241340,0.032041,-0.016376,-0.060157
10348,97707.627267134,-6.667140,-1.734951,1.104929,-0.856153,0.231507,-0.224637,0.032534,-0.014876,-0.059438
10349,97707.632210981,-6.662878,-1.735924,1.103769,-0.896877,0.233817,-0.201387,0.033027,-0.013375,-0.058718
10350,97707.637154829,-6.658412,-1.736897,1.102721,-0.937757,0.240746,-0.172657,0.031945,-0.013732,-0.056910
10351,97707.642098677,-6.653741,-1.737894,1.101812,-0.978232,0.250903,-0.140952,0.030864,-0.014088,-0.055102
10352,97707.647012007,-6.648896,-1.738924,1.101062,-1.017700,0.261648,-0.110379,0.029789,-0.014443,-0.053305
10353,97707.651955854,-6.643821,-1.740003,1.100456,-1.056264,0.269883,-0.084476,0.028708,-0.014800,-0.051497
10354,97707.656899702,-6.638552,-1.741112,1.099976,-1.093052,0.273351,-0.065574,0.027626,-0.015156,-0.049689
10355,97707.661843550,-6.633099,-1.742230,1.099587,-1.127097,0.272758,-0.053636,0.026545,-0.015513,-0.047881
10356,97707.666787397,-6.627477,-1.743336,1.099255,-1.156790,0.269512,-0.047990,0.025464,-0.015870,-0.046073
10357,97707.671700727,-6.621745,-1.744413,1.098950,-1.179937,0.264631,-0.047887,0.024389,-0.016224,-0.044276
10358,97707.676644575,-6.615863,-1.745468,1.098641,-1.195778,0.259153,-0.052524,0.023307,-0.016581,-0.042468
10359,97707.681588423,-6.609906,-1.746492,1.098308,-1.203886,0.253125,-0.061831,0.022226,-0.016938,-0.040660
10360,97707.686562788,-6.603872,-1.747492,1.097926,-1.204190,0.245853,-0.075627,0.021138,-0.017296,-0.038841
10361,97707.691476118,-6.597915,-1.748444,1.097480,-1.196226,0.237033,-0.092351,0.020063,-0.017651,-0.037044
10362,97707.696419966,-6.591962,-1.749362,1.096949,-1.179682,0.226316,-0.110170,0.018982,-0.018008,-0.035236
10363,97707.701333296,-6.586131,-1.750226,1.096334,-1.156311,0.214302,-0.125997,0.017907,-0.018362,-0.033440
10364,97707.706277143,-6.580383,-1.751042,1.095638,-1.128334,0.201940,-0.136469,0.016826,-0.018719,-0.031632
10365,97707.711220991,-6.574777,-1.751804,1.094891,-1.098284,0.190743,-0.137328,0.015744,-0.019075,-0.029824
10366,97707.716164839,-6.569321,-1.752517,1.094142,-1.067774,0.181293,-0.124728,0.014663,-0.019432,-0.028015
10367,97707.721139204,-6.563985,-1.753193,1.093453,-1.038102,0.173860,-0.095537,0.013575,-0.019791,-0.026196
10368,97707.726052534,-6.558859,-1.753829,1.092917,-1.011370,0.168273,-0.049994,0.012500,-0.020145,-0.024399
10369,97707.730996382,-6.553831,-1.754444,1.092605,-0.987293,0.164257,-0.000782,0.011419,-0.020502,-0.022591
10370,97707.735940229,-6.548920,-1.755042,1.092538,-0.964173,0.158911,0.048175,0.010337,-0.020859,-0.020783
10371,97707.740853559,-6.544150,-1.755612,1.092713,-0.941248,0.149502,0.096239,0.009263,-0.021213,-0.018987
10372,97707.745797407,-6.539462,-1.756140,1.093127,-0.918957,0.133900,0.143870,0.008181,-0.021570,-0.017179
10373,97707.750741255,-6.534884,-1.756593,1.093778,-0.900541,0.112750,0.183772,0.007100,-0.021927,-0.015371
10374,97707.755654585,-6.530427,-1.756942,1.094621,-0.892044,0.087855,0.201508,0.006025,-0.022281,-0.013574
10375,97707.760598432,-6.525988,-1.757170,1.095556,-0.892067,0.060237,0.198258,0.004944,-0.022638,-0.011766
10376,97707.765542280,-6.521555,-1.757262,1.096473,-0.897173,0.031601,0.176874,0.003863,-0.022995,-0.009958
10377,97707.770486128,-6.517105,-1.757212,1.097283,-0.904017,0.002735,0.140892,0.002781,-0.023351,-0.008150
10378,97707.775399458,-6.512657,-1.757023,1.097908,-0.909240,-0.025162,0.094828,0.001706,-0.023706,-0.006353
10379,97707.780343305,-6.508165,-1.756696,1.098308,-0.910288,-0.051970,0.042867,0.000625,-0.024062,-0.004545
10380,97707.785287153,-6.503678,-1.756239,1.098449,-0.904788,-0.076612,-0.008878,-0.000456,-0.024419,-0.002737
10381,97707.790231001,-6.499227,-1.755666,1.098333,-0.891041,-0.098052,-0.054494,-0.001538,-0.024776,-0.000929
10382,97707.795174848,-6.494852,-1.754992,1.097992,-0.869224,-0.115777,-0.089979,-0.002619,-0.025132,0.000879
10383,97707.800118696,-6.490591,-1.754238,1.097475,-0.839792,-0.128887,-0.113935,-0.003701,-0.025489,0.002687
10384,97707.805032026,-6.486505,-1.753432,1.096846,-0.803581,-0.136075,-0.127534,-0.004775,-0.025844,0.004484
10385,97707.809975874,-6.482575,-1.752594,1.096148,-0.761186,-0.135955,-0.132954,-0.005857,-0.026200,0.006292
10386,97707.814919721,-6.478855,-1.751766,1.095426,-0.714077,-0.127516,-0.131165,-0.006938,-0.026557,0.008100
10387,97707.819863569,-6.475366,-1.750990,1.094717,-0.664170,-0.110542,-0.123259,-0.008019,-0.026914,0.009908
10388,97707.824807417,-6.472119,-1.750308,1.094052,-0.614356,-0.084587,-0.110013,-0.009101,-0.027270,0.011716
10389,97707.829751264,-6.469111,-1.749764,1.093457,-0.567581,-0.049624,-0.092289,-0.010182,-0.027627,0.013524
10390,97707.834664594,-6.466342,-1.749404,1.092959,-0.528521,-0.008439,-0.073187,-0.011257,-0.027982,0.015321
10391,97707.839608442,-6.463739,-1.749253,1.092557,-0.500907,0.035750,-0.055931,-0.012338,-0.028338,0.017129
10392,97707.844552290,-6.461262,-1.749325,1.092246,-0.485236,0.078305,-0.043657,-0.013420,-0.028695,0.018937
10393,97707.849496137,-6.458852,-1.749609,1.091998,-0.478868,0.114776,-0.036873,-0.014501,-0.029052,0.020745
10394,97707.854439985,-6.456464,-1.750075,1.091787,-0.478795,0.142739,-0.034653,-0.015582,-0.029408,0.022553
10395,97707.859383833,-6.454071,-1.750678,1.091589,-0.482198,0.161461,-0.035143,-0.016664,-0.029765,0.024361
10396,97707.864297163,-6.451672,-1.751369,1.091390,-0.486291,0.170753,-0.036355,-0.017739,-0.030119,0.026158
10397,97707.869241010,-6.449236,-1.752109,1.091185,-0.489005,0.171008,-0.036996,-0.018820,-0.030476,0.027966
10398,97707.874184858,-6.446787,-1.752850,1.090976,-0.489116,0.163176,-0.036453,-0.019901,-0.030833,0.029774
10399,97707.879128706,-6.444338,-1.753553,1.090769,-0.486396,0.150104,-0.034854,-0.020983,-0.031190,0.031582
10400,97707.884072553,-6.441906,-1.754191,1.090570,-0.481922,0.134574,-0.032688,-0.022261,-0.032220,0.033007
10401,97707.889016401,-6.439499,-1.754753,1.090380,-0.477131,0.118522,-0.030455,-0.023539,-0.033250,0.034431
10402,97707.893929731,-6.437134,-1.755234,1.090202,-0.473922,0.103245,-0.029259,-0.024809,-0.034274,0.035847
10403,97707.898873579,-6.434773,-1.755644,1.090029,-0.473484,0.089703,-0.030018,-0.026087,-0.035304,0.037272
10404,97707.903817427,-6.432417,-1.755986,1.089851,-0.475603,0.078688,-0.032775,-0.027364,-0.036335,0.038696
10405,97707.908761274,-6.430054,-1.756274,1.089658,-0.479384,0.069855,-0.036873,-0.028642,-0.037365,0.040121
10406,97707.913674604,-6.427689,-1.756516,1.089445,-0.483097,0.062426,-0.041531,-0.029912,-0.038389,0.041537
10407,97707.918618452,-6.425292,-1.756722,1.089208,-0.486146,0.055763,-0.046090,-0.031190,-0.039419,0.042961
10408,97707.923531782,-6.422897,-1.756894,1.088949,-0.487376,0.049843,-0.050357,-0.032460,-0.040443,0.044377
10409,97707.928475630,-6.420483,-1.757038,1.088667,-0.486753,0.044905,-0.054133,-0.033738,-0.041473,0.045802
10410,97707.933419477,-6.418073,-1.757158,1.088366,-0.484551,0.040615,-0.057426,-0.035016,-0.042503,0.047227
10411,97707.938363325,-6.415676,-1.757257,1.088048,-0.481473,0.036691,-0.060815,-0.036294,-0.043534,0.048651
10412,97707.943307173,-6.413294,-1.757338,1.087714,-0.477873,0.033106,-0.064284,-0.037572,-0.044564,0.050076
10413,97707.948251020,-6.410932,-1.757402,1.087363,-0.474193,0.029480,-0.067670,-0.038850,-0.045594,0.051500
10414,97707.953194868,-6.408588,-1.757449,1.086995,-0.470909,0.025758,-0.071394,-0.040128,-0.046624,0.052925
10415,97707.958138716,-6.406262,-1.757479,1.086608,-0.468315,0.021725,-0.075426,-0.041406,-0.047655,0.054350
10416,97707.963052046,-6.403964,-1.757490,1.086205,-0.466228,0.016965,-0.079138,-0.042676,-0.048679,0.055765
10417,97707.967995893,-6.401664,-1.757478,1.085780,-0.464754,0.011552,-0.082724,-0.043954,-0.049709,0.057190
10418,97707.972939741,-6.399372,-1.757439,1.085337,-0.463746,0.006225,-0.086479,-0.045232,-0.050739,0.058615
10419,97707.977883589,-6.397087,-1.757375,1.084875,-0.463094,0.001797,-0.090467,-0.046510,-0.051769,0.060039
10420,97707.982827436,-6.394806,-1.757290,1.084394,-0.462732,-0.001491,-0.094230,-0.047788,-0.052800,0.061464
10421,97707.987771284,-6.392528,-1.757188,1.083894,-0.462562,-0.003012,-0.097853,-0.049066,-0.053830,0.062888
10422,97707.992684614,-6.390265,-1.757080,1.083379,-0.462367,-0.002224,-0.101484,-0.050336,-0.054854,0.064304
10423,97707.997628462,-6.387989,-1.756975,1.082843,-0.462307,0.000474,-0.105454,-0.051614,-0.055884,0.065729
10424,97708.002572309,-6.385714,-1.756884,1.082287,-0.462791,0.005371,-0.109635,-0.052892,-0.056914,0.067154
10425,97708.007516157,-6.383435,-1.756818,1.081711,-0.463889,0.012248,-0.113858,-0.054264,-0.057423,0.067717
10426,97708.012460005,-6.381149,-1.756785,1.081114,-0.465473,0.020591,-0.117953,-0.055636,-0.057931,0.068281
10427,97708.017403852,-6.378855,-1.756793,1.080498,-0.467173,0.029795,-0.121933,-0.057009,-0.058439,0.068844
10428,97708.022347700,-6.376550,-1.756847,1.079862,-0.469015,0.039796,-0.125871,-0.058381,-0.058948,0.069408
10429,97708.027261030,-6.374248,-1.756949,1.079212,-0.470586,0.050109,-0.129287,-0.059745,-0.059453,0.069968
10430,97708.032204878,-6.371923,-1.757103,1.078541,-0.472405,0.060415,-0.132440,-0.061117,-0.059961,0.070532
10431,97708.037118208,-6.369600,-1.757306,1.077859,-0.474581,0.070451,-0.135500,-0.062481,-0.060466,0.071092
10432,97708.042062055,-6.367251,-1.757560,1.077158,-0.477061,0.080087,-0.138819,-0.063853,-0.060974,0.071655
10433,97708.047005903,-6.364888,-1.757861,1.076441,-0.479820,0.089121,-0.142611,-0.065226,-0.061483,0.072219
10434,97708.051949751,-6.362509,-1.758206,1.075706,-0.483077,0.096920,-0.146666,-0.066598,-0.061991,0.072782
10435,97708.056893598,-6.360113,-1.758590,1.074951,-0.486634,0.102910,-0.150818,-0.067970,-0.062499,0.073346
10436,97708.061837446,-6.357698,-1.759002,1.074175,-0.490469,0.107158,-0.155267,-0.069343,-0.063008,0.073910
10437,97708.066750776,-6.355278,-1.759432,1.073383,-0.494602,0.109796,-0.159328,-0.070707,-0.063513,0.074470
10438,97708.071694624,-6.352823,-1.759878,1.072565,-0.498752,0.110445,-0.162765,-0.072079,-0.064021,0.075033
10439,97708.076638471,-6.350348,-1.760325,1.071730,-0.503222,0.109468,-0.165335,-0.073451,-0.064529,0.075597
10440,97708.081582319,-6.347851,-1.760768,1.070882,-0.508333,0.107273,-0.167471,-0.074824,-0.065038,0.076160
10441,97708.086526167,-6.345329,-1.761198,1.070023,-0.514306,0.103720,-0.169081,-0.076196,-0.065546,0.076724
10442,97708.091500532,-6.342763,-1.761612,1.069149,-0.521524,0.099346,-0.169873,-0.077577,-0.066057,0.077291
10443,97708.096413862,-6.340194,-1.761998,1.068282,-0.530246,0.094940,-0.169407,-0.078941,-0.066563,0.077851
10444,97708.101327192,-6.337583,-1.762361,1.067417,-0.540927,0.090671,-0.168187,-0.080304,-0.067068,0.078411
10445,97708.106271040,-6.334904,-1.762702,1.066551,-0.553682,0.087095,-0.167718,-0.081677,-0.067576,0.078975
10446,97708.111214887,-6.332163,-1.763023,1.065686,-0.568162,0.084583,-0.168493,-0.083049,-0.068084,0.079538
10447,97708.116158735,-6.329350,-1.763328,1.064816,-0.584200,0.083706,-0.170788,-0.084421,-0.068593,0.080102
10448,97708.121102583,-6.326459,-1.763626,1.063933,-0.601597,0.084603,-0.174137,-0.085794,-0.069101,0.080666
10449,97708.126015913,-6.323501,-1.763923,1.063038,-0.619579,0.088000,-0.177652,-0.087158,-0.069606,0.081226
10450,97708.130959760,-6.320435,-1.764234,1.062119,-0.637284,0.093733,-0.180805,-0.086285,-0.067805,0.079243
10451,97708.135903608,-6.317280,-1.764571,1.061184,-0.653976,0.101374,-0.183006,-0.085412,-0.066004,0.077259
10452,97708.140847456,-6.314041,-1.764941,1.060237,-0.669485,0.110578,-0.183004,-0.084539,-0.064203,0.075276
10453,97708.145791303,-6.310724,-1.765354,1.059289,-0.685063,0.120810,-0.179749,-0.083666,-0.062402,0.073293
10454,97708.150735151,-6.307327,-1.765814,1.058357,-0.701106,0.131659,-0.173685,-0.082793,-0.060601,0.071310
10455,97708.155648481,-6.303870,-1.766320,1.057459,-0.717673,0.142610,-0.167082,-0.081925,-0.058811,0.069339
10456,97708.160592329,-6.300307,-1.766880,1.056589,-0.735020,0.153449,-0.161391,-0.081052,-0.057010,0.067355
10457,97708.165536177,-6.296655,-1.767489,1.055746,-0.752709,0.163445,-0.156855,-0.080179,-0.055209,0.065372
10458,97708.170510542,-6.292891,-1.768147,1.054919,-0.770774,0.172356,-0.152699,-0.079301,-0.053396,0.063377
10459,97708.175454389,-6.289058,-1.768841,1.054117,-0.788953,0.180057,-0.147976,-0.078428,-0.051595,0.061393
10460,97708.180367719,-6.285157,-1.769564,1.053343,-0.807075,0.186651,-0.142373,-0.077560,-0.049805,0.059422
10461,97708.185281050,-6.281166,-1.770316,1.052595,-0.825102,0.192128,-0.135806,-0.076692,-0.048015,0.057451
10462,97708.190224897,-6.277059,-1.771095,1.051874,-0.843134,0.196696,-0.128351,-0.075819,-0.046214,0.055468
10463,97708.195168745,-6.272861,-1.771892,1.051188,-0.861454,0.200207,-0.119901,-0.074946,-0.044413,0.053485
10464,97708.200082075,-6.268599,-1.772697,1.050548,-0.879865,0.202517,-0.110573,-0.074079,-0.042623,0.051514
10465,97708.205025923,-6.264217,-1.773513,1.049948,-0.898099,0.203846,-0.101033,-0.073206,-0.040822,0.049531
10466,97708.209969770,-6.259745,-1.774332,1.049394,-0.916161,0.204215,-0.091520,-0.072333,-0.039021,0.047548
10467,97708.214883100,-6.255211,-1.775143,1.048889,-0.934021,0.204020,-0.082689,-0.071465,-0.037231,0.045577
10468,97708.219857466,-6.250531,-1.775959,1.048420,-0.952458,0.203313,-0.074797,-0.070587,-0.035419,0.043581
10469,97708.224801313,-6.245788,-1.776761,1.047991,-0.971478,0.202043,-0.067488,-0.069714,-0.033618,0.041598
10470,97708.229745161,-6.240952,-1.777553,1.047598,-0.991336,0.200810,-0.060070,-0.068841,-0.031817,0.039615
10471,97708.234689009,-6.236016,-1.778334,1.047239,-1.012100,0.199820,-0.051642,-0.067968,-0.030016,0.037631
10472,97708.239632856,-6.230978,-1.779105,1.046920,-1.033716,0.198795,-0.040805,-0.067095,-0.028215,0.035648
10473,97708.244576704,-6.225833,-1.779866,1.046654,-1.055970,0.198063,-0.027221,-0.066222,-0.026414,0.033665
10474,97708.249520552,-6.220577,-1.780617,1.046453,-1.078508,0.197613,-0.011885,-0.065349,-0.024612,0.031682
10475,97708.254433882,-6.215242,-1.781356,1.046326,-1.100891,0.197187,0.004259,-0.064481,-0.022823,0.029711
10476,97708.259377729,-6.209762,-1.782091,1.046277,-1.123891,0.197045,0.019935,-0.063608,-0.021021,0.027728
10477,97708.269265425,-6.198573,-1.783549,1.046331,-1.172029,0.197942,0.048765,-0.061862,-0.017419,0.023761
10478,97708.274209272,-6.192738,-1.784269,1.046497,-1.200382,0.200557,0.061203,-0.060989,-0.015618,0.021778
10479,97708.279153120,-6.186762,-1.784996,1.046722,-1.230664,0.204933,0.074256,-0.060116,-0.013817,0.019795
10480,97708.284066450,-6.180672,-1.785733,1.047008,-1.260846,0.211632,0.087734,-0.059249,-0.012027,0.017824
10481,97708.289010298,-6.174393,-1.786500,1.047361,-1.289335,0.221089,0.101877,-0.058376,-0.010226,0.015840
10482,97708.293954145,-6.167970,-1.787306,1.047781,-1.314776,0.233027,0.117327,-0.057503,-0.008425,0.013857
10483,97708.298897993,-6.161418,-1.788165,1.048278,-1.336835,0.246854,0.133305,-0.056630,-0.006624,0.011874
10484,97708.303841841,-6.154753,-1.789086,1.048852,-1.355457,0.260665,0.149018,-0.055757,-0.004823,0.009891
10485,97708.308755171,-6.148033,-1.790065,1.049499,-1.370340,0.272341,0.165809,-0.054889,-0.003033,0.007920
10486,97708.313668501,-6.141237,-1.791096,1.050229,-1.382061,0.280954,0.184381,-0.054021,-0.001243,0.005949
10487,97708.318612348,-6.134337,-1.792173,1.051054,-1.392429,0.286254,0.202401,-0.053148,0.000558,0.003966
10488,97708.323556196,-6.127384,-1.793273,1.051968,-1.402317,0.288475,0.217831,-0.052275,0.002359,0.001982
10489,97708.328500044,-6.120380,-1.794380,1.052958,-1.411187,0.287679,0.231050,-0.051402,0.004160,-0.000001
10490,97708.333443891,-6.113332,-1.795481,1.054012,-1.418470,0.284078,0.242619,-0.050529,0.005961,-0.001984
10491,97708.338357221,-6.106291,-1.796555,1.055116,-1.425242,0.278017,0.253762,-0.049662,0.007751,-0.003955
10492,97708.343301069,-6.099174,-1.797604,1.056281,-1.431635,0.269479,0.264917,-0.048789,0.009552,-0.005938
10493,97708.348244917,-6.092027,-1.798608,1.057500,-1.436704,0.259174,0.275827,-0.047916,0.011354,-0.007922
10494,97708.353188764,-6.084855,-1.799560,1.058773,-1.438794,0.248600,0.287239,-0.047043,0.013155,-0.009905
10495,97708.358102094,-6.077719,-1.800452,1.060092,-1.435954,0.238834,0.299683,-0.046175,0.014945,-0.011876
10496,97708.363045942,-6.070554,-1.801302,1.061481,-1.427263,0.229633,0.314016,-0.045302,0.016746,-0.013859
10497,97708.367989790,-6.063433,-1.802108,1.062941,-1.412666,0.220478,0.330202,-0.044429,0.018547,-0.015842
10498,97708.372933637,-6.056385,-1.802870,1.064481,-1.393023,0.211118,0.347415,-0.043556,0.020348,-0.017826
10499,97708.377877485,-6.049435,-1.803589,1.066107,-1.369231,0.201808,0.364381,-0.042683,0.022149,-0.019809
10500,97708.382790815,-6.042645,-1.804262,1.067808,-1.342907,0.193034,0.379318,-0.041591,0.023900,-0.020997
10501,97708.387765180,-6.035903,-1.804905,1.069606,-1.315018,0.184866,0.392891,-0.040485,0.025672,-0.022201
10502,97708.392678510,-6.029381,-1.805505,1.071450,-1.288229,0.177704,0.405818,-0.039392,0.027423,-0.023389
10503,97708.397622358,-6.022951,-1.806078,1.073371,-1.262805,0.171322,0.419462,-0.038293,0.029185,-0.024585
10504,97708.402566206,-6.016647,-1.806625,1.075360,-1.239174,0.165979,0.433801,-0.037194,0.030946,-0.025781
10505,97708.407479536,-6.010499,-1.807146,1.077410,-1.217419,0.162051,0.448090,-0.036102,0.032697,-0.026970
10506,97708.412423384,-6.004419,-1.807654,1.079544,-1.197200,0.159165,0.462194,-0.035002,0.034459,-0.028166
10507,97708.417367231,-5.998439,-1.808152,1.081749,-1.179037,0.157511,0.475434,-0.033903,0.036220,-0.029362
10508,97708.422311079,-5.992548,-1.808645,1.084021,-1.163433,0.157536,0.487017,-0.032804,0.037982,-0.030558
10509,97708.427224409,-5.986769,-1.809137,1.086336,-1.150741,0.158924,0.496784,-0.031712,0.039733,-0.031747
10510,97708.432168257,-5.981016,-1.809642,1.088716,-1.141458,0.160886,0.505089,-0.030613,0.041494,-0.032943
10511,97708.437112104,-5.975307,-1.810157,1.091137,-1.136051,0.163239,0.512163,-0.029513,0.043256,-0.034139
10512,97708.442055952,-5.969625,-1.810686,1.093594,-1.133682,0.165669,0.518252,-0.028414,0.045017,-0.035335
10513,97708.446999800,-5.963953,-1.811226,1.096081,-1.133330,0.168372,0.523222,-0.027315,0.046779,-0.036531
10514,97708.451943647,-5.958282,-1.811779,1.098594,-1.134021,0.171651,0.526835,-0.026216,0.048541,-0.037727
10515,97708.456887495,-5.952606,-1.812348,1.101124,-1.134572,0.174968,0.528561,-0.025117,0.050302,-0.038923
10516,97708.461800825,-5.946962,-1.812930,1.103647,-1.133949,0.178689,0.528609,-0.024024,0.052053,-0.040111
10517,97708.466744673,-5.941286,-1.813533,1.106186,-1.131029,0.182405,0.527846,-0.022925,0.053815,-0.041307
10518,97708.471688520,-5.935623,-1.814156,1.108722,-1.125353,0.185976,0.525917,-0.021826,0.055576,-0.042503
10519,97708.476662885,-5.929952,-1.814802,1.111265,-1.116672,0.189517,0.522500,-0.020720,0.057349,-0.043707
10520,97708.481576216,-5.924393,-1.815459,1.113760,-1.104943,0.192361,0.518151,-0.019628,0.059100,-0.044896
10521,97708.486489546,-5.918892,-1.816133,1.116235,-1.090375,0.194724,0.512667,-0.018535,0.060850,-0.046084
10522,97708.491463911,-5.913394,-1.816831,1.118715,-1.073376,0.197655,0.505857,-0.017429,0.062623,-0.047288
10523,97708.496377241,-5.908047,-1.817538,1.121133,-1.055028,0.201488,0.498046,-0.016337,0.064374,-0.048476
10524,97708.501321089,-5.902757,-1.818274,1.123528,-1.035533,0.205951,0.488853,-0.015238,0.066135,-0.049672
10525,97708.506264936,-5.897563,-1.819036,1.125880,-1.015522,0.210657,0.478223,-0.014138,0.067897,-0.050868
10526,97708.511208784,-5.892468,-1.819826,1.128181,-0.995244,0.215231,0.465982,-0.013039,0.069658,-0.052064
10527,97708.516152632,-5.887473,-1.820645,1.130423,-0.975035,0.219711,0.452181,-0.011940,0.071420,-0.053260
10528,97708.521065962,-5.882608,-1.821485,1.132585,-0.955783,0.224179,0.436663,-0.010848,0.073171,-0.054449
10529,97708.525979292,-5.877837,-1.822352,1.134673,-0.937073,0.228741,0.419147,-0.009755,0.074922,-0.055638
10530,97708.530953657,-5.873101,-1.823258,1.136701,-0.919117,0.233068,0.399134,-0.008649,0.076694,-0.056841
10531,97708.535928022,-5.868454,-1.824191,1.138631,-0.902465,0.237101,0.376789,-0.007543,0.078467,-0.058044
10532,97708.540871870,-5.863918,-1.825143,1.140441,-0.887125,0.240851,0.352308,-0.006444,0.080228,-0.059240
10533,97708.545815718,-5.859460,-1.826118,1.142131,-0.873222,0.244331,0.325983,-0.005345,0.081990,-0.060436
10534,97708.550729048,-5.855098,-1.827109,1.143682,-0.860388,0.247488,0.298032,-0.004253,0.083741,-0.061625
10535,97708.555672895,-5.850774,-1.828127,1.145106,-0.848493,0.250337,0.268567,-0.003153,0.085502,-0.062821
10536,97708.560616743,-5.846510,-1.829162,1.146386,-0.837933,0.252650,0.237755,-0.002054,0.087264,-0.064017
10537,97708.565560591,-5.842300,-1.830214,1.147514,-0.828363,0.254010,0.205556,-0.000955,0.089025,-0.065213
10538,97708.570473921,-5.838164,-1.831269,1.148477,-0.819877,0.254429,0.172455,0.000137,0.090776,-0.066402
10539,97708.575417768,-5.834048,-1.832338,1.149284,-0.812145,0.253972,0.138602,0.001236,0.092538,-0.067598
10540,97708.580361616,-5.829972,-1.833407,1.149924,-0.804797,0.252977,0.104417,0.002336,0.094299,-0.068794
10541,97708.585305464,-5.825935,-1.834476,1.150395,-0.797357,0.251479,0.070189,0.003435,0.096061,-0.069990
10542,97708.590218794,-5.821962,-1.835534,1.150696,-0.789955,0.249534,0.036491,0.004527,0.097812,-0.071178
10543,97708.595162641,-5.818004,-1.836594,1.150833,-0.782072,0.247049,0.002862,0.005626,0.099573,-0.072374
10544,97708.600106489,-5.814088,-1.837644,1.150804,-0.773068,0.243793,-0.030279,0.006726,0.101335,-0.073570
10545,97708.605050337,-5.810219,-1.838683,1.150611,-0.762956,0.239695,-0.063410,0.007825,0.103097,-0.074766
10546,97708.609994184,-5.806404,-1.839706,1.150255,-0.752513,0.234291,-0.096462,0.008924,0.104858,-0.075962
10547,97708.614938032,-5.802643,-1.840706,1.149737,-0.741588,0.228059,-0.130000,0.010023,0.106620,-0.077158
10548,97708.619881880,-5.798941,-1.841680,1.149053,-0.730604,0.221237,-0.164302,0.011122,0.108382,-0.078354
10549,97708.624795210,-5.795319,-1.842619,1.148205,-0.719341,0.214120,-0.199046,0.012215,0.110132,-0.079543
10550,97708.629739057,-5.791734,-1.843533,1.147180,-0.707884,0.206725,-0.234622,0.009957,0.110025,-0.079069
10551,97708.634682905,-5.788210,-1.844416,1.145980,-0.696519,0.199281,-0.269558,0.007698,0.109917,-0.078594
10552,97708.639626753,-5.784746,-1.845266,1.144608,-0.685183,0.192509,-0.302833,0.005440,0.109810,-0.078120
10553,97708.644570600,-5.781342,-1.846088,1.143071,-0.673777,0.186751,-0.333275,0.003182,0.109702,-0.077646
10554,97708.649514448,-5.777998,-1.846885,1.141385,-0.661881,0.182125,-0.359161,0.000924,0.109595,-0.077171
10555,97708.654427778,-5.774736,-1.847659,1.139583,-0.649467,0.178808,-0.378215,-0.001320,0.109488,-0.076700
10556,97708.659371626,-5.771517,-1.848426,1.137676,-0.636654,0.176504,-0.389239,-0.003579,0.109380,-0.076225
10557,97708.664315473,-5.768362,-1.849184,1.135715,-0.625707,0.174689,-0.390016,-0.005837,0.109273,-0.075751
10558,97708.669259321,-5.765262,-1.849936,1.133751,-0.617764,0.171892,-0.379713,-0.008095,0.109165,-0.075277
10559,97708.674172651,-5.762220,-1.850671,1.131850,-0.614631,0.166576,-0.359800,-0.010339,0.109058,-0.074805
10560,97708.679116499,-5.759174,-1.851383,1.130036,-0.619708,0.156971,-0.331773,-0.012597,0.108951,-0.074331
10561,97708.684060346,-5.756103,-1.852045,1.128360,-0.633205,0.142547,-0.300036,-0.014855,0.108843,-0.073856
10562,97708.689004194,-5.752967,-1.852631,1.126838,-0.652848,0.123362,-0.268481,-0.017114,0.108736,-0.073382
10563,97708.693948042,-5.749735,-1.853116,1.125470,-0.677377,0.100442,-0.239307,-0.019372,0.108628,-0.072908
10564,97708.698891889,-5.746385,-1.853480,1.124242,-0.705355,0.075440,-0.213776,-0.022361,0.107780,-0.071779
10565,97708.703805219,-5.742922,-1.853712,1.123145,-0.735504,0.049676,-0.191832,-0.025332,0.106937,-0.070657
10566,97708.708749067,-5.739293,-1.853811,1.122145,-0.767069,0.023457,-0.171800,-0.028322,0.106089,-0.069528
10567,97708.713692915,-5.735512,-1.853771,1.121240,-0.799571,-0.001066,-0.151444,-0.031312,0.105241,-0.068399
10568,97708.718636762,-5.731574,-1.853602,1.120432,-0.833735,-0.022662,-0.128492,-0.034301,0.104393,-0.067270
10569,97708.723580610,-5.727471,-1.853318,1.119733,-0.871040,-0.040798,-0.101530,-0.037291,0.103545,-0.066142
10570,97708.728524458,-5.723185,-1.852935,1.119164,-0.913465,-0.054041,-0.070273,-0.040281,0.102697,-0.065013
10571,97708.733468305,-5.718691,-1.852474,1.118746,-0.961869,-0.061401,-0.035635,-0.043270,0.101849,-0.063884
10572,97708.738412153,-5.713956,-1.851965,1.118495,-1.015281,-0.063757,-0.001055,-0.046260,0.101001,-0.062755
10573,97708.743356001,-5.708956,-1.851431,1.118410,-1.070958,-0.064572,0.029200,-0.049249,0.100153,-0.061626
10574,97708.748299848,-5.703679,-1.850878,1.118471,-1.124786,-0.066492,0.052541,-0.052239,0.099305,-0.060497
10575,97708.753213178,-5.698169,-1.850307,1.118642,-1.173551,-0.070471,0.067775,-0.055210,0.098462,-0.059375
10576,97708.758157026,-5.692384,-1.849700,1.118885,-1.216081,-0.076310,0.074589,-0.058200,0.097614,-0.058247
10577,97708.763100874,-5.686390,-1.849056,1.119159,-1.250888,-0.082979,0.072936,-0.061189,0.096766,-0.057118
10578,97708.768044721,-5.680225,-1.848370,1.119422,-1.277696,-0.088962,0.063228,-0.064179,0.095917,-0.055989
10579,97708.772988569,-5.673930,-1.847651,1.119634,-1.296548,-0.092285,0.046114,-0.067169,0.095069,-0.054860
10580,97708.777932417,-5.667543,-1.846911,1.119760,-1.307158,-0.091597,0.022981,-0.070158,0.094221,-0.053731
10581,97708.782845747,-5.661146,-1.846179,1.119771,-1.308717,-0.086085,-0.003650,-0.073129,0.093378,-0.052609
10582,97708.787759077,-5.654742,-1.845475,1.119651,-1.301617,-0.076064,-0.030496,-0.076101,0.092536,-0.051487
10583,97708.792702925,-5.648332,-1.844820,1.119399,-1.286661,-0.062094,-0.053206,-0.079090,0.091687,-0.050359
10584,97708.797646772,-5.641995,-1.844238,1.119037,-1.264294,-0.045254,-0.066249,-0.082080,0.090839,-0.049230
10585,97708.802590620,-5.635766,-1.843745,1.118612,-1.235479,-0.025923,-0.063993,-0.085069,0.089991,-0.048101
10586,97708.807503950,-5.629712,-1.843356,1.118205,-1.201866,-0.005594,-0.042328,-0.088041,0.089148,-0.046979
10587,97708.812447798,-5.623781,-1.843071,1.117906,-1.164837,0.013653,0.000972,-0.091030,0.088300,-0.045850
10588,97708.817391645,-5.618026,-1.842886,1.117825,-1.127469,0.030612,0.049031,-0.094020,0.087452,-0.044721
10589,97708.822304975,-5.612482,-1.842791,1.117985,-1.087411,0.042241,0.096211,-0.096991,0.086609,-0.043599
10590,97708.827248823,-5.607095,-1.842758,1.118382,-1.041550,0.043762,0.142701,-0.099981,0.085761,-0.042471
10591,97708.832192671,-5.601932,-1.842740,1.119013,-0.991707,0.033584,0.188603,-0.102970,0.084913,-0.041342
10592,97708.837136518,-5.597014,-1.842679,1.119873,-0.941124,0.014661,0.234251,-0.105960,0.084065,-0.040213
10593,97708.842080366,-5.592346,-1.842533,1.120962,-0.895915,-0.009964,0.273747,-0.108949,0.083217,-0.039084
10594,97708.847024214,-5.587904,-1.842273,1.122248,-0.862292,-0.037405,0.286957,-0.111939,0.082369,-0.037955
10595,97708.851968061,-5.583633,-1.841884,1.123600,-0.842704,-0.067241,0.275651,-0.114929,0.081521,-0.036826
10596,97708.856911909,-5.579466,-1.841352,1.124896,-0.834839,-0.097863,0.245385,-0.117918,0.080673,-0.035698
10597,97708.861825239,-5.575372,-1.840676,1.126034,-0.831696,-0.127089,0.198116,-0.120889,0.079830,-0.034576
10598,97708.866769087,-5.571278,-1.839856,1.126943,-0.827803,-0.154963,0.136039,-0.123879,0.078982,-0.033447
10599,97708.871712934,-5.567214,-1.838903,1.127545,-0.821617,-0.180639,0.066893,-0.126869,0.078134,-0.032318
10600,97708.876656782,-5.563191,-1.837829,1.127804,-0.812693,-0.204078,-0.001222,-0.130200,0.077059,-0.032219
10601,97708.881600630,-5.559222,-1.836645,1.127725,-0.800437,-0.224499,-0.061114,-0.133794,0.076427,-0.031872
10602,97708.886544477,-5.555322,-1.835367,1.127350,-0.783952,-0.239157,-0.106882,-0.137387,0.075795,-0.031524
10603,97708.891457807,-5.551534,-1.834031,1.126753,-0.762160,-0.244432,-0.137960,-0.140958,0.075167,-0.031179
10604,97708.896401655,-5.547833,-1.832668,1.126000,-0.733287,-0.238502,-0.157269,-0.144552,0.074535,-0.030831
10605,97708.901345503,-5.544274,-1.831341,1.125154,-0.696734,-0.220361,-0.166516,-0.148145,0.073903,-0.030483
10606,97708.906289350,-5.540893,-1.830113,1.124265,-0.652692,-0.189767,-0.165751,-0.151739,0.073272,-0.030136
10607,97708.911233198,-5.537723,-1.829045,1.123386,-0.603350,-0.146506,-0.154005,-0.155332,0.072640,-0.029788
10608,97708.916177046,-5.534786,-1.828200,1.122571,-0.552484,-0.091228,-0.133274,-0.158925,0.072008,-0.029441
10609,97708.921120893,-5.532087,-1.827639,1.121866,-0.504595,-0.027533,-0.107821,-0.162519,0.071376,-0.029093
10610,97708.926034223,-5.529624,-1.827402,1.121298,-0.464599,0.039549,-0.082175,-0.166090,0.070748,-0.028748
10611,97708.930978071,-5.527327,-1.827502,1.120859,-0.436952,0.104906,-0.060045,-0.169684,0.070116,-0.028400
10612,97708.935921919,-5.525151,-1.827929,1.120536,-0.425307,0.161403,-0.044138,-0.173277,0.069484,-0.028053
10613,97708.940865766,-5.523018,-1.828637,1.120296,-0.429586,0.204450,-0.035562,-0.176871,0.068852,-0.027705
10614,97708.945809614,-5.520855,-1.829556,1.120101,-0.446493,0.233457,-0.033848,-0.180464,0.068221,-0.027357
10615,97708.950722944,-5.518616,-1.830608,1.119915,-0.468714,0.249714,-0.037132,-0.184035,0.067593,-0.027012
10616,97708.955636274,-5.516264,-1.831735,1.119713,-0.490976,0.254179,-0.043707,-0.187607,0.066965,-0.026666
10617,97708.960549604,-5.513802,-1.832880,1.119477,-0.508442,0.247971,-0.051649,-0.191178,0.066337,-0.026321
10618,97708.965493452,-5.511241,-1.833998,1.119199,-0.518266,0.233584,-0.059121,-0.194771,0.065705,-0.025973
10619,97708.970437300,-5.508635,-1.835043,1.118882,-0.520621,0.213879,-0.065506,-0.198365,0.065073,-0.025626
10620,97708.975381147,-5.506022,-1.835990,1.118532,-0.517021,0.191560,-0.070363,-0.201958,0.064441,-0.025278
10621,97708.980324995,-5.503432,-1.836829,1.118158,-0.509191,0.169196,-0.073772,-0.205552,0.063809,-0.024931
10622,97708.985268843,-5.500886,-1.837559,1.117765,-0.499347,0.147876,-0.076784,-0.209145,0.063178,-0.024583
10623,97708.990182173,-5.498409,-1.838182,1.117360,-0.489429,0.129310,-0.080118,-0.212716,0.062550,-0.024238
10624,97708.995126020,-5.495969,-1.838720,1.116935,-0.480152,0.114104,-0.084180,-0.216310,0.061918,-0.023890
10625,97709.000069868,-5.493579,-1.839185,1.116490,-0.472043,0.102675,-0.088303,-0.219903,0.061286,-0.023542
10626,97709.005013716,-5.491232,-1.839596,1.116025,-0.465124,0.094475,-0.092289,-0.223497,0.060654,-0.023195
10627,97709.009957563,-5.488921,-1.839967,1.115540,-0.458675,0.088508,-0.095772,-0.227090,0.060022,-0.022847
10628,97709.014901411,-5.486644,-1.840311,1.115038,-0.452659,0.083960,-0.098623,-0.230684,0.059390,-0.022500
10629,97709.019845259,-5.484397,-1.840634,1.114521,-0.446738,0.080375,-0.101148,-0.234277,0.058759,-0.022152
10630,97709.024789106,-5.482181,-1.840941,1.113993,-0.440788,0.077134,-0.103882,-0.237870,0.058127,-0.021805
10631,97709.029732954,-5.479994,-1.841233,1.113451,-0.435526,0.073804,-0.107070,-0.241464,0.057495,-0.021457
10632,97709.034646284,-5.477848,-1.841508,1.112898,-0.431120,0.070731,-0.110550,-0.245035,0.056867,-0.021112
10633,97709.039590132,-5.475712,-1.841771,1.112323,-0.427912,0.067638,-0.114260,-0.248629,0.056235,-0.020764
10634,97709.044533979,-5.473592,-1.842020,1.111731,-0.425771,0.063710,-0.118645,-0.252222,0.055603,-0.020416
10635,97709.049447309,-5.471497,-1.842248,1.111120,-0.425033,0.058999,-0.123969,-0.255793,0.054975,-0.020071
10636,97709.054391157,-5.469394,-1.842455,1.110480,-0.425093,0.053565,-0.129376,-0.259387,0.054343,-0.019723
10637,97709.059335005,-5.467292,-1.842636,1.109812,-0.425663,0.047325,-0.134196,-0.262980,0.053712,-0.019376
10638,97709.064278852,-5.465190,-1.842786,1.109120,-0.426220,0.039679,-0.138483,-0.266574,0.053080,-0.019028
10639,97709.069192182,-5.463099,-1.842898,1.108410,-0.425911,0.031420,-0.142038,-0.270145,0.052452,-0.018683
10640,97709.074136030,-5.460999,-1.842970,1.107678,-0.424556,0.024128,-0.145170,-0.273738,0.051820,-0.018335
10641,97709.079079878,-5.458907,-1.843006,1.106931,-0.422683,0.018755,-0.147916,-0.277332,0.051188,-0.017988
10642,97709.084023725,-5.456826,-1.843017,1.106169,-0.420902,0.015523,-0.150334,-0.280925,0.050556,-0.017640
10643,97709.088967573,-5.454755,-1.843012,1.105396,-0.419790,0.014630,-0.152777,-0.284519,0.049924,-0.017292
10644,97709.093880903,-5.452703,-1.843003,1.104615,-0.420047,0.015993,-0.155235,-0.288090,0.049296,-0.016947
10645,97709.098824751,-5.450636,-1.843001,1.103817,-0.421883,0.019267,-0.157801,-0.291683,0.048665,-0.016599
10646,97709.103768598,-5.448559,-1.843015,1.103007,-0.425270,0.024332,-0.160751,-0.295277,0.048033,-0.016252
10647,97709.108712446,-5.446465,-1.843053,1.102182,-0.429675,0.030474,-0.163978,-0.298870,0.047401,-0.015904
10648,97709.113656294,-5.444349,-1.843121,1.101342,-0.434736,0.037361,-0.166982,-0.302464,0.046769,-0.015557
10649,97709.118600141,-5.442205,-1.843222,1.100486,-0.439862,0.044346,-0.169849,-0.306057,0.046137,-0.015209
10650,97709.123543989,-5.440036,-1.843356,1.099617,-0.444876,0.050888,-0.172823,-0.305601,0.045128,-0.016191
10651,97709.128457319,-5.437854,-1.843521,1.098738,-0.449906,0.056426,-0.176004,-0.305148,0.044124,-0.017168
10652,97709.133401167,-5.435632,-1.843714,1.097838,-0.455218,0.060140,-0.179205,-0.304692,0.043114,-0.018150
10653,97709.138345014,-5.433384,-1.843923,1.096922,-0.461289,0.062007,-0.182474,-0.304236,0.042105,-0.019133
10654,97709.143288862,-5.431105,-1.844141,1.095989,-0.468282,0.062743,-0.185617,-0.303780,0.041095,-0.020115
10655,97709.153146040,-5.426494,-1.844580,1.094098,-0.484429,0.063086,-0.190963,-0.302871,0.039082,-0.022074
10656,97709.158089887,-5.424101,-1.844799,1.093122,-0.493805,0.062646,-0.192017,-0.302415,0.038072,-0.023056
10657,97709.163064253,-5.421648,-1.845015,1.092134,-0.503520,0.062434,-0.192057,-0.301957,0.037056,-0.024045
10658,97709.167977583,-5.419176,-1.845225,1.091157,-0.513288,0.062702,-0.190858,-0.301503,0.036053,-0.025021
10659,97709.172890913,-5.416657,-1.845435,1.090185,-0.523523,0.063874,-0.188528,-0.301050,0.035050,-0.025998
10660,97709.177834760,-5.414071,-1.845649,1.089218,-0.534181,0.065753,-0.185259,-0.300594,0.034040,-0.026980
10661,97709.182778608,-5.411432,-1.845869,1.088267,-0.545282,0.067559,-0.181452,-0.300138,0.033030,-0.027962
10662,97709.187722456,-5.408738,-1.846096,1.087333,-0.556923,0.069168,-0.177749,-0.299682,0.032021,-0.028945
10663,97709.192666303,-5.405985,-1.846329,1.086417,-0.568785,0.070224,-0.175347,-0.299227,0.031011,-0.029927
10664,97709.197579634,-5.403191,-1.846562,1.085518,-0.580558,0.070338,-0.175007,-0.298773,0.030007,-0.030904
10665,97709.202523481,-5.400321,-1.846795,1.084614,-0.592239,0.069085,-0.176478,-0.298317,0.028998,-0.031886
10666,97709.207467329,-5.397394,-1.847019,1.083702,-0.604240,0.066976,-0.178393,-0.297862,0.027988,-0.032869
10667,97709.212411177,-5.394408,-1.847230,1.082779,-0.616950,0.064450,-0.179150,-0.297406,0.026978,-0.033851
10668,97709.217355024,-5.391360,-1.847426,1.081852,-0.629993,0.061695,-0.177856,-0.296950,0.025969,-0.034833
10669,97709.222329389,-5.388229,-1.847607,1.080924,-0.643708,0.058956,-0.174291,-0.296491,0.024953,-0.035822
10670,97709.227273237,-5.385049,-1.847770,1.080018,-0.658239,0.057117,-0.169020,-0.296035,0.023943,-0.036804
10671,97709.232217085,-5.381798,-1.847920,1.079137,-0.674070,0.056645,-0.163289,-0.295579,0.022934,-0.037787
10672,97709.237130415,-5.378489,-1.848063,1.078288,-0.691500,0.057766,-0.158302,-0.295126,0.021930,-0.038763
10673,97709.242074262,-5.375073,-1.848209,1.077458,-0.710716,0.060658,-0.154138,-0.294670,0.020920,-0.039746
10674,97709.247018110,-5.371561,-1.848364,1.076647,-0.731546,0.065035,-0.150130,-0.294214,0.019911,-0.040728
10675,97709.251931440,-5.367967,-1.848536,1.075859,-0.752824,0.071129,-0.145587,-0.293761,0.018907,-0.041704
10676,97709.256875288,-5.364244,-1.848733,1.075088,-0.773717,0.078927,-0.140311,-0.293305,0.017898,-0.042687
10677,97709.261788618,-5.360440,-1.848963,1.074346,-0.793687,0.087909,-0.134127,-0.292852,0.016894,-0.043663
10678,97709.266732466,-5.356511,-1.849234,1.073629,-0.812598,0.097319,-0.127256,-0.292396,0.015885,-0.044646
10679,97709.271676313,-5.352486,-1.849547,1.072946,-0.831029,0.106380,-0.120057,-0.291940,0.014875,-0.045628
10680,97709.276620161,-5.348367,-1.849900,1.072297,-0.849350,0.114535,-0.112739,-0.291484,0.013865,-0.046611
10681,97709.281533491,-5.344182,-1.850286,1.071687,-0.867355,0.121312,-0.105451,-0.291031,0.012862,-0.047587
10682,97709.286477339,-5.339879,-1.850704,1.071109,-0.885313,0.126483,-0.098435,-0.290575,0.011852,-0.048569
10683,97709.291421186,-5.335487,-1.851144,1.070564,-0.902948,0.130181,-0.091727,-0.290119,0.010843,-0.049552
10684,97709.296365034,-5.331006,-1.851597,1.070051,-0.920279,0.132207,-0.085163,-0.289663,0.009833,-0.050534
10685,97709.301308882,-5.326438,-1.852056,1.069570,-0.937669,0.132648,-0.078551,-0.289207,0.008823,-0.051517
10686,97709.306222212,-5.321813,-1.852510,1.069122,-0.955499,0.131943,-0.071527,-0.288754,0.007820,-0.052493
10687,97709.311166059,-5.317071,-1.852960,1.068706,-0.974576,0.130052,-0.063052,-0.288298,0.006810,-0.053476
10688,97709.316079389,-5.312264,-1.853392,1.068332,-0.994911,0.127318,-0.052712,-0.287845,0.005807,-0.054452
10689,97709.321053755,-5.307296,-1.853812,1.068003,-1.016429,0.124149,-0.041000,-0.287386,0.004791,-0.055440
10690,97709.325997602,-5.302252,-1.854207,1.067732,-1.038681,0.121055,-0.029046,-0.286930,0.003781,-0.056423
10691,97709.330971968,-5.297067,-1.854585,1.067517,-1.062398,0.118119,-0.016836,-0.286471,0.002765,-0.057411
10692,97709.335915815,-5.291796,-1.854939,1.067362,-1.087816,0.115373,-0.004809,-0.286015,0.001756,-0.058394
10693,97709.340829145,-5.286432,-1.855272,1.067265,-1.114878,0.113087,0.006951,-0.285562,0.000752,-0.059370
10694,97709.345772993,-5.280901,-1.855589,1.067223,-1.143957,0.111609,0.018698,-0.285106,-0.000258,-0.060353
10695,97709.350716841,-5.275226,-1.855891,1.067237,-1.174454,0.111496,0.030454,-0.284650,-0.001267,-0.061335
10696,97709.355630171,-5.269435,-1.856184,1.067306,-1.205054,0.113378,0.042722,-0.284197,-0.002271,-0.062311
10697,97709.360574018,-5.263456,-1.856480,1.067435,-1.235402,0.117371,0.056916,-0.283741,-0.003280,-0.063294
10698,97709.365517866,-5.257326,-1.856789,1.067631,-1.264467,0.123950,0.072208,-0.283285,-0.004290,-0.064276
10699,97709.370461714,-5.251049,-1.857123,1.067902,-1.291246,0.133133,0.087523,-0.282830,-0.005300,-0.065259
10700,97709.375405561,-5.244637,-1.857495,1.068246,-1.314905,0.144016,0.102173,-0.280744,-0.003999,-0.065435
10701,97709.380349409,-5.238105,-1.857916,1.068662,-1.335474,0.154989,0.116962,-0.278659,-0.002699,-0.065610
10702,97709.385293257,-5.231467,-1.858385,1.069150,-1.351678,0.164718,0.133189,-0.276574,-0.001399,-0.065786
10703,97709.390206587,-5.224788,-1.858894,1.069714,-1.364293,0.172753,0.151182,-0.273526,0.000063,-0.067188
10704,97709.395150434,-5.218002,-1.859442,1.070371,-1.374892,0.178678,0.168820,-0.270459,0.001534,-0.068598
10705,97709.400094282,-5.211161,-1.860017,1.071114,-1.384194,0.182716,0.184328,-0.267392,0.003006,-0.070009
10706,97709.405038130,-5.204272,-1.860608,1.071933,-1.391612,0.185124,0.198148,-0.264325,0.004477,-0.071419
10707,97709.409951460,-5.197388,-1.861205,1.072814,-1.397012,0.186044,0.210775,-0.261277,0.005939,-0.072821
10708,97709.414895307,-5.190433,-1.861808,1.073763,-1.401575,0.185066,0.223270,-0.258210,0.007410,-0.074231
10709,97709.419808637,-5.183499,-1.862401,1.074768,-1.405552,0.181341,0.236143,-0.255161,0.008872,-0.075633
10710,97709.424783003,-5.176458,-1.862981,1.075848,-1.408450,0.175643,0.249381,-0.252075,0.010352,-0.077052
10711,97709.429696333,-5.169489,-1.863524,1.076979,-1.408342,0.169874,0.262852,-0.249027,0.011814,-0.078453
10712,97709.434609663,-5.162521,-1.864039,1.078177,-1.403638,0.165160,0.277828,-0.245979,0.013276,-0.079855
10713,97709.439553510,-5.155534,-1.864533,1.079455,-1.393759,0.161482,0.294707,-0.242912,0.014747,-0.081265
10714,97709.444497358,-5.148594,-1.865010,1.080818,-1.379038,0.158303,0.312391,-0.239845,0.016219,-0.082676
10715,97709.449441206,-5.141727,-1.865474,1.082269,-1.359825,0.155277,0.330317,-0.236778,0.017690,-0.084086
10716,97709.459328901,-5.128181,-1.866378,1.085351,-1.314514,0.149353,0.365055,-0.230643,0.020632,-0.086907
10717,97709.464242231,-5.121671,-1.866805,1.087056,-1.288614,0.147285,0.378248,-0.227595,0.022094,-0.088308
10718,97709.469186079,-5.115248,-1.867230,1.088839,-1.263418,0.145783,0.391018,-0.224528,0.023565,-0.089719
10719,97709.474129927,-5.108949,-1.867652,1.090686,-1.239831,0.144344,0.404703,-0.221461,0.025036,-0.091129
10720,97709.479073774,-5.102766,-1.868071,1.092603,-1.217916,0.143279,0.419415,-0.218394,0.026508,-0.092540
10721,97709.484017622,-5.096690,-1.868488,1.094594,-1.197173,0.143357,0.434626,-0.215327,0.027979,-0.093950
10722,97709.488930952,-5.090752,-1.868907,1.096650,-1.177120,0.144901,0.449150,-0.212279,0.029441,-0.095352
10723,97709.493874800,-5.084875,-1.869340,1.098791,-1.157499,0.147888,0.462205,-0.209212,0.030912,-0.096762
10724,97709.498818647,-5.079094,-1.869790,1.100998,-1.139153,0.151976,0.473299,-0.206144,0.032383,-0.098172
10725,97709.503762495,-5.073401,-1.870265,1.103262,-1.122782,0.156542,0.482191,-0.203077,0.033854,-0.099583
10726,97709.508706343,-5.067787,-1.870764,1.105571,-1.109003,0.161476,0.488954,-0.200010,0.035325,-0.100993
10727,97709.513650190,-5.062240,-1.871291,1.107916,-1.098892,0.166367,0.493868,-0.196943,0.036797,-0.102403
10728,97709.518594038,-5.056742,-1.871844,1.110285,-1.092603,0.170308,0.497234,-0.193876,0.038268,-0.103814
10729,97709.523537885,-5.051273,-1.872417,1.112672,-1.089849,0.173027,0.499532,-0.190809,0.039739,-0.105224
10730,97709.528451216,-5.045851,-1.873000,1.115055,-1.089580,0.175041,0.501308,-0.187761,0.041201,-0.106626
10731,97709.533395063,-5.040397,-1.873598,1.117463,-1.090868,0.177011,0.502077,-0.184694,0.042672,-0.108036
10732,97709.538338911,-5.034935,-1.874204,1.119874,-1.092770,0.179118,0.500955,-0.181626,0.044143,-0.109446
10733,97709.543282759,-5.029463,-1.874821,1.122280,-1.093113,0.180973,0.499032,-0.178559,0.045614,-0.110857
10734,97709.548196089,-5.024024,-1.875442,1.124661,-1.091058,0.182842,0.495999,-0.175511,0.047076,-0.112259
10735,97709.553139936,-5.018560,-1.876078,1.127043,-1.086265,0.185484,0.491385,-0.172444,0.048548,-0.113669
10736,97709.558083784,-5.013120,-1.876728,1.129402,-1.078751,0.188421,0.485973,-0.169377,0.050019,-0.115079
10737,97709.563027632,-5.007717,-1.877394,1.131735,-1.068428,0.192069,0.479777,-0.166310,0.051490,-0.116490
10738,97709.567940962,-5.002397,-1.878077,1.134024,-1.055679,0.196846,0.472679,-0.163262,0.052952,-0.117891
10739,97709.572884809,-4.997107,-1.878791,1.136294,-1.040796,0.203462,0.464648,-0.160195,0.054423,-0.119302
10740,97709.577828657,-4.991889,-1.879541,1.138526,-1.024809,0.211749,0.455649,-0.157127,0.055894,-0.120712
10741,97709.582772505,-4.986750,-1.880337,1.140714,-1.007885,0.220828,0.445774,-0.154060,0.057365,-0.122122
10742,97709.587716352,-4.981692,-1.881181,1.142856,-0.990135,0.229887,0.434951,-0.150993,0.058836,-0.123533
10743,97709.592660200,-4.976721,-1.882075,1.144946,-0.971911,0.238892,0.423026,-0.147926,0.060308,-0.124943
10744,97709.597573530,-4.971869,-1.883012,1.146967,-0.953993,0.247929,0.409997,-0.144878,0.061770,-0.126345
10745,97709.602517378,-4.967075,-1.884004,1.148937,-0.935882,0.256786,0.395707,-0.141811,0.063241,-0.127755
10746,97709.607461225,-4.962369,-1.885044,1.150839,-0.917889,0.265277,0.379674,-0.138744,0.064712,-0.129165
10747,97709.612405073,-4.957751,-1.886132,1.152663,-0.900382,0.273205,0.362075,-0.135677,0.066183,-0.130576
10748,97709.617318403,-4.953247,-1.887257,1.154392,-0.883682,0.280422,0.342758,-0.132628,0.067645,-0.131977
10749,97709.622292768,-4.948770,-1.888436,1.156047,-0.867715,0.286957,0.321388,-0.129542,0.069125,-0.133397
10750,97709.627206098,-4.944426,-1.889638,1.157579,-0.852946,0.292315,0.298520,-0.128613,0.070130,-0.135525
10751,97709.632119428,-4.940155,-1.890870,1.159000,-0.838900,0.296583,0.273829,-0.127684,0.071135,-0.137653
10752,97709.637063276,-4.935928,-1.892136,1.160309,-0.825561,0.299881,0.247145,-0.126749,0.072146,-0.139794
10753,97709.642007124,-4.931769,-1.893423,1.161487,-0.813395,0.301967,0.219001,-0.125814,0.073157,-0.141935
10754,97709.646950971,-4.927670,-1.894724,1.162527,-0.801814,0.302632,0.189515,-0.124879,0.074168,-0.144076
10755,97709.651894819,-4.923631,-1.896033,1.163422,-0.791191,0.301935,0.158898,-0.123944,0.075179,-0.146218
10756,97709.656838667,-4.919647,-1.897343,1.164167,-0.781459,0.300275,0.127647,-0.123009,0.076190,-0.148359
10757,97709.661782514,-4.915713,-1.898649,1.164758,-0.772530,0.297581,0.096027,-0.122074,0.077201,-0.150500
10758,97709.666726362,-4.911826,-1.899946,1.165193,-0.763988,0.294115,0.064550,-0.121139,0.078212,-0.152642
10759,97709.671639692,-4.908008,-1.901221,1.165471,-0.755439,0.289677,0.033646,-0.120209,0.079216,-0.154770
10760,97709.676583540,-4.904212,-1.902486,1.165598,-0.746688,0.284101,0.002932,-0.119274,0.080227,-0.156911
10761,97709.681527387,-4.900463,-1.903727,1.165574,-0.737168,0.277218,-0.027678,-0.118339,0.081238,-0.159052
10762,97709.686471235,-4.896764,-1.904938,1.165399,-0.726511,0.269012,-0.058235,-0.117404,0.082249,-0.161193
10763,97709.691415083,-4.893122,-1.906113,1.165073,-0.715170,0.259870,-0.088854,-0.116469,0.083260,-0.163335
10764,97709.696328413,-4.889562,-1.907241,1.164600,-0.703529,0.249810,-0.119238,-0.115540,0.084265,-0.165463
10765,97709.701272260,-4.886042,-1.908330,1.163973,-0.691255,0.239069,-0.149878,-0.114605,0.085276,-0.167604
10766,97709.706216108,-4.882587,-1.909370,1.163195,-0.678525,0.228196,-0.180388,-0.113670,0.086287,-0.169745
10767,97709.711159956,-4.879199,-1.910362,1.162266,-0.665623,0.217274,-0.210607,-0.112735,0.087298,-0.171887
10768,97709.716103803,-4.875880,-1.911304,1.161189,-0.652710,0.206716,-0.239678,-0.111800,0.088309,-0.174028
10769,97709.721047651,-4.872629,-1.912199,1.159968,-0.640312,0.197218,-0.266395,-0.110865,0.089320,-0.176169
10770,97709.725960981,-4.869462,-1.913046,1.158624,-0.628209,0.188761,-0.289640,-0.109936,0.090325,-0.178297
10771,97709.730904829,-4.866340,-1.913860,1.157157,-0.615773,0.181367,-0.309131,-0.109001,0.091335,-0.180438
10772,97709.735848677,-4.863281,-1.914642,1.155594,-0.602491,0.174807,-0.323162,-0.108066,0.092346,-0.182580
10773,97709.740792524,-4.860291,-1.915396,1.153962,-0.588029,0.168853,-0.330611,-0.107130,0.093357,-0.184721
10774,97709.745736372,-4.857374,-1.916123,1.152294,-0.573122,0.164090,-0.330767,-0.106195,0.094368,-0.186862
10775,97709.750680219,-4.854532,-1.916830,1.150627,-0.561186,0.159661,-0.322735,-0.105260,0.095379,-0.189004
10776,97709.755593550,-4.851766,-1.917513,1.149009,-0.554596,0.153402,-0.307283,-0.104331,0.096384,-0.191132
10777,97709.760537397,-4.849016,-1.918170,1.147458,-0.553660,0.144742,-0.286273,-0.103396,0.097395,-0.193273
10778,97709.765481245,-4.846270,-1.918783,1.146011,-0.559148,0.132341,-0.263204,-0.102461,0.098406,-0.195414
10779,97709.770425093,-4.843499,-1.919333,1.144676,-0.569994,0.115961,-0.241429,-0.101526,0.099417,-0.197555
10780,97709.775368940,-4.840676,-1.919797,1.143447,-0.584862,0.096275,-0.221428,-0.100591,0.100428,-0.199697
10781,97709.780312788,-4.837783,-1.920160,1.142315,-0.604087,0.074023,-0.205034,-0.099656,0.101439,-0.201838
10782,97709.785256635,-4.834798,-1.920408,1.141261,-0.627056,0.049680,-0.192591,-0.098721,0.102450,-0.203979
10783,97709.790169966,-4.831723,-1.920529,1.140272,-0.652851,0.024031,-0.182918,-0.097792,0.103455,-0.206107
10784,97709.795113813,-4.828507,-1.920518,1.139320,-0.681830,-0.002052,-0.173576,-0.096857,0.104466,-0.208249
10785,97709.800057661,-4.825153,-1.920371,1.138412,-0.713852,-0.026541,-0.162452,-0.095922,0.105477,-0.210390
10786,97709.804970991,-4.821666,-1.920097,1.137559,-0.748477,-0.047390,-0.147989,-0.094992,0.106481,-0.212518
10787,97709.809914839,-4.817991,-1.919711,1.136769,-0.786416,-0.063435,-0.128192,-0.094057,0.107492,-0.214659
10788,97709.814889204,-4.814106,-1.919232,1.136069,-0.828694,-0.073494,-0.101766,-0.093117,0.108509,-0.216814
10789,97709.819833052,-4.810037,-1.918696,1.135500,-0.875911,-0.076567,-0.069811,-0.092182,0.109520,-0.218955
10790,97709.824746382,-4.805760,-1.918137,1.135088,-0.927724,-0.073310,-0.034451,-0.091252,0.110525,-0.221083
10791,97709.829690229,-4.801196,-1.917576,1.134844,-0.982635,-0.066398,0.000947,-0.090317,0.111536,-0.223224
10792,97709.834634077,-4.796358,-1.917035,1.134772,-1.036364,-0.059632,0.031623,-0.089382,0.112547,-0.225366
10793,97709.839577925,-4.791251,-1.916515,1.134848,-1.084574,-0.055178,0.054765,-0.088447,0.113558,-0.227507
10794,97709.844521772,-4.785902,-1.916004,1.135034,-1.126173,-0.053339,0.069498,-0.087512,0.114569,-0.229648
10795,97709.849465620,-4.780347,-1.915492,1.135291,-1.161213,-0.053859,0.076228,-0.086577,0.115580,-0.231789
10796,97709.854409468,-4.774619,-1.914970,1.135578,-1.189179,-0.055639,0.075470,-0.085642,0.116591,-0.233931
10797,97709.859322798,-4.768789,-1.914437,1.135858,-1.208354,-0.057626,0.067732,-0.084713,0.117596,-0.236059
10798,97709.864266645,-4.762829,-1.913886,1.136099,-1.218582,-0.058251,0.052764,-0.083778,0.118607,-0.238200
10799,97709.869210493,-4.756820,-1.913331,1.136266,-1.219931,-0.056524,0.031010,-0.082843,0.119618,-0.240341
10800,97709.874154341,-4.750805,-1.912786,1.136325,-1.212721,-0.051534,0.004014,-0.083697,0.119506,-0.242235
10801,97709.879098188,-4.744827,-1.912269,1.136252,-1.198332,-0.042919,-0.025034,-0.084551,0.119394,-0.244129
10802,97709.884011518,-4.738957,-1.911802,1.136038,-1.180111,-0.031165,-0.051404,-0.085400,0.119283,-0.246012
10803,97709.888955366,-4.733139,-1.911396,1.135694,-1.160645,-0.016864,-0.070686,-0.086254,0.119171,-0.247906
10804,97709.893899214,-4.727416,-1.911066,1.135257,-1.141481,0.000064,-0.078658,-0.087108,0.119059,-0.249800
10805,97709.898843061,-4.721784,-1.910824,1.134784,-1.122261,0.018447,-0.072049,-0.087962,0.118947,-0.251694
10806,97709.903786909,-4.716243,-1.910677,1.134345,-1.102305,0.037176,-0.047772,-0.088816,0.118835,-0.253588
10807,97709.908730757,-4.710795,-1.910625,1.134029,-1.081489,0.054700,-0.003708,-0.089670,0.118723,-0.255482
10808,97709.913674604,-4.705442,-1.910662,1.133934,-1.060488,0.069652,0.046965,-0.090524,0.118612,-0.257376
10809,97709.918618452,-4.700186,-1.910773,1.134091,-1.037072,0.078304,0.096776,-0.091378,0.118500,-0.259270
10810,97709.923562300,-4.695041,-1.910929,1.134497,-1.008021,0.075788,0.144975,-0.092233,0.118388,-0.261164
10811,97709.928445112,-4.690097,-1.911074,1.135135,-0.973557,0.058662,0.191307,-0.093076,0.118277,-0.263034
10812,97709.933388960,-4.685263,-1.911141,1.136012,-0.934277,0.027364,0.237187,-0.093930,0.118165,-0.264928
10813,97709.938332807,-4.680626,-1.911059,1.137117,-0.895009,-0.014268,0.275873,-0.094784,0.118054,-0.266822
10814,97709.943246137,-4.676217,-1.910780,1.138405,-0.862992,-0.061439,0.286276,-0.095633,0.117942,-0.268705
10815,97709.948189985,-4.671948,-1.910271,1.139752,-0.841976,-0.110337,0.270366,-0.096487,0.117831,-0.270599
10816,97709.953133833,-4.667794,-1.909527,1.141019,-0.831189,-0.156381,0.235405,-0.097341,0.117719,-0.272493
10817,97709.958077680,-4.663706,-1.908560,1.142112,-0.826312,-0.197836,0.185321,-0.098195,0.117607,-0.274387
10818,97709.962991010,-4.659680,-1.907400,1.142949,-0.822282,-0.232851,0.125505,-0.099044,0.117496,-0.276269
10819,97709.967934858,-4.655661,-1.906064,1.143495,-0.815020,-0.260725,0.064529,-0.099898,0.117384,-0.278163
10820,97709.972878706,-4.651688,-1.904596,1.143737,-0.803606,-0.281151,0.011168,-0.100752,0.117272,-0.280057
10821,97709.977822553,-4.647780,-1.903033,1.143716,-0.787442,-0.294699,-0.029874,-0.101606,0.117160,-0.281951
10822,97709.982766401,-4.643957,-1.901409,1.143492,-0.765641,-0.300616,-0.057406,-0.102460,0.117048,-0.283845
10823,97709.987679731,-4.640268,-1.899772,1.143136,-0.737303,-0.297095,-0.074493,-0.103309,0.116937,-0.285727
10824,97709.992623579,-4.636697,-1.898150,1.142695,-0.702649,-0.282176,-0.084225,-0.104163,0.116825,-0.287621
10825,97709.997567427,-4.633294,-1.896610,1.142210,-0.663805,-0.255103,-0.087436,-0.105017,0.116713,-0.289515
10826,97710.002511274,-4.630078,-1.895212,1.141713,-0.623263,-0.215993,-0.083689,-0.105872,0.116602,-0.291409
10827,97710.007455122,-4.627053,-1.894015,1.141240,-0.584475,-0.165415,-0.072366,-0.106726,0.116490,-0.293303
10828,97710.012398969,-4.624207,-1.893076,1.140829,-0.550964,-0.106360,-0.055630,-0.107580,0.116378,-0.295197
10829,97710.017312300,-4.621530,-1.892439,1.140508,-0.526289,-0.044605,-0.036615,-0.108429,0.116267,-0.297080
10830,97710.022256147,-4.618943,-1.892107,1.140286,-0.511982,0.014949,-0.018810,-0.109283,0.116155,-0.298974
10831,97710.027199995,-4.616413,-1.892072,1.140155,-0.507730,0.065664,-0.005698,-0.110137,0.116043,-0.300868
10832,97710.032143843,-4.613892,-1.892286,1.140093,-0.511583,0.103546,0.000974,-0.110991,0.115931,-0.302762
10833,97710.037087690,-4.611343,-1.892687,1.140066,-0.520449,0.128522,0.002004,-0.111845,0.115819,-0.304656
10834,97710.042031538,-4.608744,-1.893209,1.140045,-0.530756,0.141997,-0.000448,-0.112699,0.115707,-0.306550
10835,97710.046944868,-4.606109,-1.893792,1.140012,-0.539531,0.145603,-0.004609,-0.113548,0.115596,-0.308432
10836,97710.051888716,-4.603413,-1.894394,1.139958,-0.544452,0.141148,-0.008685,-0.114402,0.115484,-0.310326
10837,97710.056832563,-4.600694,-1.894974,1.139883,-0.544317,0.130491,-0.012012,-0.115256,0.115372,-0.312220
10838,97710.061776411,-4.597978,-1.895502,1.139791,-0.539972,0.115407,-0.014235,-0.116110,0.115261,-0.314114
10839,97710.066689741,-4.595304,-1.895953,1.139688,-0.533183,0.097839,-0.015485,-0.116959,0.115149,-0.315996
10840,97710.071633589,-4.592651,-1.896322,1.139578,-0.526046,0.079422,-0.016138,-0.117813,0.115038,-0.317890
10841,97710.076577436,-4.590037,-1.896601,1.139464,-0.520289,0.061783,-0.017196,-0.118667,0.114926,-0.319784
10842,97710.081521284,-4.587455,-1.896795,1.139344,-0.516640,0.045468,-0.020093,-0.120040,0.113895,-0.319705
10843,97710.086465132,-4.584895,-1.896909,1.139209,-0.514477,0.030631,-0.024467,-0.121414,0.112864,-0.319626
10844,97710.091408979,-4.582350,-1.896950,1.139051,-0.513458,0.018221,-0.029659,-0.122787,0.111833,-0.319546
10845,97710.096322309,-4.579828,-1.896931,1.138869,-0.512598,0.008556,-0.034595,-0.124152,0.110809,-0.319467
10846,97710.101266157,-4.577297,-1.896864,1.138660,-0.511392,0.001293,-0.038778,-0.125525,0.109778,-0.319388
10847,97710.106210005,-4.574774,-1.896763,1.138431,-0.509317,-0.004236,-0.042182,-0.126899,0.108747,-0.319309
10848,97710.111153852,-4.572263,-1.896634,1.138184,-0.506218,-0.008713,-0.044915,-0.128272,0.107717,-0.319229
10849,97710.116067182,-4.569783,-1.896485,1.137926,-0.503231,-0.012529,-0.047489,-0.129637,0.106692,-0.319150
10850,97710.121011030,-4.567304,-1.896317,1.137653,-0.500473,-0.015883,-0.050444,-0.129805,0.104945,-0.317709
10851,97710.125954878,-4.564840,-1.896134,1.137365,-0.498597,-0.019016,-0.054485,-0.129973,0.103197,-0.316267
10852,97710.130898725,-4.562385,-1.895936,1.137058,-0.498260,-0.022202,-0.059339,-0.130140,0.101450,-0.314825
10853,97710.135842573,-4.559934,-1.895722,1.136726,-0.499285,-0.026786,-0.064406,-0.130308,0.099702,-0.313384
10854,97710.140786421,-4.557478,-1.895485,1.136369,-0.501048,-0.032806,-0.070033,-0.130476,0.097955,-0.311942
10855,97710.145730268,-4.555016,-1.895219,1.135983,-0.503369,-0.039367,-0.076055,-0.130644,0.096207,-0.310501
10856,97710.150643598,-4.552559,-1.894923,1.135570,-0.505724,-0.046026,-0.081934,-0.130810,0.094471,-0.309068
10857,97710.155587446,-4.550078,-1.894591,1.135125,-0.507919,-0.052343,-0.087404,-0.130978,0.092723,-0.307626
10858,97710.160531294,-4.547587,-1.894228,1.134652,-0.509720,-0.057709,-0.092738,-0.131146,0.090976,-0.306185
10859,97710.165505659,-4.545073,-1.893836,1.134149,-0.511300,-0.061683,-0.098027,-0.131315,0.089217,-0.304734
10860,97710.170418989,-4.542584,-1.893430,1.133626,-0.513084,-0.063863,-0.103551,-0.131481,0.087481,-0.303302
10861,97710.175332319,-4.540087,-1.893012,1.133076,-0.515161,-0.063990,-0.109345,-0.131648,0.085744,-0.301869
10862,97710.180276167,-4.537565,-1.892592,1.132493,-0.517894,-0.062083,-0.115459,-0.131816,0.083997,-0.300427
10863,97710.185220014,-4.535029,-1.892180,1.131880,-0.521527,-0.058393,-0.121456,-0.131984,0.082249,-0.298986
10864,97710.190163862,-4.532475,-1.891787,1.131238,-0.525994,-0.053467,-0.127148,-0.132151,0.080502,-0.297544
10865,97710.195107710,-4.529898,-1.891417,1.130567,-0.530802,-0.047549,-0.131960,-0.132319,0.078754,-0.296103
10866,97710.200021040,-4.527312,-1.891078,1.129877,-0.535500,-0.040836,-0.135822,-0.132486,0.077017,-0.294670
10867,97710.204964887,-4.524686,-1.890769,1.129163,-0.539928,-0.033486,-0.139057,-0.132654,0.075270,-0.293228
10868,97710.209908735,-4.522037,-1.890495,1.128433,-0.543926,-0.026178,-0.141404,-0.132821,0.073522,-0.291787
10869,97710.214822065,-4.519383,-1.890259,1.127697,-0.547619,-0.019661,-0.142805,-0.132988,0.071786,-0.290354
10870,97710.219765913,-4.516693,-1.890052,1.126949,-0.551783,-0.014394,-0.144014,-0.133156,0.070038,-0.288912
10871,97710.224709760,-4.513982,-1.889871,1.126196,-0.556789,-0.010602,-0.145452,-0.133324,0.068291,-0.287471
10872,97710.229653608,-4.511245,-1.889707,1.125435,-0.562857,-0.008349,-0.147337,-0.133491,0.066543,-0.286029
10873,97710.234597456,-4.508477,-1.889553,1.124664,-0.569784,-0.007725,-0.149716,-0.133659,0.064796,-0.284588
10874,97710.239541303,-4.505676,-1.889401,1.123881,-0.577191,-0.008071,-0.152481,-0.133827,0.063048,-0.283146
10875,97710.244485151,-4.502838,-1.889246,1.123084,-0.584609,-0.009066,-0.155519,-0.133995,0.061301,-0.281704
10876,97710.249428999,-4.499964,-1.889084,1.122271,-0.592265,-0.010254,-0.158383,-0.134162,0.059553,-0.280263
10877,97710.254342329,-4.497071,-1.888917,1.121449,-0.599936,-0.011010,-0.160911,-0.134329,0.057817,-0.278830
10878,97710.259286177,-4.494122,-1.888743,1.120608,-0.607762,-0.011323,-0.163355,-0.134497,0.056069,-0.277389
10879,97710.264230024,-4.491134,-1.888565,1.119755,-0.616102,-0.011306,-0.166026,-0.134665,0.054322,-0.275947
10880,97710.269173872,-4.488106,-1.888387,1.118888,-0.624926,-0.011209,-0.168727,-0.134832,0.052574,-0.274505
10881,97710.274117719,-4.485034,-1.888207,1.118007,-0.634413,-0.011454,-0.171103,-0.135000,0.050827,-0.273064
10882,97710.279061567,-4.481916,-1.888024,1.117113,-0.644153,-0.011851,-0.173106,-0.135168,0.049079,-0.271622
10883,97710.284005415,-4.478750,-1.887837,1.116209,-0.653969,-0.012372,-0.174766,-0.135336,0.047332,-0.270181
10884,97710.288918745,-4.475555,-1.887646,1.115301,-0.663435,-0.013173,-0.175561,-0.135502,0.045595,-0.268748
10885,97710.293862593,-4.472294,-1.887449,1.114383,-0.673019,-0.014378,-0.174726,-0.135670,0.043848,-0.267306
10886,97710.298806440,-4.468986,-1.887243,1.113469,-0.683587,-0.016207,-0.171612,-0.135838,0.042100,-0.265865
10887,97710.303719770,-4.465647,-1.887027,1.112574,-0.695529,-0.018317,-0.165962,-0.136005,0.040364,-0.264432
10888,97710.308663618,-4.462228,-1.886797,1.111701,-0.709446,-0.020409,-0.158592,-0.136172,0.038616,-0.262990
10889,97710.313607466,-4.458740,-1.886552,1.110863,-0.725981,-0.021658,-0.150626,-0.136340,0.036869,-0.261549
10890,97710.318551313,-4.455170,-1.886298,1.110063,-0.745145,-0.021877,-0.142880,-0.136508,0.035121,-0.260107
10891,97710.323464643,-4.451528,-1.886039,1.109305,-0.766067,-0.021653,-0.136296,-0.136675,0.033384,-0.258674
10892,97710.328439009,-4.447736,-1.885773,1.108569,-0.787839,-0.020898,-0.130739,-0.136843,0.031626,-0.257224
10893,97710.333382856,-4.443859,-1.885508,1.107863,-0.809483,-0.018757,-0.125727,-0.137011,0.029879,-0.255782
10894,97710.338296186,-4.439899,-1.885249,1.107184,-0.830758,-0.014421,-0.120421,-0.137178,0.028142,-0.254350
10895,97710.343240034,-4.435808,-1.885006,1.106526,-0.851825,-0.007511,-0.114037,-0.137346,0.026394,-0.252908
10896,97710.348183882,-4.431611,-1.884792,1.105899,-0.872723,0.001233,-0.106362,-0.137513,0.024647,-0.251467
10897,97710.353127729,-4.427308,-1.884616,1.105308,-0.893093,0.010803,-0.097869,-0.137681,0.022899,-0.250025
10898,97710.358041059,-4.422930,-1.884483,1.104762,-0.912921,0.020165,-0.089367,-0.137848,0.021163,-0.248592
10899,97710.362984907,-4.418423,-1.884390,1.104254,-0.932927,0.028812,-0.080894,-0.138016,0.019415,-0.247151
10900,97710.367928755,-4.413815,-1.884336,1.103786,-0.953530,0.036668,-0.072853,-0.136627,0.018960,-0.247030
10901,97710.372872602,-4.409104,-1.884315,1.103357,-0.974881,0.043561,-0.065191,-0.135238,0.018506,-0.246909
10902,97710.377816450,-4.404284,-1.884323,1.102965,-0.996716,0.049475,-0.058233,-0.133849,0.018051,-0.246788
10903,97710.382760298,-4.399355,-1.884356,1.102606,-1.018171,0.054219,-0.052121,-0.132461,0.017596,-0.246667
10904,97710.387673628,-4.394350,-1.884406,1.102278,-1.038959,0.057995,-0.046410,-0.131080,0.017144,-0.246547
10905,97710.392617475,-4.389210,-1.884471,1.101975,-1.059344,0.060744,-0.040130,-0.129692,0.016689,-0.246426
10906,97710.397561323,-4.383968,-1.884544,1.101702,-1.079202,0.062420,-0.033199,-0.128303,0.016234,-0.246305
10907,97710.402505171,-4.378627,-1.884621,1.101461,-1.098864,0.062672,-0.024838,-0.126914,0.015780,-0.246184
10908,97710.407418501,-4.373222,-1.884694,1.101262,-1.118643,0.061097,-0.014202,-0.125534,0.015328,-0.246064
10909,97710.412331831,-4.367719,-1.884754,1.101113,-1.138230,0.058210,-0.002152,-0.124154,0.014876,-0.245944
10910,97710.417306196,-4.362051,-1.884795,1.101020,-1.158042,0.053785,0.011153,-0.122756,0.014418,-0.245822
10911,97710.422219526,-4.356355,-1.884809,1.100993,-1.178160,0.048123,0.025583,-0.121376,0.013966,-0.245702
10912,97710.427193891,-4.350488,-1.884790,1.101035,-1.199436,0.041374,0.041163,-0.119979,0.013508,-0.245580
10913,97710.432168257,-4.344516,-1.884732,1.101152,-1.222132,0.034148,0.057565,-0.118581,0.013051,-0.245459
10914,97710.437112104,-4.338469,-1.884633,1.101348,-1.246105,0.026887,0.074694,-0.117193,0.012596,-0.245338
10915,97710.442055952,-4.332304,-1.884491,1.101626,-1.270930,0.019811,0.092556,-0.115804,0.012141,-0.245217
10916,97710.446969282,-4.326055,-1.884309,1.101988,-1.296047,0.013296,0.110574,-0.114424,0.011689,-0.245097
10917,97710.451882612,-4.319683,-1.884089,1.102436,-1.321013,0.007931,0.128676,-0.113044,0.011237,-0.244977
10918,97710.456826460,-4.313148,-1.883834,1.102975,-1.345521,0.004117,0.147742,-0.111655,0.010782,-0.244856
10919,97710.461739790,-4.306533,-1.883555,1.103601,-1.368687,0.001797,0.166603,-0.110275,0.010330,-0.244736
10920,97710.466683637,-4.299762,-1.883258,1.104323,-1.390558,0.000544,0.184013,-0.108886,0.009875,-0.244615
10921,97710.471627485,-4.292881,-1.882948,1.105129,-1.409883,-0.000931,0.199646,-0.107497,0.009421,-0.244494
10922,97710.476571333,-4.285904,-1.882625,1.106011,-1.424965,-0.003361,0.214581,-0.106108,0.008966,-0.244373
10923,97710.481515180,-4.278852,-1.882287,1.106966,-1.436036,-0.006691,0.228871,-0.104720,0.008511,-0.244252
10924,97710.486428510,-4.271789,-1.881931,1.107984,-1.444743,-0.011116,0.241542,-0.103339,0.008059,-0.244132
10925,97710.491372358,-4.264639,-1.881548,1.109070,-1.452353,-0.016884,0.252623,-0.101951,0.007604,-0.244011
10926,97710.496346723,-4.257408,-1.881132,1.110216,-1.458555,-0.023358,0.263014,-0.100553,0.007147,-0.243889
10927,97710.501290571,-4.250191,-1.880684,1.111406,-1.463399,-0.030046,0.273662,-0.099164,0.006692,-0.243769
10928,97710.506234419,-4.242951,-1.880202,1.112649,-1.467558,-0.037443,0.285376,-0.097776,0.006237,-0.243648
10929,97710.511178266,-4.235691,-1.879681,1.113948,-1.470621,-0.045556,0.298104,-0.096387,0.005782,-0.243527
10930,97710.516091596,-4.228462,-1.879123,1.115301,-1.471599,-0.054743,0.311683,-0.095007,0.005330,-0.243407
10931,97710.521035444,-4.221184,-1.878514,1.116729,-1.469033,-0.063618,0.326127,-0.093618,0.004875,-0.243286
10932,97710.525979292,-4.213919,-1.877862,1.118228,-1.461882,-0.070937,0.342222,-0.092229,0.004420,-0.243165
10933,97710.530923139,-4.206691,-1.877173,1.119806,-1.449587,-0.077131,0.360201,-0.090840,0.003966,-0.243044
10934,97710.535866987,-4.199523,-1.876456,1.121474,-1.431724,-0.082853,0.379450,-0.089452,0.003511,-0.242923
10935,97710.540810835,-4.192443,-1.875713,1.123239,-1.408534,-0.088239,0.399229,-0.088063,0.003056,-0.242802
10936,97710.545754682,-4.185477,-1.874947,1.125102,-1.380931,-0.093219,0.418209,-0.086674,0.002601,-0.242681
10937,97710.550668012,-4.178690,-1.874166,1.127049,-1.350717,-0.097362,0.435316,-0.085294,0.002149,-0.242561
10938,97710.555611860,-4.172009,-1.873366,1.129094,-1.320001,-0.101089,0.450557,-0.083905,0.001694,-0.242440
10939,97710.560555708,-4.165480,-1.872552,1.131217,-1.290807,-0.104478,0.464306,-0.082516,0.001240,-0.242319
10940,97710.565499555,-4.159095,-1.871728,1.133410,-1.264329,-0.107521,0.477212,-0.081128,0.000785,-0.242198
10941,97710.570412885,-4.152879,-1.870898,1.135655,-1.241035,-0.110298,0.490047,-0.079747,0.000333,-0.242078
10942,97710.575356733,-4.146739,-1.870054,1.137978,-1.220260,-0.112476,0.502531,-0.078359,-0.000122,-0.241957
10943,97710.580300581,-4.140701,-1.869203,1.140364,-1.201378,-0.113663,0.513929,-0.076970,-0.000577,-0.241836
10944,97710.585244428,-4.134756,-1.868349,1.142809,-1.184650,-0.113901,0.523556,-0.075581,-0.001032,-0.241716
10945,97710.590188276,-4.128892,-1.867497,1.145302,-1.170443,-0.113728,0.531034,-0.074192,-0.001486,-0.241595
10946,97710.595101606,-4.123135,-1.866654,1.147817,-1.159201,-0.113346,0.536682,-0.072812,-0.001938,-0.241475
10947,97710.600045454,-4.117396,-1.865809,1.150377,-1.151387,-0.113219,0.540754,-0.071423,-0.002393,-0.241354
10948,97710.604989302,-4.111696,-1.864967,1.152957,-1.147376,-0.113290,0.543366,-0.070035,-0.002848,-0.241233
10949,97710.609933149,-4.106015,-1.864125,1.155551,-1.147206,-0.112956,0.543992,-0.068646,-0.003303,-0.241112
10950,97710.614876997,-4.100335,-1.863284,1.158148,-1.149672,-0.112389,0.543322,-0.068771,-0.003389,-0.239167
10951,97710.619790327,-4.094678,-1.862451,1.160725,-1.152714,-0.112790,0.542345,-0.068895,-0.003476,-0.237235
10952,97710.624734175,-4.088971,-1.861611,1.163314,-1.154901,-0.114082,0.540991,-0.069020,-0.003562,-0.235290
10953,97710.629647505,-4.083289,-1.860769,1.165879,-1.155722,-0.115459,0.538383,-0.069144,-0.003648,-0.233358
10954,97710.634591352,-4.077568,-1.859914,1.168447,-1.153936,-0.117208,0.534454,-0.069269,-0.003735,-0.231414
10955,97710.639535200,-4.071856,-1.859052,1.170996,-1.149355,-0.119134,0.529418,-0.069394,-0.003821,-0.229469
10956,97710.644479048,-4.066168,-1.858181,1.173521,-1.142296,-0.120659,0.523257,-0.069519,-0.003908,-0.227525
10957,97710.649422895,-4.060515,-1.857305,1.176015,-1.132897,-0.121522,0.515752,-0.069644,-0.003995,-0.225580
10958,97710.654366743,-4.054910,-1.856427,1.178473,-1.121070,-0.121482,0.507492,-0.069769,-0.004081,-0.223636
10959,97710.659310591,-4.049363,-1.855553,1.180891,-1.106773,-0.120298,0.498737,-0.069894,-0.004168,-0.221691
10960,97710.664254438,-4.043888,-1.854688,1.183266,-1.090879,-0.117246,0.489319,-0.070019,-0.004254,-0.219747
10961,97710.669198286,-4.038491,-1.853842,1.185597,-1.074088,-0.112222,0.478749,-0.070144,-0.004341,-0.217802
10962,97710.674111616,-4.033209,-1.853030,1.187863,-1.056541,-0.105857,0.467524,-0.070268,-0.004427,-0.215870
10963,97710.679055464,-4.027981,-1.852249,1.190089,-1.038498,-0.098312,0.455628,-0.070393,-0.004513,-0.213925
10964,97710.683968794,-4.022873,-1.851515,1.192244,-1.020492,-0.089966,0.442919,-0.070518,-0.004600,-0.211993
10965,97710.688912641,-4.017821,-1.850821,1.194353,-1.002891,-0.080611,0.428793,-0.070643,-0.004686,-0.210048
10966,97710.693856489,-4.012855,-1.850179,1.196393,-0.985957,-0.070915,0.413151,-0.070768,-0.004773,-0.208104
10967,97710.698769819,-4.008002,-1.849593,1.198345,-0.969924,-0.061662,0.395955,-0.070892,-0.004859,-0.206171
10968,97710.703713667,-4.003197,-1.849054,1.200227,-0.954018,-0.052762,0.377020,-0.071017,-0.004945,-0.204227
10969,97710.708657514,-3.998470,-1.848563,1.202016,-0.910829,-0.015523,0.348825,-0.071142,-0.005032,-0.202283
10970,97710.713601362,-3.993950,-1.848267,1.203672,-0.903062,-0.012395,0.330654,-0.071267,-0.005119,-0.200338
10971,97710.718514692,-3.989497,-1.847991,1.205228,-0.905787,-0.022652,0.312368,-0.071391,-0.005205,-0.198406
10972,97710.723489057,-3.984978,-1.847662,1.206713,-0.902104,-0.027286,0.289496,-0.071517,-0.005292,-0.196449
10973,97710.728432905,-3.980508,-1.847314,1.208075,-0.897428,-0.029188,0.263290,-0.071642,-0.005378,-0.194505
10974,97710.733376753,-3.976064,-1.846959,1.209308,-0.892125,-0.029717,0.235041,-0.071767,-0.005465,-0.192560
10975,97710.738320600,-3.971648,-1.846604,1.210402,-0.885662,-0.028818,0.204940,-0.071892,-0.005551,-0.190616
10976,97710.743264448,-3.967265,-1.846257,1.211347,-0.878187,-0.027147,0.173627,-0.072017,-0.005638,-0.188671
10977,97710.748208296,-3.962922,-1.845922,1.212139,-0.870195,-0.025284,0.141388,-0.072142,-0.005725,-0.186727
10978,97710.753121626,-3.958646,-1.845602,1.212767,-0.861673,-0.023215,0.109150,-0.072266,-0.005811,-0.184794
10979,97710.758065473,-3.954388,-1.845294,1.213241,-0.852592,-0.021387,0.077129,-0.072391,-0.005897,-0.182850
10980,97710.763009321,-3.950177,-1.844999,1.213558,-0.842965,-0.020111,0.045744,-0.072516,-0.005984,-0.180905
10981,97710.767953169,-3.946015,-1.844714,1.213720,-0.832755,-0.019711,0.014703,-0.073102,-0.005752,-0.179246
10982,97710.772897016,-3.941905,-1.844436,1.213730,-0.822166,-0.020320,-0.016188,-0.073688,-0.005519,-0.177587
10983,97710.777810346,-3.937876,-1.844160,1.213588,-0.810840,-0.022072,-0.046892,-0.074270,-0.005288,-0.175938
10984,97710.782754194,-3.933880,-1.843879,1.213295,-0.798791,-0.025231,-0.077930,-0.074856,-0.005056,-0.174279
10985,97710.787698042,-3.929946,-1.843586,1.212849,-0.786540,-0.029476,-0.109219,-0.075442,-0.004824,-0.172620
10986,97710.792641889,-3.926076,-1.843277,1.212249,-0.774231,-0.034287,-0.140196,-0.076028,-0.004592,-0.170961
10987,97710.797585737,-3.922270,-1.842949,1.211496,-0.761951,-0.038937,-0.170586,-0.076614,-0.004359,-0.169302
10988,97710.802529585,-3.918527,-1.842603,1.210594,-0.750528,-0.043067,-0.199906,-0.077200,-0.004127,-0.167643
10989,97710.807473432,-3.914844,-1.842240,1.209547,-0.740055,-0.046187,-0.227652,-0.077786,-0.003895,-0.165984
10990,97710.812386762,-3.911238,-1.841868,1.208372,-0.730584,-0.048278,-0.252599,-0.078368,-0.003664,-0.164335
10991,97710.817330610,-3.907659,-1.841488,1.207066,-0.721780,-0.049513,-0.273798,-0.078954,-0.003432,-0.162676
10992,97710.822243940,-3.904147,-1.841107,1.205665,-0.713408,-0.049926,-0.290123,-0.079536,-0.003201,-0.161027
10993,97710.827187788,-3.900655,-1.840724,1.204174,-0.705174,-0.049366,-0.300275,-0.080122,-0.002968,-0.159368
10994,97710.832101118,-3.897226,-1.840349,1.202644,-0.698344,-0.048486,-0.303731,-0.080704,-0.002738,-0.157719
10995,97710.837044966,-3.893810,-1.839977,1.201088,-0.694500,-0.048975,-0.300071,-0.081290,-0.002505,-0.156060
10996,97710.841988813,-3.890412,-1.839604,1.199550,-0.694493,-0.053252,-0.288030,-0.081876,-0.002273,-0.154401
10997,97710.846932661,-3.887014,-1.839209,1.198072,-0.699461,-0.063158,-0.269362,-0.082462,-0.002041,-0.152742
10998,97710.851876509,-3.883593,-1.838763,1.196685,-0.709989,-0.079274,-0.247257,-0.083048,-0.001808,-0.151083
10999,97710.856820356,-3.880122,-1.838233,1.195405,-0.725146,-0.101221,-0.223691,-0.083634,-0.001576,-0.149424
11000,97710.861733686,-3.876600,-1.837594,1.194247,-0.743400,-0.127893,-0.200574,-0.085853,-0.002920,-0.145853
11001,97710.866677534,-3.872971,-1.836815,1.193192,-0.764207,-0.158492,-0.179641,-0.088707,-0.004324,-0.142312
11002,97710.871621382,-3.869244,-1.835878,1.192238,-0.786497,-0.192261,-0.161875,-0.091561,-0.005728,-0.138771
11003,97710.876565229,-3.865414,-1.834768,1.191368,-0.809491,-0.228303,-0.146112,-0.094415,-0.007132,-0.135230
11004,97710.881509077,-3.861476,-1.833475,1.190572,-0.833166,-0.264978,-0.130754,-0.097269,-0.008536,-0.131689
11005,97710.886422407,-3.857453,-1.832003,1.189852,-0.857941,-0.300117,-0.114676,-0.100105,-0.009931,-0.128170
11006,97710.891366255,-3.853290,-1.830342,1.189204,-0.884572,-0.333235,-0.096717,-0.102959,-0.011335,-0.124629
11007,97710.896310102,-3.849001,-1.828511,1.188640,-0.912932,-0.363908,-0.076301,-0.105813,-0.012739,-0.121087
11008,97710.901253950,-3.844577,-1.826521,1.188173,-0.943489,-0.391404,-0.053118,-0.108667,-0.014143,-0.117546
11009,97710.906197798,-3.840006,-1.824388,1.187817,-0.976773,-0.415252,-0.027733,-0.111521,-0.015547,-0.114005
11010,97710.911111128,-3.835304,-1.822141,1.187584,-1.012228,-0.435752,-0.001667,-0.114357,-0.016942,-0.110486
11011,97710.916054975,-3.830400,-1.819770,1.187474,-1.048852,-0.454581,0.023032,-0.117211,-0.018346,-0.106945
11012,97710.920998823,-3.825317,-1.817297,1.187483,-1.084204,-0.472382,0.043858,-0.120065,-0.019750,-0.103404
11013,97710.925942671,-3.820062,-1.814726,1.187591,-1.116541,-0.489056,0.059520,-0.122919,-0.021154,-0.099863
11014,97710.930886518,-3.814650,-1.812065,1.187773,-1.144223,-0.504377,0.069106,-0.125773,-0.022558,-0.096321
11015,97710.935830366,-3.809104,-1.809322,1.187999,-1.166750,-0.517692,0.072241,-0.128627,-0.023962,-0.092780
11016,97710.940774214,-3.803449,-1.806509,1.188238,-1.184071,-0.527980,0.069224,-0.131481,-0.025366,-0.089239
11017,97710.945687544,-3.797747,-1.803658,1.188460,-1.195634,-0.534270,0.060703,-0.134317,-0.026762,-0.085720
11018,97710.950631391,-3.791954,-1.800757,1.188639,-1.201965,-0.535470,0.046880,-0.137171,-0.028166,-0.082179
11019,97710.955575239,-3.786131,-1.797849,1.188749,-1.203216,-0.531269,0.028090,-0.140025,-0.029570,-0.078638
11020,97710.960488569,-3.780338,-1.794981,1.188767,-1.199559,-0.522004,0.005761,-0.142861,-0.030965,-0.075118
11021,97710.965432417,-3.774527,-1.792143,1.188675,-1.191449,-0.507954,-0.018747,-0.145715,-0.032369,-0.071577
11022,97710.970376264,-3.768755,-1.789378,1.188463,-1.180034,-0.489942,-0.042704,-0.148569,-0.033773,-0.068036
11023,97710.975320112,-3.763037,-1.786706,1.188135,-1.166680,-0.469026,-0.062803,-0.151423,-0.035177,-0.064495
11024,97710.980263960,-3.757381,-1.784141,1.187710,-1.153053,-0.445951,-0.075628,-0.154277,-0.036581,-0.060954
11025,97710.985207807,-3.751789,-1.781693,1.187223,-1.140383,-0.421568,-0.077644,-0.157131,-0.037985,-0.057413
11026,97710.990121137,-3.746289,-1.779384,1.186733,-1.128843,-0.397349,-0.065905,-0.159967,-0.039380,-0.053894
11027,97710.995095503,-3.740771,-1.777168,1.186296,-1.117764,-0.375002,-0.037550,-0.162839,-0.040793,-0.050331
11028,97711.000008833,-3.735369,-1.775089,1.186007,-1.105724,-0.355426,0.007826,-0.165675,-0.042188,-0.046811
11029,97711.004952680,-3.729985,-1.773094,1.185942,-1.092235,-0.338921,0.057732,-0.168529,-0.043592,-0.043270
11030,97711.009896528,-3.724660,-1.771180,1.186126,-1.074681,-0.327844,0.106774,-0.171383,-0.044996,-0.039729
11031,97711.014840376,-3.719417,-1.769322,1.186554,-1.049417,-0.324299,0.154440,-0.174237,-0.046400,-0.036188
11032,97711.019784223,-3.714293,-1.767483,1.187220,-1.016292,-0.330446,0.200977,-0.177091,-0.047804,-0.032647
11033,97711.024697553,-3.709362,-1.765630,1.188113,-0.978996,-0.347545,0.246217,-0.179927,-0.049199,-0.029128
11034,97711.029641401,-3.704585,-1.763686,1.189236,-0.944862,-0.376872,0.280011,-0.182781,-0.050603,-0.025587
11035,97711.034585249,-3.699981,-1.761603,1.190528,-0.919682,-0.415956,0.289305,-0.185635,-0.052007,-0.022046
11036,97711.039529096,-3.695509,-1.759331,1.191864,-0.903139,-0.460656,0.279079,-0.188489,-0.053411,-0.018504
11037,97711.044472944,-3.691129,-1.756843,1.193149,-0.893893,-0.505484,0.253745,-0.191343,-0.054815,-0.014963
11038,97711.049416792,-3.686806,-1.754137,1.194307,-0.888970,-0.545527,0.214786,-0.194197,-0.056219,-0.011422
11039,97711.054330122,-3.682545,-1.751255,1.195264,-0.882056,-0.576987,0.165499,-0.197033,-0.057614,-0.007903
11040,97711.059273969,-3.678303,-1.748204,1.195982,-0.867472,-0.599180,0.111597,-0.199887,-0.059018,-0.004362
11041,97711.064217817,-3.674141,-1.745050,1.196433,-0.843114,-0.611739,0.060151,-0.202741,-0.060422,-0.000821
11042,97711.069161665,-3.670106,-1.741843,1.196631,-0.809533,-0.615856,0.017012,-0.205595,-0.061826,0.002720
11043,97711.074074995,-3.666264,-1.738645,1.196618,-0.770191,-0.611270,-0.013990,-0.208431,-0.063222,0.006240
11044,97711.079018843,-3.662595,-1.735460,1.196455,-0.728625,-0.596185,-0.033477,-0.211285,-0.064626,0.009781
11045,97711.083962690,-3.659128,-1.732360,1.196200,-0.687524,-0.569487,-0.043665,-0.214139,-0.066030,0.013322
11046,97711.088906538,-3.655860,-1.729402,1.195899,-0.649175,-0.531776,-0.046424,-0.216993,-0.067434,0.016863
11047,97711.093819868,-3.652792,-1.726655,1.195591,-0.616803,-0.484072,-0.043113,-0.219829,-0.068829,0.020382
11048,97711.098763716,-3.649854,-1.724133,1.195303,-0.593140,-0.428092,-0.035451,-0.222683,-0.070233,0.023923
11049,97711.103707563,-3.647020,-1.721893,1.195058,-0.580427,-0.368459,-0.025001,-0.225537,-0.071637,0.027465
11050,97711.108651411,-3.644236,-1.719949,1.194869,-0.579604,-0.309611,-0.013333,-0.227793,-0.073671,0.028934
11051,97711.113595259,-3.641441,-1.718296,1.194742,-0.590066,-0.255765,-0.002224,-0.230049,-0.075705,0.030404
11052,97711.118508589,-3.638601,-1.716913,1.194672,-0.608290,-0.210921,0.006190,-0.232291,-0.077726,0.031865
11053,97711.123452436,-3.635642,-1.715740,1.194645,-0.629605,-0.176137,0.010844,-0.234547,-0.079760,0.033335
11054,97711.128396284,-3.632570,-1.714733,1.194641,-0.649174,-0.151408,0.011616,-0.236803,-0.081794,0.034804
11055,97711.133340132,-3.629396,-1.713844,1.194641,-0.664176,-0.135704,0.009194,-0.239059,-0.083828,0.036274
11056,97711.138283979,-3.626145,-1.713029,1.194629,-0.672647,-0.127616,0.005398,-0.241315,-0.085862,0.037744
11057,97711.143227827,-3.622851,-1.712253,1.194598,-0.673720,-0.125901,0.001185,-0.243571,-0.087896,0.039214
11058,97711.148171675,-3.619551,-1.711486,1.194546,-0.668481,-0.128565,-0.003176,-0.245827,-0.089930,0.040684
11059,97711.153085005,-3.616298,-1.710711,1.194474,-0.658726,-0.134480,-0.007391,-0.248069,-0.091952,0.042144
11060,97711.158028852,-3.613074,-1.709905,1.194380,-0.646611,-0.142564,-0.011482,-0.250325,-0.093986,0.043614
11061,97711.162972700,-3.609913,-1.709061,1.194267,-0.634256,-0.151902,-0.015975,-0.252581,-0.096020,0.045084
11062,97711.167916548,-3.606815,-1.708175,1.194132,-0.622779,-0.161982,-0.020923,-0.254837,-0.098054,0.046554
11063,97711.172829878,-3.603795,-1.707247,1.193973,-0.612685,-0.172361,-0.025811,-0.257079,-0.100075,0.048015
11064,97711.177773725,-3.600808,-1.706265,1.193790,-0.604060,-0.182851,-0.030658,-0.259335,-0.102109,0.049484
11065,97711.182717573,-3.597867,-1.705233,1.193582,-0.597118,-0.192789,-0.035764,-0.261590,-0.104143,0.050954
11066,97711.187661421,-3.594962,-1.704154,1.193350,-0.591177,-0.201490,-0.040713,-0.263846,-0.106177,0.052424
11067,97711.192605268,-3.592090,-1.703034,1.193092,-0.585116,-0.209177,-0.045067,-0.266102,-0.108211,0.053894
11068,97711.197549116,-3.589249,-1.701877,1.192814,-0.578859,-0.215438,-0.049053,-0.268358,-0.110245,0.055364
11069,97711.202462446,-3.586458,-1.700698,1.192517,-0.572389,-0.220183,-0.053062,-0.270600,-0.112267,0.056824
11070,97711.207406294,-3.583682,-1.699490,1.192199,-0.565782,-0.223985,-0.057310,-0.272856,-0.114301,0.058294
11071,97711.212350141,-3.580941,-1.698265,1.191860,-0.559438,-0.227066,-0.061446,-0.275112,-0.116335,0.059764
11072,97711.217263471,-3.578249,-1.697034,1.191504,-0.553560,-0.230307,-0.065089,-0.277354,-0.118356,0.061225
11073,97711.222237837,-3.575553,-1.695773,1.191125,-0.548382,-0.234329,-0.069048,-0.279624,-0.120403,0.062704
11074,97711.227212202,-3.572884,-1.694494,1.190726,-0.543937,-0.238944,-0.073679,-0.281894,-0.122449,0.064182
11075,97711.232125532,-3.570272,-1.693209,1.190310,-0.540420,-0.244472,-0.078590,-0.284136,-0.124471,0.065643
11076,97711.237069380,-3.567661,-1.691889,1.189866,-0.537687,-0.250662,-0.083667,-0.286392,-0.126505,0.067113
11077,97711.241982710,-3.565083,-1.690548,1.189401,-0.535384,-0.257282,-0.088609,-0.288634,-0.128526,0.068574
11078,97711.246926557,-3.562501,-1.689168,1.188908,-0.533218,-0.263837,-0.093720,-0.290890,-0.130560,0.070044
11079,97711.251870405,-3.559932,-1.687755,1.188389,-0.531029,-0.270078,-0.099197,-0.293146,-0.132594,0.071513
11080,97711.256783735,-3.557391,-1.686321,1.187846,-0.528795,-0.275563,-0.104824,-0.295388,-0.134615,0.072974
11081,97711.261727583,-3.554846,-1.684853,1.187272,-0.526769,-0.279678,-0.110961,-0.297644,-0.136649,0.074444
11082,97711.266671430,-3.552314,-1.683364,1.186668,-0.525271,-0.282293,-0.117526,-0.299899,-0.138683,0.075914
11083,97711.271615278,-3.549789,-1.681864,1.186031,-0.524620,-0.283280,-0.124413,-0.302155,-0.140717,0.077384
11084,97711.276528608,-3.547285,-1.680369,1.185364,-0.524736,-0.282636,-0.131193,-0.304397,-0.142739,0.078844
11085,97711.281472456,-3.544764,-1.678867,1.184660,-0.525505,-0.280661,-0.137720,-0.306653,-0.144773,0.080314
11086,97711.286416303,-3.542240,-1.677376,1.183923,-0.526741,-0.277534,-0.143678,-0.308909,-0.146807,0.081784
11087,97711.291360151,-3.539709,-1.675901,1.183157,-0.528155,-0.273611,-0.149251,-0.311165,-0.148841,0.083254
11088,97711.296303999,-3.537171,-1.674444,1.182364,-0.529838,-0.268802,-0.154664,-0.313421,-0.150875,0.084723
11089,97711.301247846,-3.534624,-1.673012,1.181544,-0.532086,-0.263361,-0.159979,-0.315677,-0.152909,0.086193
11090,97711.306161177,-3.532080,-1.671615,1.180703,-0.535102,-0.257942,-0.164878,-0.317919,-0.154930,0.087654
11091,97711.311135542,-3.529490,-1.670227,1.179828,-0.539109,-0.252800,-0.169170,-0.320189,-0.156977,0.089133
11092,97711.316079389,-3.526894,-1.668873,1.178936,-0.544109,-0.248274,-0.173513,-0.322445,-0.159011,0.090603
11093,97711.321023237,-3.524274,-1.667540,1.178023,-0.549793,-0.244602,-0.178181,-0.324701,-0.161045,0.092073
11094,97711.325936567,-3.521641,-1.666232,1.177093,-0.555816,-0.242011,-0.182540,-0.326943,-0.163066,0.093533
11095,97711.330849897,-3.518978,-1.664936,1.176141,-0.562485,-0.240055,-0.186057,-0.329185,-0.165088,0.094994
11096,97711.335793745,-3.516266,-1.663640,1.175165,-0.568530,-0.238724,-0.189001,-0.331441,-0.167122,0.096464
11097,97711.340737593,-3.513523,-1.662350,1.174174,-0.573866,-0.238105,-0.191146,-0.333697,-0.169156,0.097934
11098,97711.345681440,-3.510755,-1.661062,1.173172,-0.578648,-0.238295,-0.192502,-0.335953,-0.171190,0.099403
11099,97711.350625288,-3.507963,-1.659772,1.172163,-0.583183,-0.239193,-0.193561,-0.338209,-0.173224,0.100873
11100,97711.355569135,-3.505148,-1.658477,1.171149,-0.587809,-0.240717,-0.194164,-0.337392,-0.173888,0.100249
11101,97711.360482466,-3.502329,-1.657181,1.170137,-0.592714,-0.242919,-0.194268,-0.336580,-0.174549,0.099630
11102,97711.365426313,-3.499469,-1.655865,1.169119,-0.598527,-0.246002,-0.193981,-0.335764,-0.175213,0.099006
11103,97711.370370161,-3.496580,-1.654533,1.168100,-0.604846,-0.250116,-0.193789,-0.334947,-0.175878,0.098382
11104,97711.375314009,-3.493662,-1.653179,1.167083,-0.611079,-0.255553,-0.194359,-0.334130,-0.176542,0.097758
11105,97711.380257856,-3.490713,-1.651797,1.166061,-0.617756,-0.262369,-0.195916,-0.333314,-0.177207,0.097134
11106,97711.385171186,-3.487752,-1.650389,1.165038,-0.625436,-0.269875,-0.197622,-0.332502,-0.177867,0.096515
11107,97711.390115034,-3.484736,-1.648933,1.163998,-0.633845,-0.277798,-0.199050,-0.331685,-0.178532,0.095891
11108,97711.395058882,-3.481680,-1.647437,1.162950,-0.643263,-0.285978,-0.198835,-0.330869,-0.179196,0.095267
11109,97711.400002729,-3.478580,-1.645898,1.161903,-0.654305,-0.293576,-0.196329,-0.330052,-0.179861,0.094643
11110,97711.404946577,-3.475426,-1.644318,1.160866,-0.667236,-0.299946,-0.191941,-0.329235,-0.180525,0.094020
11111,97711.409859907,-3.472230,-1.642715,1.159856,-0.681236,-0.305439,-0.186259,-0.328424,-0.181186,0.093400
11112,97711.414834272,-3.468925,-1.641060,1.158860,-0.695816,-0.310352,-0.180761,-0.327602,-0.181854,0.092772
11113,97711.419778120,-3.465569,-1.639388,1.157896,-0.711242,-0.314381,-0.175502,-0.326785,-0.182519,0.092148
11114,97711.424721968,-3.462138,-1.637693,1.156957,-0.728578,-0.317143,-0.170104,-0.325969,-0.183183,0.091524
11115,97711.429665815,-3.458621,-1.635980,1.156043,-0.747408,-0.318002,-0.164452,-0.325152,-0.183848,0.090901
11116,97711.434609663,-3.455010,-1.634258,1.155156,-0.767494,-0.316280,-0.158305,-0.324336,-0.184512,0.090277
11117,97711.439553510,-3.451300,-1.632540,1.154297,-0.788547,-0.312259,-0.151502,-0.323519,-0.185177,0.089653
11118,97711.444466841,-3.447508,-1.630847,1.153476,-0.809990,-0.307008,-0.143909,-0.322707,-0.185837,0.089033
11119,97711.449410688,-3.443585,-1.629164,1.152686,-0.831522,-0.301671,-0.135626,-0.321891,-0.186502,0.088409
11120,97711.454354536,-3.439554,-1.627503,1.151936,-0.853247,-0.297392,-0.127020,-0.319949,-0.186038,0.086899
11121,97711.459298384,-3.435414,-1.625858,1.151227,-0.875548,-0.294784,-0.118528,-0.318008,-0.185574,0.085389
11122,97711.464211714,-3.431189,-1.624230,1.150563,-0.897655,-0.294232,-0.110795,-0.316079,-0.185113,0.083888
11123,97711.469155561,-3.426827,-1.622590,1.149931,-0.919609,-0.295727,-0.103827,-0.314137,-0.184649,0.082378
11124,97711.474099409,-3.422358,-1.620937,1.149331,-0.940907,-0.298532,-0.097609,-0.312196,-0.184186,0.080868
11125,97711.479043257,-3.417783,-1.619265,1.148761,-0.961511,-0.302202,-0.091386,-0.310255,-0.183722,0.079358
11126,97711.483987104,-3.413106,-1.617570,1.148220,-0.981054,-0.306543,-0.084809,-0.308314,-0.183258,0.077848
11127,97711.488900434,-3.408364,-1.615860,1.147712,-0.999275,-0.311518,-0.077956,-0.306384,-0.182797,0.076347
11128,97711.493844282,-3.403502,-1.614110,1.147234,-1.016510,-0.317785,-0.070694,-0.304443,-0.182333,0.074837
11129,97711.498788130,-3.398556,-1.612325,1.146790,-1.033338,-0.325825,-0.061973,-0.302502,-0.181869,0.073327
11130,97711.503731977,-3.393528,-1.610496,1.146387,-1.050291,-0.335485,-0.052321,-0.300560,-0.181406,0.071817
11131,97711.508675825,-3.388418,-1.608615,1.146031,-1.067225,-0.346338,-0.042369,-0.298619,-0.180942,0.070307
11132,97711.513619673,-3.383226,-1.606676,1.145721,-1.084179,-0.358669,-0.032223,-0.296678,-0.180478,0.068797
11133,97711.518563520,-3.377952,-1.604672,1.145460,-1.101821,-0.372347,-0.021480,-0.294736,-0.180014,0.067287
11134,97711.523507368,-3.372593,-1.602596,1.145249,-1.120538,-0.386844,-0.009843,-0.292795,-0.179550,0.065777
11135,97711.528451216,-3.367144,-1.600444,1.145094,-1.140406,-0.401633,0.002869,-0.290854,-0.179087,0.064266
11136,97711.533395063,-3.361599,-1.598213,1.145000,-1.160949,-0.415607,0.015817,-0.288913,-0.178623,0.062756
11137,97711.538338911,-3.355954,-1.595909,1.144967,-1.181907,-0.428714,0.028658,-0.286971,-0.178159,0.061246
11138,97711.543282759,-3.350209,-1.593534,1.144995,-1.203365,-0.440728,0.041372,-0.285030,-0.177695,0.059736
11139,97711.548196089,-3.344395,-1.591109,1.145083,-1.225211,-0.451230,0.054586,-0.283101,-0.177234,0.058235
11140,97711.553139936,-3.338438,-1.588612,1.145235,-1.247764,-0.460611,0.069678,-0.281159,-0.176770,0.056725
11141,97711.558083784,-3.332371,-1.586063,1.145459,-1.269823,-0.468022,0.086375,-0.279218,-0.176307,0.055215
11142,97711.563027632,-3.326196,-1.583471,1.145763,-1.290392,-0.472930,0.103171,-0.277277,-0.175843,0.053705
11143,97711.567971479,-3.319918,-1.580850,1.146149,-1.308412,-0.476030,0.119441,-0.275335,-0.175379,0.052195
11144,97711.572915327,-3.313551,-1.578208,1.146614,-1.322441,-0.478014,0.134942,-0.273394,-0.174915,0.050685
11145,97711.577828657,-3.307154,-1.575569,1.147150,-1.332750,-0.479609,0.149300,-0.271465,-0.174454,0.049184
11146,97711.582772505,-3.300666,-1.572902,1.147760,-1.340158,-0.481881,0.162369,-0.269523,-0.173990,0.047674
11147,97711.587716352,-3.294141,-1.570222,1.148435,-1.345038,-0.484799,0.173845,-0.267582,-0.173527,0.046164
11148,97711.592660200,-3.287591,-1.567526,1.149165,-1.348676,-0.488050,0.184393,-0.265641,-0.173063,0.044654
11149,97711.597604048,-3.281024,-1.564812,1.149947,-1.351351,-0.492398,0.195928,-0.263700,-0.172599,0.043144
11150,97711.602517378,-3.274483,-1.562092,1.150780,-1.352012,-0.499467,0.209809,-0.260977,-0.170440,0.043028
11151,97711.607430708,-3.267941,-1.559337,1.151681,-1.348709,-0.509541,0.227463,-0.258254,-0.168281,0.042913
11152,97711.612374555,-3.261374,-1.556514,1.152675,-1.340320,-0.518498,0.245456,-0.255515,-0.166109,0.042797
11153,97711.617318403,-3.254850,-1.553648,1.153757,-1.327873,-0.522368,0.262129,-0.252775,-0.163936,0.042681
11154,97711.622231733,-3.248427,-1.550782,1.154916,-1.311939,-0.521317,0.280025,-0.250052,-0.161777,0.042566
11155,97711.627175581,-3.242041,-1.547906,1.156171,-1.292078,-0.517513,0.300542,-0.247313,-0.159605,0.042450
11156,97711.632119428,-3.235751,-1.545051,1.157530,-1.268523,-0.511739,0.322466,-0.244573,-0.157432,0.042334
11157,97711.637063276,-3.229575,-1.542229,1.158999,-1.241559,-0.504467,0.344770,-0.241834,-0.155260,0.042218
11158,97711.642007124,-3.223528,-1.539447,1.160581,-1.212545,-0.496173,0.365305,-0.239094,-0.153088,0.042102
11159,97711.646950971,-3.217622,-1.536711,1.162266,-1.182632,-0.487365,0.382872,-0.236355,-0.150915,0.041986
11160,97711.651894819,-3.211860,-1.534024,1.164042,-1.153365,-0.478673,0.396936,-0.233615,-0.148743,0.041870
11161,97711.656808149,-3.206274,-1.531402,1.165878,-1.126120,-0.470731,0.409158,-0.230892,-0.146584,0.041755
11162,97711.661751997,-3.200785,-1.528808,1.167789,-1.101209,-0.464112,0.420966,-0.228153,-0.144412,0.041639
11163,97711.666695844,-3.195418,-1.526251,1.169760,-1.078963,-0.458546,0.432419,-0.225413,-0.142239,0.041523
11164,97711.671639692,-3.190158,-1.523725,1.171789,-1.058707,-0.453499,0.443089,-0.222674,-0.140067,0.041407
11165,97711.676583540,-3.184996,-1.521229,1.173874,-1.039884,-0.448106,0.452581,-0.219934,-0.137894,0.041291
11166,97711.681496870,-3.179957,-1.518777,1.175994,-1.022502,-0.442174,0.459894,-0.217211,-0.135735,0.041176
11167,97711.686440718,-3.174971,-1.516343,1.178164,-1.007322,-0.436552,0.464976,-0.214472,-0.133563,0.041060
11168,97711.691384565,-3.170057,-1.513940,1.180362,-0.994946,-0.431515,0.468042,-0.211732,-0.131391,0.040944
11169,97711.696328413,-3.165204,-1.511564,1.182575,-0.985773,-0.427404,0.469456,-0.208993,-0.129218,0.040828
11170,97711.701272260,-3.160395,-1.509210,1.184797,-0.980306,-0.424452,0.469392,-0.206253,-0.127046,0.040712
11171,97711.706216108,-3.155612,-1.506872,1.187019,-0.978420,-0.423205,0.468168,-0.203514,-0.124873,0.040596
11172,97711.711129438,-3.150868,-1.504555,1.189221,-0.979306,-0.424037,0.465492,-0.200791,-0.122714,0.040481
11173,97711.716073286,-3.146091,-1.502220,1.191424,-0.981991,-0.426345,0.461588,-0.198051,-0.120542,0.040365
11174,97711.720986616,-3.141330,-1.499887,1.193593,-0.984215,-0.429282,0.457858,-0.195329,-0.118383,0.040250
11175,97711.725930464,-3.136530,-1.497525,1.195758,-0.985252,-0.432413,0.452864,-0.192589,-0.116211,0.040134
11176,97711.730874311,-3.131726,-1.495147,1.197897,-0.984387,-0.434856,0.445789,-0.189849,-0.114038,0.040018
11177,97711.735787641,-3.126957,-1.492773,1.199988,-0.980975,-0.435584,0.437705,-0.187127,-0.111879,0.039903
11178,97711.740731489,-3.122175,-1.490382,1.202053,-0.974693,-0.434619,0.428836,-0.184387,-0.109707,0.039787
11179,97711.745675337,-3.117426,-1.487998,1.204074,-0.965376,-0.431877,0.418899,-0.181648,-0.107534,0.039671
11180,97711.750619184,-3.112722,-1.485630,1.206047,-0.953422,-0.426952,0.408021,-0.178908,-0.105362,0.039555
11181,97711.755532514,-3.108106,-1.483303,1.207956,-0.939789,-0.419706,0.396578,-0.176185,-0.103203,0.039440
11182,97711.760476362,-3.103527,-1.481002,1.209821,-0.925058,-0.409843,0.384562,-0.173446,-0.101031,0.039324
11183,97711.765420210,-3.099020,-1.478754,1.211629,-0.910018,-0.397795,0.371902,-0.170706,-0.098858,0.039208
11184,97711.770364057,-3.094586,-1.476569,1.213375,-0.894917,-0.384277,0.359012,-0.167967,-0.096686,0.039092
11185,97711.775307905,-3.090224,-1.474455,1.215060,-0.879766,-0.369637,0.345445,-0.165227,-0.094513,0.038976
11186,97711.780221235,-3.085961,-1.472429,1.216670,-0.865143,-0.353962,0.330887,-0.162504,-0.092354,0.038861
11187,97711.785165083,-3.081742,-1.470473,1.218220,-0.850784,-0.337985,0.315040,-0.159765,-0.090182,0.038745
11188,97711.790139448,-3.077566,-1.468588,1.219703,-0.836732,-0.322088,0.297571,-0.157008,-0.087996,0.038628
11189,97711.795052778,-3.073507,-1.466809,1.221084,-0.823397,-0.306832,0.278628,-0.154286,-0.085837,0.038513
11190,97711.799996626,-3.069488,-1.465098,1.222382,-0.810516,-0.292013,0.257474,-0.151546,-0.083665,0.038397
11191,97711.804909956,-3.065554,-1.463474,1.223569,-0.798220,-0.278090,0.234660,-0.148824,-0.081506,0.038282
11192,97711.809853803,-3.061656,-1.461913,1.224653,-0.786524,-0.265037,0.210250,-0.146084,-0.079334,0.038166
11193,97711.814797651,-3.057814,-1.460421,1.225618,-0.775104,-0.252957,0.184317,-0.143344,-0.077161,0.038050
11194,97711.819710981,-3.054051,-1.459001,1.226451,-0.763998,-0.241853,0.156929,-0.140622,-0.075002,0.037934
11195,97711.824654829,-3.050320,-1.457631,1.227156,-0.752830,-0.231615,0.128586,-0.137882,-0.072830,0.037818
11196,97711.829629194,-3.046620,-1.456308,1.227725,-0.741556,-0.222491,0.099024,-0.135126,-0.070644,0.037702
11197,97711.834573042,-3.042999,-1.455043,1.228146,-0.730537,-0.214418,0.068773,-0.132386,-0.068472,0.037586
11198,97711.839516889,-3.039433,-1.453821,1.228419,-0.719614,-0.207574,0.037959,-0.129647,-0.066299,0.037470
11199,97711.844430219,-3.035943,-1.452645,1.228540,-0.708857,-0.201826,0.007018,-0.126924,-0.064140,0.037355
11200,97711.849374067,-3.032486,-1.451495,1.228510,-0.698570,-0.197060,-0.024160,-0.127028,-0.063099,0.037570
11201,97711.854317915,-3.029081,-1.450372,1.228326,-0.688743,-0.193372,-0.055265,-0.127132,-0.062058,0.037785
11202,97711.859231245,-3.025746,-1.449278,1.227993,-0.678999,-0.190600,-0.086451,-0.127236,-0.061023,0.037999
11203,97711.864175093,-3.022440,-1.448195,1.227503,-0.669058,-0.188770,-0.118158,-0.127340,-0.059982,0.038215
11204,97711.869118940,-3.019186,-1.447126,1.226858,-0.658741,-0.188062,-0.150421,-0.127444,-0.058941,0.038430
11205,97711.874062788,-3.015984,-1.446064,1.226054,-0.647808,-0.188607,-0.183351,-0.127548,-0.057899,0.038645
11206,97711.879006635,-3.012839,-1.445004,1.225089,-0.636578,-0.190479,-0.216890,-0.127652,-0.056858,0.038860
11207,97711.883950483,-3.009752,-1.443939,1.223958,-0.625218,-0.193251,-0.251023,-0.127756,-0.055817,0.039076
11208,97711.888863813,-3.006743,-1.442871,1.222667,-0.613387,-0.196467,-0.285080,-0.127860,-0.054782,0.039290
11209,97711.893807661,-3.003777,-1.441786,1.221201,-0.601239,-0.199768,-0.318675,-0.127964,-0.053741,0.039505
11210,97711.898751509,-3.000874,-1.440690,1.219569,-0.588923,-0.202721,-0.350898,-0.128068,-0.052700,0.039720
11211,97711.903695356,-2.998035,-1.439583,1.217778,-0.576587,-0.204953,-0.380555,-0.128172,-0.051659,0.039936
11212,97711.908639204,-2.995259,-1.438470,1.215842,-0.564855,-0.206724,-0.406509,-0.128276,-0.050617,0.040151
11213,97711.913552534,-2.992560,-1.437360,1.213791,-0.553251,-0.207608,-0.427382,-0.128380,-0.049583,0.040365
11214,97711.918496382,-2.989904,-1.436242,1.211625,-0.541600,-0.207197,-0.442179,-0.128484,-0.048542,0.040580
11215,97711.923440229,-2.987306,-1.435129,1.209387,-0.531308,-0.205834,-0.449211,-0.128588,-0.047500,0.040795
11216,97711.928384077,-2.984759,-1.434026,1.207115,-0.523295,-0.204975,-0.447417,-0.128692,-0.046459,0.041011
11217,97711.933297407,-2.982267,-1.432935,1.204866,-0.517601,-0.206402,-0.435815,-0.128796,-0.045424,0.041225
11218,97711.938241255,-2.979786,-1.431831,1.202661,-0.514224,-0.212562,-0.414090,-0.128900,-0.044383,0.041440
11219,97711.948128950,-2.974859,-1.429561,1.198465,-0.513526,-0.238877,-0.358661,-0.129108,-0.042301,0.041871
11220,97711.953072798,-2.972401,-1.428293,1.196640,-0.516631,-0.265162,-0.327291,-0.129212,-0.041260,0.042086
11221,97711.958016645,-2.969930,-1.426892,1.194968,-0.520315,-0.296016,-0.298479,-0.129316,-0.040218,0.042301
11222,97711.962929975,-2.967462,-1.425346,1.193446,-0.524816,-0.330981,-0.273445,-0.129420,-0.039184,0.042515
11223,97711.967904341,-2.964946,-1.423604,1.192026,-0.530916,-0.370150,-0.250842,-0.129525,-0.038136,0.042732
11224,97711.972848188,-2.962423,-1.421677,1.190725,-0.540426,-0.410612,-0.229298,-0.129629,-0.037095,0.042947
11225,97711.977792036,-2.959859,-1.419547,1.189527,-0.555978,-0.450553,-0.205870,-0.129733,-0.036054,0.043162
11226,97711.982735884,-2.957226,-1.417214,1.188441,-0.579611,-0.489564,-0.178657,-0.129837,-0.035012,0.043378
11227,97711.987679731,-2.954483,-1.414682,1.187485,-0.611242,-0.527016,-0.147215,-0.129941,-0.033971,0.043593
11228,97711.992593061,-2.951607,-1.411974,1.186686,-0.649715,-0.562739,-0.112681,-0.130045,-0.032937,0.043807
11229,97711.997536909,-2.948529,-1.409061,1.186047,-0.692943,-0.597605,-0.077211,-0.130149,-0.031895,0.044022
11230,97712.002480757,-2.945242,-1.405964,1.185578,-0.736161,-0.632604,-0.044761,-0.130253,-0.030854,0.044238
11231,97712.007424604,-2.941747,-1.402684,1.185264,-0.775363,-0.668264,-0.018665,-0.130357,-0.029813,0.044453
11232,97712.012368452,-2.938065,-1.399217,1.185074,-0.808756,-0.704887,-0.000147,-0.130461,-0.028772,0.044668
11233,97712.017281782,-2.934248,-1.395583,1.184972,-0.835115,-0.741271,0.010346,-0.130565,-0.027737,0.044882
11234,97712.022195112,-2.930308,-1.391764,1.184917,-0.854156,-0.775978,0.013060,-0.130668,-0.026702,0.045096
11235,97712.027138960,-2.926258,-1.387746,1.184871,-0.865464,-0.807351,0.008255,-0.130772,-0.025661,0.045312
11236,97712.032082807,-2.922158,-1.383571,1.184799,-0.868909,-0.833432,-0.003652,-0.130876,-0.024620,0.045527
11237,97712.037026655,-2.918049,-1.379267,1.184667,-0.864875,-0.852569,-0.022196,-0.130980,-0.023579,0.045742
11238,97712.041939985,-2.913989,-1.374898,1.184443,-0.855131,-0.863916,-0.046897,-0.131084,-0.022544,0.045956
11239,97712.046914350,-2.909933,-1.370422,1.184094,-0.840914,-0.867325,-0.077696,-0.131189,-0.021496,0.046173
11240,97712.051858198,-2.905974,-1.365961,1.183596,-0.823582,-0.862524,-0.111823,-0.131293,-0.020455,0.046388
11241,97712.056771528,-2.902126,-1.361558,1.182934,-0.804869,-0.850422,-0.145832,-0.131396,-0.019420,0.046602
11242,97712.061715376,-2.898346,-1.357193,1.182103,-0.786030,-0.832244,-0.176687,-0.131500,-0.018379,0.046817
11243,97712.066659223,-2.894658,-1.352924,1.181121,-0.768761,-0.809712,-0.200694,-0.131605,-0.017338,0.047033
11244,97712.071572553,-2.891074,-1.348797,1.180030,-0.753617,-0.784095,-0.214567,-0.131708,-0.016303,0.047247
11245,97712.076546919,-2.887516,-1.344750,1.178859,-0.739787,-0.755674,-0.215821,-0.131813,-0.015256,0.047463
11246,97712.081460249,-2.884064,-1.340895,1.177700,-0.726842,-0.726001,-0.201411,-0.131916,-0.014221,0.047677
11247,97712.086404096,-2.880646,-1.337165,1.176606,-0.713724,-0.695658,-0.167776,-0.132020,-0.013180,0.047892
11248,97712.091317427,-2.877306,-1.333608,1.175688,-0.700508,-0.666063,-0.118496,-0.132124,-0.012145,0.048106
11249,97712.096261274,-2.873999,-1.330174,1.175011,-0.686869,-0.637239,-0.068918,-0.132228,-0.011104,0.048322
11250,97712.101205122,-2.870751,-1.326883,1.174581,-0.670365,-0.611380,-0.020033,-0.133792,-0.010978,0.048055
11251,97712.106148969,-2.867574,-1.323719,1.174395,-0.648982,-0.590616,0.028384,-0.135356,-0.010852,0.047789
11252,97712.111092817,-2.864496,-1.320660,1.174452,-0.619765,-0.576521,0.075732,-0.136920,-0.010726,0.047522
11253,97712.116006147,-2.861573,-1.317692,1.174744,-0.585792,-0.571561,0.119830,-0.138474,-0.010601,0.047257
11254,97712.120949995,-2.858796,-1.314735,1.175258,-0.554485,-0.578184,0.144888,-0.140038,-0.010476,0.046991
11255,97712.125893843,-2.856173,-1.311751,1.175899,-0.530517,-0.596529,0.147554,-0.141602,-0.010350,0.046724
11256,97712.130837690,-2.853672,-1.308680,1.176553,-0.514669,-0.623645,0.134324,-0.143166,-0.010224,0.046457
11257,97712.135781538,-2.851256,-1.305481,1.177141,-0.504371,-0.655131,0.108539,-0.144730,-0.010098,0.046191
11258,97712.140725385,-2.848900,-1.302129,1.177601,-0.496061,-0.685785,0.070555,-0.146295,-0.009973,0.045924
11259,97712.145669233,-2.846594,-1.298630,1.177872,-0.486181,-0.711175,0.022122,-0.148164,-0.010179,0.045147
11260,97712.150613081,-2.844346,-1.295012,1.177903,-0.471629,-0.728960,-0.031141,-0.150033,-0.010385,0.044369
11261,97712.155556928,-2.842177,-1.291311,1.177670,-0.451419,-0.737595,-0.083222,-0.151902,-0.010592,0.043591
11262,97712.160470259,-2.840127,-1.287599,1.177184,-0.426029,-0.736428,-0.127666,-0.153760,-0.010797,0.042819
11263,97712.165414106,-2.838192,-1.283878,1.176477,-0.397313,-0.725200,-0.160519,-0.155630,-0.011004,0.042041
11264,97712.170357954,-2.836399,-1.280221,1.175611,-0.367827,-0.702970,-0.180947,-0.157499,-0.011210,0.041263
11265,97712.175271284,-2.834758,-1.276702,1.174653,-0.339813,-0.669485,-0.190893,-0.159357,-0.011415,0.040491
11266,97712.180215132,-2.833239,-1.273335,1.173644,-0.314791,-0.624972,-0.192366,-0.161226,-0.011622,0.039713
11267,97712.185158979,-2.831834,-1.270192,1.172632,-0.295667,-0.571406,-0.186413,-0.163095,-0.011828,0.038935
11268,97712.190102827,-2.830512,-1.267318,1.171655,-0.284374,-0.512234,-0.175948,-0.164965,-0.012034,0.038158
11269,97712.195046675,-2.829231,-1.264738,1.170733,-0.281796,-0.451453,-0.161919,-0.166834,-0.012241,0.037380
11270,97712.199960005,-2.827957,-1.262471,1.169890,-0.288893,-0.392805,-0.145964,-0.168692,-0.012446,0.036607
11271,97712.204903852,-2.826626,-1.260478,1.169124,-0.305064,-0.338781,-0.130340,-0.170561,-0.012652,0.035830
11272,97712.209847700,-2.825203,-1.258747,1.168436,-0.328128,-0.293433,-0.117029,-0.172430,-0.012859,0.035052
11273,97712.214822065,-2.823645,-1.257225,1.167812,-0.355066,-0.258951,-0.107383,-0.174311,-0.013067,0.034269
11274,97712.219735395,-2.821966,-1.255884,1.167243,-0.382091,-0.236226,-0.102096,-0.176169,-0.013272,0.033497
11275,97712.224709760,-2.820126,-1.254634,1.166692,-0.406828,-0.224087,-0.100597,-0.178050,-0.013479,0.032714
11276,97712.229653608,-2.818173,-1.253445,1.166152,-0.425947,-0.221238,-0.102434,-0.179919,-0.013686,0.031937
11277,97712.234597456,-2.816125,-1.252267,1.165600,-0.437145,-0.226432,-0.106505,-0.181788,-0.013892,0.031159
11278,97712.239541303,-2.814023,-1.251061,1.165028,-0.439029,-0.236900,-0.111603,-0.183658,-0.014099,0.030381
11279,97712.244454634,-2.811927,-1.249811,1.164433,-0.432182,-0.250075,-0.116744,-0.185516,-0.014304,0.029608
11280,97712.249398481,-2.809855,-1.248489,1.163809,-0.418414,-0.264130,-0.121556,-0.187385,-0.014510,0.028831
11281,97712.254311811,-2.807868,-1.247111,1.163165,-0.400177,-0.277274,-0.125431,-0.189243,-0.014716,0.028058
11282,97712.259255659,-2.805961,-1.245662,1.162499,-0.379790,-0.289098,-0.128832,-0.191112,-0.014922,0.027280
11283,97712.264199507,-2.804157,-1.244161,1.161816,-0.359443,-0.299252,-0.132427,-0.192981,-0.015128,0.026503
11284,97712.269143354,-2.802456,-1.242613,1.161117,-0.341023,-0.307497,-0.136188,-0.194851,-0.015335,0.025725
11285,97712.274087202,-2.800849,-1.241029,1.160400,-0.325522,-0.313599,-0.140299,-0.196720,-0.015541,0.024947
11286,97712.279000532,-2.799329,-1.239429,1.159668,-0.313253,-0.317680,-0.144898,-0.198578,-0.015746,0.024175
11287,97712.283944380,-2.797861,-1.237801,1.158910,-0.303432,-0.320079,-0.149944,-0.200447,-0.015953,0.023397
11288,97712.288888227,-2.796443,-1.236164,1.158127,-0.295374,-0.321046,-0.155161,-0.202316,-0.016159,0.022619
11289,97712.293832075,-2.795065,-1.234525,1.157319,-0.288159,-0.320964,-0.160255,-0.204186,-0.016366,0.021842
11290,97712.298775923,-2.793723,-1.232887,1.156486,-0.281283,-0.319753,-0.165006,-0.206055,-0.016572,0.021064
11291,97712.303689253,-2.792424,-1.231268,1.155636,-0.274668,-0.317400,-0.169123,-0.207913,-0.016777,0.020291
11292,97712.308633100,-2.791148,-1.229651,1.154760,-0.268221,-0.314329,-0.172912,-0.209782,-0.016984,0.019514
11293,97712.313576948,-2.789904,-1.228052,1.153867,-0.262049,-0.310742,-0.176718,-0.211651,-0.017190,0.018736
11294,97712.318520796,-2.788690,-1.226472,1.152955,-0.256416,-0.307558,-0.180820,-0.213521,-0.017397,0.017958
11295,97712.323464643,-2.787504,-1.224909,1.152024,-0.251405,-0.305453,-0.185057,-0.215390,-0.017603,0.017181
11296,97712.328408491,-2.786342,-1.223357,1.151072,-0.247045,-0.304677,-0.189221,-0.217259,-0.017810,0.016403
11297,97712.333352339,-2.785202,-1.221811,1.150101,-0.243444,-0.305285,-0.193269,-0.219129,-0.018016,0.015625
11298,97712.338296186,-2.784080,-1.220263,1.149109,-0.239988,-0.306880,-0.197447,-0.220998,-0.018222,0.014848
11299,97712.343209516,-2.782982,-1.218717,1.148103,-0.236326,-0.309141,-0.201965,-0.222856,-0.018428,0.014075
11300,97712.348122846,-2.781903,-1.217162,1.147075,-0.232549,-0.311518,-0.206543,-0.223222,-0.019311,0.012873
11301,97712.353066694,-2.780837,-1.215586,1.146018,-0.228952,-0.313604,-0.210851,-0.223590,-0.020201,0.011663
11302,97712.358041059,-2.779783,-1.213991,1.144933,-0.225885,-0.315053,-0.214879,-0.223960,-0.021096,0.010445
11303,97712.362954389,-2.778758,-1.212410,1.143842,-0.223859,-0.315763,-0.218603,-0.224326,-0.021980,0.009243
11304,97712.367867719,-2.777743,-1.210825,1.142733,-0.223423,-0.315648,-0.222117,-0.224692,-0.022863,0.008040
11305,97712.372811567,-2.776724,-1.209232,1.141600,-0.224684,-0.314694,-0.225646,-0.225060,-0.023753,0.006830
11306,97712.377755415,-2.775699,-1.207644,1.140449,-0.227569,-0.313219,-0.229148,-0.225428,-0.024642,0.005620
11307,97712.382699262,-2.774660,-1.206062,1.139281,-0.231882,-0.311503,-0.232553,-0.225796,-0.025532,0.004410
11308,97712.387612593,-2.773606,-1.204498,1.138103,-0.237224,-0.309740,-0.236104,-0.226162,-0.026415,0.003208
11309,97712.392556440,-2.772518,-1.202932,1.136899,-0.243368,-0.308124,-0.240170,-0.226530,-0.027305,0.001998
11310,97712.397500288,-2.771401,-1.201372,1.135676,-0.250274,-0.307177,-0.244796,-0.226898,-0.028194,0.000788
11311,97712.402444135,-2.770249,-1.199817,1.134429,-0.257386,-0.307027,-0.249701,-0.227266,-0.029084,-0.000422
11312,97712.407387983,-2.769062,-1.198260,1.133157,-0.264803,-0.307791,-0.254519,-0.227634,-0.029973,-0.001632
11313,97712.412331831,-2.767840,-1.196699,1.131861,-0.272060,-0.309486,-0.259135,-0.228002,-0.030862,-0.002842
11314,97712.417275678,-2.766582,-1.195128,1.130541,-0.278472,-0.311946,-0.263971,-0.228370,-0.031752,-0.004052
11315,97712.422189009,-2.765302,-1.193553,1.129205,-0.283590,-0.314912,-0.269232,-0.228736,-0.032636,-0.005254
11316,97712.427132856,-2.763989,-1.191954,1.127834,-0.287586,-0.318091,-0.273911,-0.229104,-0.033525,-0.006464
11317,97712.432076704,-2.762657,-1.190338,1.126440,-0.290922,-0.321448,-0.277211,-0.229472,-0.034414,-0.007674
11318,97712.437020552,-2.761310,-1.188705,1.125029,-0.294374,-0.324226,-0.278719,-0.229840,-0.035304,-0.008884
11319,97712.441964399,-2.759947,-1.187057,1.123610,-0.297743,-0.326254,-0.278423,-0.230209,-0.036193,-0.010094
11320,97712.446877729,-2.758576,-1.185410,1.122201,-0.300933,-0.327551,-0.276880,-0.230574,-0.037077,-0.011296
11321,97712.451821577,-2.757181,-1.183744,1.120790,-0.304468,-0.328274,-0.274114,-0.230943,-0.037966,-0.012506
11322,97712.456765425,-2.755768,-1.182074,1.119393,-0.308768,-0.329277,-0.269603,-0.231311,-0.038856,-0.013716
11323,97712.461709272,-2.754334,-1.180398,1.118018,-0.314559,-0.331238,-0.263350,-0.231679,-0.039745,-0.014926
11324,97712.466622602,-2.752880,-1.178721,1.116681,-0.321880,-0.334607,-0.256623,-0.232045,-0.040629,-0.016129
11325,97712.471566450,-2.751382,-1.177015,1.115369,-0.330560,-0.339817,-0.251489,-0.232413,-0.041518,-0.017338
11326,97712.476510298,-2.749841,-1.175281,1.114081,-0.340666,-0.347290,-0.249435,-0.232781,-0.042408,-0.018548
11327,97712.481454145,-2.748252,-1.173508,1.112802,-0.352463,-0.357148,-0.250195,-0.233149,-0.043297,-0.019758
11328,97712.486397993,-2.746607,-1.171684,1.111517,-0.366002,-0.369089,-0.252940,-0.233517,-0.044186,-0.020968
11329,97712.491311323,-2.744909,-1.169809,1.110226,-0.381561,-0.382379,-0.255709,-0.233883,-0.045070,-0.022171
11330,97712.496255171,-2.743126,-1.167855,1.108911,-0.398861,-0.396028,-0.256858,-0.234251,-0.045960,-0.023381
11331,97712.501199018,-2.741260,-1.165829,1.107588,-0.417093,-0.408541,-0.255731,-0.234619,-0.046849,-0.024591
11332,97712.506142866,-2.739308,-1.163737,1.106268,-0.435794,-0.419478,-0.251695,-0.234987,-0.047738,-0.025801
11333,97712.511086714,-2.737265,-1.161587,1.104967,-0.454828,-0.429158,-0.245128,-0.235355,-0.048628,-0.027010
11334,97712.516000044,-2.735142,-1.159398,1.103703,-0.473660,-0.438159,-0.237369,-0.235721,-0.049512,-0.028213
11335,97712.520943891,-2.732915,-1.157146,1.102469,-0.492323,-0.447593,-0.229050,-0.236089,-0.050401,-0.029423
11336,97712.525857221,-2.730612,-1.154858,1.101280,-0.510700,-0.457997,-0.220933,-0.236455,-0.051285,-0.030625
11337,97712.530831587,-2.728190,-1.152485,1.100116,-0.528798,-0.469620,-0.212882,-0.236825,-0.052180,-0.031843
11338,97712.535775434,-2.725696,-1.150064,1.098996,-0.546128,-0.482331,-0.204908,-0.237193,-0.053069,-0.033053
11339,97712.540719282,-2.723119,-1.147577,1.097914,-0.563025,-0.496006,-0.196743,-0.237561,-0.053959,-0.034263
11340,97712.545663130,-2.720460,-1.145018,1.096870,-0.579078,-0.510048,-0.188439,-0.237930,-0.054848,-0.035473
11341,97712.550606977,-2.717725,-1.142386,1.095865,-0.594587,-0.524030,-0.180073,-0.238298,-0.055737,-0.036682
11342,97712.555550825,-2.714915,-1.139680,1.094899,-0.609929,-0.538203,-0.171819,-0.238666,-0.056627,-0.037892
11343,97712.560494673,-2.712032,-1.136901,1.093972,-0.625097,-0.552581,-0.163934,-0.239034,-0.057516,-0.039102
11344,97712.565438520,-2.709077,-1.134047,1.093082,-0.639974,-0.567082,-0.156638,-0.239402,-0.058405,-0.040312
11345,97712.570351850,-2.706070,-1.131136,1.092232,-0.654402,-0.581340,-0.150362,-0.239768,-0.059289,-0.041515
11346,97712.575295698,-2.702975,-1.128133,1.091405,-0.668453,-0.595269,-0.144848,-0.240136,-0.060179,-0.042725
11347,97712.580239546,-2.699813,-1.125057,1.090604,-0.682415,-0.608676,-0.139951,-0.240504,-0.061068,-0.043935
11348,97712.585183393,-2.696586,-1.121912,1.089825,-0.696068,-0.621773,-0.135355,-0.240872,-0.061957,-0.045145
11349,97712.590127241,-2.693293,-1.118699,1.089067,-0.709433,-0.634946,-0.131077,-0.241240,-0.062847,-0.046354
11350,97712.595040571,-2.689957,-1.115439,1.088333,-0.722874,-0.648913,-0.126358,-0.239002,-0.060816,-0.048486
11351,97712.599984419,-2.686537,-1.112085,1.087616,-0.736819,-0.664569,-0.119450,-0.236750,-0.058772,-0.050630
11352,97712.604928266,-2.683052,-1.108651,1.086931,-0.751316,-0.681570,-0.110304,-0.234498,-0.056728,-0.052774
11353,97712.609872114,-2.679497,-1.105130,1.086289,-0.766005,-0.699409,-0.100157,-0.232246,-0.054684,-0.054919
11354,97712.614815962,-2.675874,-1.101516,1.085695,-0.780896,-0.718132,-0.089799,-0.229994,-0.052640,-0.057063
11355,97712.619729292,-2.672202,-1.097829,1.085153,-0.796008,-0.737616,-0.079569,-0.227756,-0.050609,-0.059194
11356,97712.624673139,-2.668437,-1.094019,1.084657,-0.811707,-0.758439,-0.069454,-0.225505,-0.048566,-0.061338
11357,97712.629616987,-2.664598,-1.090102,1.084208,-0.828384,-0.780035,-0.059912,-0.223253,-0.046522,-0.063483
11358,97712.634560835,-2.660681,-1.086074,1.083803,-0.845985,-0.801081,-0.050972,-0.221001,-0.044478,-0.065627
11359,97712.639474165,-2.656706,-1.081963,1.083443,-0.864486,-0.820565,-0.042895,-0.218763,-0.042447,-0.067758
11360,97712.644418012,-2.652618,-1.077726,1.083117,-0.884652,-0.838263,-0.034958,-0.216511,-0.040403,-0.069903
11361,97712.649361860,-2.648434,-1.073397,1.082829,-0.906634,-0.853630,-0.026998,-0.214259,-0.038359,-0.072047
11362,97712.654275190,-2.644170,-1.069014,1.082578,-0.929677,-0.865601,-0.018373,-0.212021,-0.036328,-0.074178
11363,97712.659219038,-2.639768,-1.064539,1.082367,-0.953401,-0.874287,-0.008820,-0.209769,-0.034284,-0.076322
11364,97712.664162885,-2.635250,-1.060015,1.082200,-0.976533,-0.879911,0.002553,-0.207517,-0.032241,-0.078467
11365,97712.669106733,-2.630619,-1.055458,1.082087,-0.996864,-0.881571,0.016891,-0.205265,-0.030197,-0.080611
11366,97712.674020063,-2.625915,-1.050916,1.082044,-1.014482,-0.880232,0.033726,-0.203027,-0.028166,-0.082742
11367,97712.678963911,-2.621094,-1.046347,1.082083,-1.030045,-0.877780,0.051099,-0.200775,-0.026122,-0.084886
11368,97712.683907759,-2.616194,-1.041786,1.082206,-1.043470,-0.874881,0.067430,-0.198523,-0.024078,-0.087031
11369,97712.688851606,-2.611226,-1.037235,1.082409,-1.054221,-0.871450,0.082555,-0.196271,-0.022034,-0.089175
11370,97712.693795454,-2.606204,-1.032698,1.082687,-1.062545,-0.867929,0.097085,-0.194019,-0.019991,-0.091319
11371,97712.698708784,-2.601169,-1.028203,1.083034,-1.069322,-0.865933,0.112577,-0.191781,-0.017959,-0.093451
11372,97712.703652632,-2.596068,-1.023688,1.083459,-1.073886,-0.866492,0.129181,-0.189530,-0.015916,-0.095595
11373,97712.708596479,-2.590944,-1.019168,1.083966,-1.075201,-0.869326,0.147313,-0.187278,-0.013872,-0.097739
11374,97712.713540327,-2.585812,-1.014633,1.084562,-1.073095,-0.871271,0.165516,-0.185026,-0.011828,-0.099884
11375,97712.718453657,-2.580722,-1.010115,1.085244,-1.068127,-0.869565,0.183290,-0.182788,-0.009797,-0.102015
11376,97712.723428022,-2.575591,-1.005550,1.086023,-1.059688,-0.864043,0.202457,-0.180522,-0.007741,-0.104172
11377,97712.728402387,-2.570500,-1.001013,1.086899,-1.047340,-0.855843,0.223075,-0.178256,-0.005684,-0.106330
11378,97712.733346235,-2.565498,-0.996545,1.087872,-1.031408,-0.845165,0.244103,-0.176004,-0.003640,-0.108474
11379,97712.738290083,-2.560570,-0.992132,1.088952,-1.012504,-0.832513,0.264227,-0.173752,-0.001597,-0.110619
11380,97712.743233930,-2.555732,-0.987785,1.090133,-0.991648,-0.818295,0.281863,-0.171500,0.000447,-0.112763
11381,97712.748147260,-2.551022,-0.983538,1.091395,-0.970562,-0.803089,0.296649,-0.169262,0.002478,-0.114894
11382,97712.753060591,-2.546410,-0.979369,1.092733,-0.950222,-0.787843,0.310290,-0.167024,0.004509,-0.117025
11383,97712.757973921,-2.541895,-0.975278,1.094140,-0.931401,-0.773426,0.324193,-0.164786,0.006541,-0.119156
11384,97712.762917768,-2.537440,-0.971236,1.095627,-0.914070,-0.759557,0.338622,-0.162534,0.008584,-0.121301
11385,97712.767861616,-2.533066,-0.967266,1.097188,-0.898388,-0.745649,0.353146,-0.160283,0.010628,-0.123445
11386,97712.772805464,-2.528766,-0.963367,1.098822,-0.884076,-0.731299,0.367114,-0.158031,0.012672,-0.125589
11387,97712.777779829,-2.524507,-0.959517,1.100537,-0.871233,-0.716427,0.379814,-0.155765,0.014728,-0.127747
11388,97712.782693159,-2.520358,-0.955789,1.102296,-0.860611,-0.701945,0.390310,-0.153527,0.016760,-0.129878
11389,97712.787606489,-2.516258,-0.952134,1.104108,-0.852057,-0.688404,0.398099,-0.151289,0.018791,-0.132009
11390,97712.792550337,-2.512172,-0.948525,1.105971,-0.846383,-0.676746,0.403158,-0.149037,0.020834,-0.134153
11391,97712.797494184,-2.508110,-0.944974,1.107861,-0.843707,-0.668268,0.406298,-0.146785,0.022878,-0.136298
11392,97712.802438032,-2.504059,-0.941466,1.109766,-0.844473,-0.663253,0.408031,-0.144533,0.024922,-0.138442
11393,97712.807351362,-2.500029,-0.938003,1.111669,-0.848297,-0.661766,0.408626,-0.142295,0.026953,-0.140573
11394,97712.812295210,-2.495954,-0.934525,1.113586,-0.853698,-0.662975,0.408210,-0.140043,0.028997,-0.142718
11395,97712.817208540,-2.491878,-0.931062,1.115489,-0.859612,-0.665794,0.407203,-0.137805,0.031028,-0.144849
11396,97712.822182905,-2.487723,-0.927541,1.117410,-0.865564,-0.668667,0.405058,-0.135539,0.033084,-0.147006
11397,97712.827157270,-2.483539,-0.924004,1.119319,-0.870865,-0.670254,0.401181,-0.133273,0.035141,-0.149164
11398,97712.832101118,-2.479355,-0.920480,1.121197,-0.873845,-0.669768,0.396948,-0.131005,0.036894,-0.150053
11399,97712.837044966,-2.475157,-0.916958,1.123054,-0.874323,-0.666509,0.392166,-0.128736,0.038647,-0.150943
11400,97712.841958296,-2.470981,-0.913474,1.124877,-0.872983,-0.660058,0.386267,-0.128513,0.040435,-0.150775
11401,97712.846902143,-2.466786,-0.910001,1.126682,-0.869609,-0.650946,0.380293,-0.129364,0.042067,-0.150092
11402,97712.851845991,-2.462605,-0.906574,1.128458,-0.863656,-0.638688,0.374339,-0.130215,0.043700,-0.149409
11403,97712.856759321,-2.458478,-0.903230,1.130195,-0.856369,-0.623383,0.367349,-0.131061,0.045322,-0.148730
11404,97712.861703169,-2.454358,-0.899943,1.131910,-0.849531,-0.605134,0.358933,-0.131913,0.046955,-0.148047
11405,97712.866647016,-2.450268,-0.896747,1.133584,-0.843086,-0.585011,0.349238,-0.132764,0.048587,-0.147364
11406,97712.871590864,-2.446207,-0.893654,1.135213,-0.836421,-0.563907,0.338211,-0.133615,0.050219,-0.146681
11407,97712.876534712,-2.442174,-0.890667,1.136789,-0.829727,-0.542104,0.326022,-0.134466,0.051852,-0.145998
11408,97712.881478559,-2.438171,-0.887789,1.138306,-0.822581,-0.520311,0.312537,-0.135318,0.053484,-0.145314
11409,97712.886422407,-2.434199,-0.885022,1.139759,-0.815238,-0.498838,0.297582,-0.136169,0.055117,-0.144631
11410,97712.891335737,-2.430285,-0.882379,1.141131,-0.808137,-0.477999,0.280897,-0.137015,0.056739,-0.143952
11411,97712.896249067,-2.426402,-0.879842,1.142422,-0.801297,-0.457757,0.262371,-0.137861,0.058361,-0.143273
11412,97712.901192915,-2.422525,-0.877391,1.143632,-0.794296,-0.438525,0.241768,-0.138712,0.059994,-0.142590
11413,97712.906136762,-2.418680,-0.875038,1.144742,-0.787086,-0.420788,0.219352,-0.139564,0.061626,-0.141907
11414,97712.911080610,-2.414869,-0.872776,1.145743,-0.779833,-0.404898,0.195014,-0.140415,0.063259,-0.141224
11415,97712.916024458,-2.411092,-0.870595,1.146624,-0.772353,-0.390754,0.168900,-0.141266,0.064891,-0.140541
11416,97712.920937788,-2.407373,-0.868500,1.147374,-0.764412,-0.378349,0.141307,-0.142112,0.066513,-0.139862
11417,97712.925881635,-2.403670,-0.866458,1.147993,-0.756232,-0.367986,0.112101,-0.142963,0.068146,-0.139179
11418,97712.930825483,-2.400008,-0.864469,1.148469,-0.748011,-0.359787,0.081734,-0.143815,0.069778,-0.138496
11419,97712.935769331,-2.396386,-0.862526,1.148795,-0.739385,-0.353114,0.050378,-0.144666,0.071411,-0.137813
11420,97712.940713178,-2.392808,-0.860618,1.148968,-0.730812,-0.347752,0.018273,-0.145517,0.073043,-0.137130
11421,97712.945626509,-2.389294,-0.858753,1.148983,-0.722316,-0.343888,-0.014154,-0.146363,0.074666,-0.136451
11422,97712.950570356,-2.385803,-0.856899,1.148839,-0.713777,-0.341592,-0.046786,-0.147214,0.076298,-0.135768
11423,97712.955514204,-2.382356,-0.855061,1.148534,-0.705255,-0.340370,-0.079118,-0.148066,0.077930,-0.135084
11424,97712.960458052,-2.378952,-0.853232,1.148071,-0.696212,-0.339608,-0.111030,-0.148917,0.079563,-0.134401
11425,97712.965371382,-2.375617,-0.851423,1.147453,-0.686567,-0.339359,-0.142418,-0.149763,0.081185,-0.133722
11426,97712.970315229,-2.372310,-0.849607,1.146678,-0.675984,-0.339379,-0.173976,-0.150614,0.082818,-0.133039
11427,97712.975259077,-2.369058,-0.847796,1.145748,-0.664072,-0.339804,-0.205310,-0.151465,0.084450,-0.132356
11428,97712.980202925,-2.365867,-0.845987,1.144663,-0.651581,-0.340547,-0.236609,-0.152317,0.086082,-0.131673
11429,97712.985146772,-2.362740,-0.844179,1.143425,-0.638942,-0.341607,-0.268553,-0.153168,0.087715,-0.130990
11430,97712.990060102,-2.359697,-0.842381,1.142038,-0.626205,-0.342756,-0.300522,-0.154014,0.089337,-0.130311
11431,97712.995003950,-2.356700,-0.840572,1.140485,-0.613491,-0.343658,-0.333050,-0.154865,0.090970,-0.129628
11432,97712.999947798,-2.353769,-0.838763,1.138773,-0.601291,-0.344101,-0.365688,-0.155717,0.092602,-0.128945
11433,97713.004891645,-2.350900,-0.836957,1.136900,-0.589369,-0.343909,-0.397306,-0.156568,0.094234,-0.128262
11434,97713.009835493,-2.348093,-0.835156,1.134872,-0.577618,-0.342666,-0.426578,-0.157419,0.095867,-0.127578
11435,97713.014748823,-2.345362,-0.833376,1.132713,-0.566160,-0.339818,-0.451960,-0.158265,0.097489,-0.126900
11436,97713.019692671,-2.342673,-0.831604,1.130417,-0.554684,-0.335359,-0.471280,-0.159116,0.099122,-0.126216
11437,97713.024636518,-2.340040,-0.829857,1.128026,-0.543385,-0.329745,-0.482716,-0.159968,0.100754,-0.125533
11438,97713.029580366,-2.337463,-0.828142,1.125580,-0.532781,-0.324309,-0.484719,-0.160819,0.102387,-0.124850
11439,97713.034493696,-2.334952,-0.826466,1.123140,-0.523292,-0.321919,-0.475948,-0.161665,0.104009,-0.124171
11440,97713.039437544,-2.332472,-0.824793,1.120729,-0.515447,-0.323825,-0.456780,-0.162516,0.105641,-0.123488
11441,97713.044381391,-2.330030,-0.823111,1.118414,-0.509974,-0.330853,-0.429500,-0.163367,0.107274,-0.122805
11442,97713.049325239,-2.327614,-0.821393,1.116233,-0.506883,-0.345124,-0.397108,-0.164219,0.108906,-0.122122
11443,97713.054269087,-2.325214,-0.819604,1.114212,-0.504946,-0.367193,-0.363275,-0.165070,0.110539,-0.121439
11444,97713.059212934,-2.322826,-0.817704,1.112357,-0.503768,-0.396011,-0.331120,-0.165921,0.112171,-0.120756
11445,97713.064156782,-2.320448,-0.815660,1.110659,-0.503623,-0.430846,-0.301991,-0.166772,0.113803,-0.120073
11446,97713.069070112,-2.318091,-0.813456,1.109113,-0.504265,-0.469402,-0.275210,-0.167618,0.115426,-0.119394
11447,97713.074013960,-2.315722,-0.811046,1.107687,-0.505823,-0.510610,-0.248633,-0.168470,0.117058,-0.118710
11448,97713.078957807,-2.313353,-0.808431,1.106389,-0.509498,-0.552692,-0.221409,-0.169321,0.118691,-0.118027
11449,97713.083901655,-2.310973,-0.805605,1.105224,-0.516146,-0.594090,-0.192603,-0.170172,0.120323,-0.117344
11450,97713.088845503,-2.308567,-0.802571,1.104198,-0.525998,-0.634046,-0.160490,-0.170897,0.119715,-0.115273
11451,97713.093789350,-2.306118,-0.799336,1.103328,-0.540347,-0.672849,-0.124969,-0.171621,0.119106,-0.113202
11452,97713.098702680,-2.303620,-0.795925,1.102634,-0.561055,-0.709857,-0.087640,-0.172341,0.118502,-0.111144
11453,97713.103646528,-2.301010,-0.792304,1.102117,-0.589043,-0.745394,-0.050905,-0.173065,0.117893,-0.109073
11454,97713.108590376,-2.298267,-0.788498,1.101777,-0.622197,-0.780697,-0.019069,-0.173790,0.117285,-0.107002
11455,97713.113534223,-2.295365,-0.784509,1.101589,-0.656167,-0.816483,0.004789,-0.174514,0.116677,-0.104931
11456,97713.118478071,-2.292302,-0.780334,1.101515,-0.687229,-0.852674,0.019361,-0.175238,0.116068,-0.102860
11457,97713.123421919,-2.289092,-0.775973,1.101509,-0.713965,-0.888043,0.024963,-0.175963,0.115460,-0.100789
11458,97713.128365766,-2.285757,-0.771431,1.101526,-0.735933,-0.921206,0.021887,-0.176687,0.114852,-0.098718
11459,97713.133279096,-2.282342,-0.766750,1.101524,-0.753501,-0.950090,0.010671,-0.177407,0.114247,-0.096659
11460,97713.138222944,-2.278827,-0.761894,1.101464,-0.768236,-0.972919,-0.006966,-0.178131,0.113639,-0.094588
11461,97713.143166792,-2.275245,-0.756923,1.101315,-0.781327,-0.987891,-0.029850,-0.178856,0.113031,-0.092517
11462,97713.148110639,-2.271603,-0.751877,1.101050,-0.793879,-0.995014,-0.057049,-0.179580,0.112422,-0.090446
11463,97713.153054487,-2.267903,-0.746795,1.100649,-0.805899,-0.993453,-0.087439,-0.180305,0.111814,-0.088375
11464,97713.157967817,-2.264168,-0.741751,1.100101,-0.817623,-0.983677,-0.119456,-0.181025,0.111209,-0.086317
11465,97713.162911665,-2.260353,-0.736724,1.099391,-0.828959,-0.966075,-0.151464,-0.181749,0.110601,-0.084246
11466,97713.167855512,-2.256480,-0.731783,1.098523,-0.838213,-0.941170,-0.180725,-0.182473,0.109993,-0.082175
11467,97713.172799360,-2.252558,-0.726964,1.097511,-0.844607,-0.909838,-0.204075,-0.183198,0.109384,-0.080104
11468,97713.177712690,-2.248623,-0.722330,1.096392,-0.847820,-0.873546,-0.217975,-0.183918,0.108780,-0.078045
11469,97713.182656538,-2.244642,-0.717846,1.095199,-0.847873,-0.833532,-0.219295,-0.184642,0.108171,-0.075974
11470,97713.187600385,-2.240651,-0.713560,1.094002,-0.845083,-0.791076,-0.203875,-0.185366,0.107563,-0.073903
11471,97713.192544233,-2.236664,-0.709483,1.092884,-0.839712,-0.747149,-0.167411,-0.186091,0.106955,-0.071832
11472,97713.197488081,-2.232692,-0.705622,1.091950,-0.832137,-0.703263,-0.118720,-0.186815,0.106346,-0.069761
11473,97713.202401411,-2.228768,-0.701998,1.091263,-0.821375,-0.660467,-0.070481,-0.187535,0.105742,-0.067703
11474,97713.207345259,-2.224860,-0.698563,1.090814,-0.804047,-0.619253,-0.022589,-0.188259,0.105133,-0.065632
11475,97713.212289106,-2.221025,-0.695332,1.090606,-0.774081,-0.581476,0.024872,-0.188984,0.104525,-0.063561
11476,97713.217202436,-2.217350,-0.692310,1.090636,-0.731528,-0.550537,0.071575,-0.189704,0.103921,-0.061502
11477,97713.222146284,-2.213852,-0.689428,1.090903,-0.683282,-0.532768,0.112726,-0.190428,0.103312,-0.059431
11478,97713.227090132,-2.210585,-0.686642,1.091377,-0.638909,-0.533165,0.125570,-0.191152,0.102704,-0.057360
11479,97713.232033979,-2.207537,-0.683863,1.091918,-0.604756,-0.552631,0.113583,-0.191877,0.102096,-0.055289
11480,97713.237008344,-2.204644,-0.680978,1.092405,-0.583483,-0.586488,0.085672,-0.192606,0.101483,-0.053205
11481,97713.246865522,-2.199141,-0.674940,1.093093,-0.564079,-0.666347,0.002535,-0.194050,0.100271,-0.049076
11482,97713.251809370,-2.196500,-0.671527,1.093023,-0.558906,-0.700284,-0.054963,-0.194774,0.099662,-0.047005
11483,97713.256753218,-2.193896,-0.667951,1.092668,-0.548102,-0.726022,-0.108460,-0.195499,0.099054,-0.044934
11484,97713.261666548,-2.191370,-0.664277,1.092052,-0.527942,-0.742495,-0.151230,-0.196219,0.098449,-0.042876
11485,97713.266610395,-2.188935,-0.660505,1.091220,-0.496981,-0.749614,-0.179992,-0.196943,0.097841,-0.040805
11486,97713.271554243,-2.186657,-0.656706,1.090249,-0.457465,-0.746143,-0.194838,-0.197667,0.097233,-0.038734
11487,97713.276498091,-2.184573,-0.652935,1.089207,-0.413683,-0.729703,-0.199171,-0.198392,0.096624,-0.036663
11488,97713.281411421,-2.182715,-0.649277,1.088155,-0.370252,-0.699649,-0.196846,-0.199112,0.096020,-0.034604
11489,97713.286355268,-2.181053,-0.645754,1.087112,-0.331487,-0.656844,-0.189493,-0.199836,0.095411,-0.032533
11490,97713.291299116,-2.179572,-0.642450,1.086112,-0.302939,-0.604363,-0.178733,-0.200560,0.094803,-0.030462
11491,97713.296242964,-2.178220,-0.639411,1.085170,-0.288799,-0.546696,-0.165841,-0.201285,0.094195,-0.028391
11492,97713.301186811,-2.176924,-0.636659,1.084296,-0.291219,-0.488853,-0.152555,-0.202009,0.093586,-0.026320
11493,97713.306100141,-2.175611,-0.634206,1.083496,-0.308948,-0.435422,-0.141394,-0.202729,0.092982,-0.024262
11494,97713.311043989,-2.174190,-0.631998,1.082748,-0.339064,-0.388501,-0.133656,-0.203453,0.092373,-0.022191
11495,97713.315987837,-2.172610,-0.630014,1.082039,-0.376859,-0.350621,-0.129365,-0.204178,0.091765,-0.020120
11496,97713.320931684,-2.170834,-0.628209,1.081350,-0.416890,-0.322263,-0.128424,-0.204902,0.091157,-0.018049
11497,97713.325875532,-2.168855,-0.626536,1.080665,-0.454011,-0.302267,-0.130425,-0.205627,0.090548,-0.015978
11498,97713.330788862,-2.166701,-0.624963,1.079973,-0.484435,-0.288727,-0.134665,-0.206346,0.089944,-0.013919
11499,97713.335732710,-2.164381,-0.623440,1.079254,-0.505737,-0.279025,-0.139818,-0.207071,0.089336,-0.011848
11500,97713.340676557,-2.161954,-0.621962,1.078509,-0.516602,-0.272793,-0.144317,-0.206514,0.087596,-0.010515
11501,97713.345620405,-2.159472,-0.620512,1.077741,-0.517374,-0.269670,-0.147563,-0.205958,0.085856,-0.009182
11502,97713.350564253,-2.156986,-0.619077,1.076957,-0.509418,-0.268688,-0.149638,-0.205402,0.084116,-0.007848
11503,97713.355508100,-2.154540,-0.617649,1.076163,-0.495819,-0.269163,-0.151301,-0.204845,0.082376,-0.006515
11504,97713.360421430,-2.152175,-0.616231,1.075367,-0.480011,-0.270708,-0.153677,-0.204292,0.080647,-0.005190
11505,97713.365365278,-2.149874,-0.614800,1.074556,-0.464908,-0.273086,-0.157277,-0.203736,0.078907,-0.003856
11506,97713.370309126,-2.147649,-0.613361,1.073727,-0.452680,-0.275795,-0.162404,-0.203179,0.077167,-0.002523
11507,97713.375252973,-2.145485,-0.611911,1.072874,-0.443900,-0.278549,-0.168918,-0.202623,0.075427,-0.001190
11508,97713.380196821,-2.143366,-0.610450,1.071990,-0.437909,-0.280896,-0.176090,-0.202066,0.073687,0.000144
11509,97713.385110151,-2.141289,-0.608988,1.071076,-0.433577,-0.282567,-0.182910,-0.201513,0.071958,0.001469
11510,97713.390053999,-2.139223,-0.607510,1.070122,-0.429594,-0.283278,-0.188957,-0.200957,0.070218,0.002802
11511,97713.394997846,-2.137176,-0.606030,1.069139,-0.425442,-0.282805,-0.193732,-0.200400,0.068478,0.004135
11512,97713.399941694,-2.135151,-0.604553,1.068133,-0.420513,-0.281456,-0.197670,-0.199844,0.066738,0.005469
11513,97713.404885542,-2.133149,-0.603085,1.067108,-0.414721,-0.279636,-0.200945,-0.199287,0.064998,0.006802
11514,97713.409829389,-2.131176,-0.601627,1.066067,-0.408272,-0.277704,-0.203548,-0.198731,0.063258,0.008135
11515,97713.414742719,-2.129247,-0.600189,1.065021,-0.401556,-0.276153,-0.205584,-0.198178,0.061529,0.009460
11516,97713.419717085,-2.127327,-0.598742,1.063952,-0.394962,-0.275352,-0.207617,-0.197618,0.059779,0.010802
11517,97713.424660932,-2.125451,-0.597310,1.062879,-0.388748,-0.275835,-0.210132,-0.197062,0.058039,0.012135
11518,97713.429604780,-2.123606,-0.595876,1.061795,-0.382979,-0.277841,-0.213833,-0.196505,0.056299,0.013469
11519,97713.434548628,-2.121790,-0.594435,1.060693,-0.377784,-0.281365,-0.218724,-0.195949,0.054559,0.014802
11520,97713.439492475,-2.120002,-0.592977,1.059567,-0.373156,-0.286256,-0.224587,-0.195392,0.052819,0.016135
11521,97713.444405805,-2.118248,-0.591506,1.058419,-0.369013,-0.291980,-0.231090,-0.194839,0.051090,0.017460
11522,97713.449349653,-2.116506,-0.589999,1.057232,-0.365112,-0.297577,-0.238067,-0.194283,0.049350,0.018794
11523,97713.454293501,-2.114784,-0.588465,1.056011,-0.361468,-0.302388,-0.244990,-0.193726,0.047610,0.020127
11524,97713.459237348,-2.113082,-0.586909,1.054755,-0.357572,-0.306126,-0.251486,-0.193170,0.045870,0.021460
11525,97713.464150678,-2.111411,-0.585345,1.053475,-0.353488,-0.308202,-0.257961,-0.192617,0.044141,0.022786
11526,97713.469094526,-2.109751,-0.583763,1.052155,-0.349950,-0.308094,-0.264778,-0.192061,0.042401,0.024119
11527,97713.474038374,-2.108109,-0.582182,1.050802,-0.347578,-0.306192,-0.271710,-0.191504,0.040661,0.025452
11528,97713.478982221,-2.106478,-0.580612,1.049414,-0.347166,-0.302683,-0.278336,-0.190948,0.038921,0.026786
11529,97713.483926069,-2.104849,-0.579060,1.047995,-0.349276,-0.297500,-0.284607,-0.190391,0.037181,0.028119
11530,97713.488839399,-2.103220,-0.577542,1.046553,-0.354249,-0.291158,-0.290709,-0.189838,0.035452,0.029444
11531,97713.493783247,-2.101554,-0.576046,1.045072,-0.361672,-0.283750,-0.296398,-0.189282,0.033712,0.030777
11532,97713.498727094,-2.099851,-0.574585,1.043563,-0.370648,-0.275708,-0.301541,-0.188725,0.031972,0.032111
11533,97713.503670942,-2.098102,-0.573162,1.042029,-0.380489,-0.267445,-0.305549,-0.188169,0.030232,0.033444
11534,97713.508614790,-2.096303,-0.571778,1.040474,-0.390882,-0.259501,-0.308100,-0.187612,0.028492,0.034777
11535,97713.513558637,-2.094451,-0.570431,1.038907,-0.401467,-0.252513,-0.308950,-0.187056,0.026753,0.036111
11536,97713.518502485,-2.092546,-0.569117,1.037335,-0.411518,-0.246817,-0.308389,-0.186500,0.025013,0.037444
11537,97713.523415815,-2.090601,-0.567836,1.035775,-0.420777,-0.242671,-0.306761,-0.185755,0.023500,0.037804
11538,97713.528359663,-2.088598,-0.566566,1.034212,-0.429219,-0.240553,-0.304394,-0.185007,0.021977,0.038167
11539,97713.533303510,-2.086552,-0.565304,1.032662,-0.436803,-0.240655,-0.301698,-0.184258,0.020455,0.038530
11540,97713.538216841,-2.084482,-0.564048,1.031133,-0.443657,-0.243281,-0.298771,-0.183514,0.018942,0.038890
11541,97713.543160688,-2.082365,-0.562769,1.029609,-0.450648,-0.248229,-0.295774,-0.182765,0.017419,0.039253
11542,97713.548074018,-2.080228,-0.561473,1.028108,-0.458418,-0.255026,-0.292549,-0.182021,0.015906,0.039613
11543,97713.553017866,-2.078040,-0.560132,1.026612,-0.467551,-0.263071,-0.289046,-0.181272,0.014384,0.039976
11544,97713.557961714,-2.075809,-0.558750,1.025133,-0.477132,-0.272338,-0.285643,-0.180523,0.012861,0.040339
11545,97713.562905561,-2.073532,-0.557320,1.023669,-0.486322,-0.282438,-0.282048,-0.179774,0.011339,0.040701
11546,97713.567818891,-2.071227,-0.555847,1.022231,-0.495424,-0.292708,-0.277596,-0.179030,0.009826,0.041062
11547,97713.572762739,-2.068863,-0.554311,1.020804,-0.504842,-0.302739,-0.272343,-0.178281,0.008304,0.041424
11548,97713.577706587,-2.066456,-0.552724,1.019403,-0.514097,-0.312378,-0.267074,-0.177532,0.006781,0.041787
11549,97713.582650434,-2.064004,-0.551087,1.018026,-0.523522,-0.321752,-0.261529,-0.176783,0.005259,0.042150
11550,97713.587594282,-2.061507,-0.549401,1.016675,-0.534435,-0.330993,-0.254809,-0.174159,0.006397,0.040742
11551,97713.592538130,-2.058958,-0.547667,1.015356,-0.547792,-0.340050,-0.246258,-0.171534,0.007534,0.039334
11552,97713.597451460,-2.056360,-0.545896,1.014085,-0.563441,-0.348297,-0.237003,-0.168926,0.008665,0.037935
11553,97713.602395307,-2.053670,-0.544068,1.012851,-0.581415,-0.356146,-0.227736,-0.166301,0.009803,0.036527
11554,97713.607339155,-2.050893,-0.542198,1.011661,-0.602104,-0.363170,-0.218807,-0.163676,0.010941,0.035119
11555,97713.612283003,-2.048014,-0.540288,1.010513,-0.625501,-0.370026,-0.210464,-0.161052,0.012079,0.033711
11556,97713.617226850,-2.045020,-0.538338,1.009404,-0.650514,-0.376882,-0.202817,-0.158427,0.013217,0.032303
11557,97713.622170698,-2.041904,-0.536349,1.008330,-0.676408,-0.383551,-0.196110,-0.155802,0.014355,0.030895
11558,97713.627114546,-2.038661,-0.534321,1.007288,-0.702351,-0.389939,-0.190999,-0.153178,0.015492,0.029487
11559,97713.632058393,-2.035291,-0.532255,1.006268,-0.727574,-0.396171,-0.187213,-0.150553,0.016630,0.028079
11560,97713.636985008,-2.031809,-0.530160,1.005268,-0.751837,-0.402675,-0.183950,-0.147938,0.017764,0.026676
11561,97713.641928856,-2.028197,-0.528020,1.004279,-0.774785,-0.409739,-0.180628,-0.145313,0.018902,0.025268
11562,97713.646872704,-2.024473,-0.525840,1.003304,-0.796394,-0.417671,-0.177110,-0.142688,0.020040,0.023860
11563,97713.651816551,-2.020643,-0.523617,1.002345,-0.816579,-0.426380,-0.173380,-0.140064,0.021178,0.022452
11564,97713.656729881,-2.016740,-0.521359,1.001407,-0.835192,-0.435740,-0.169998,-0.137455,0.022309,0.021053
11565,97713.661673729,-2.012722,-0.519037,1.000479,-0.852549,-0.445405,-0.167292,-0.134831,0.023446,0.019645
11566,97713.666617577,-2.008620,-0.516663,0.999562,-0.868883,-0.454954,-0.165324,-0.132206,0.024584,0.018237
11567,97713.671561424,-2.004440,-0.514239,0.998653,-0.885085,-0.464377,-0.163602,-0.129581,0.025722,0.016829
11568,97713.676505272,-2.000182,-0.511764,0.997750,-0.902320,-0.473766,-0.160861,-0.126957,0.026860,0.015421
11569,97713.681418602,-1.995867,-0.509255,0.996865,-0.920702,-0.483033,-0.156240,-0.124348,0.027991,0.014022
11570,97713.686362450,-1.991436,-0.506680,0.995996,-0.940229,-0.492284,-0.149022,-0.121724,0.029129,0.012614
11571,97713.691306297,-1.986910,-0.504054,0.995160,-0.960645,-0.501933,-0.139602,-0.119099,0.030267,0.011206
11572,97713.696250145,-1.982285,-0.501376,0.994368,-0.981607,-0.511829,-0.129082,-0.116475,0.031404,0.009798
11573,97713.701193993,-1.977558,-0.498644,0.993627,-1.003522,-0.523063,-0.118026,-0.113850,0.032542,0.008390
11574,97713.706107323,-1.972754,-0.495869,0.992942,-1.026587,-0.536078,-0.106823,-0.111241,0.033673,0.006991
11575,97713.711081688,-1.967778,-0.492988,0.992301,-1.051253,-0.550726,-0.096266,-0.108601,0.034818,0.005574
11576,97713.715995018,-1.962744,-0.490065,0.991718,-1.076828,-0.565475,-0.087383,-0.105992,0.035949,0.004175
11577,97713.720908348,-1.957587,-0.487063,0.991175,-1.103660,-0.579755,-0.079850,-0.103384,0.037080,0.002776
11578,97713.725882713,-1.952236,-0.483947,0.990661,-1.131616,-0.592338,-0.074127,-0.100743,0.038225,0.001359
11579,97713.730826561,-1.946781,-0.480781,0.990175,-1.159586,-0.602504,-0.070479,-0.098118,0.039362,-0.000049
11580,97713.735770409,-1.941191,-0.477559,0.989704,-1.187505,-0.610404,-0.066941,-0.095494,0.040500,-0.001457
11581,97713.740714256,-1.935463,-0.474292,0.989249,-1.214470,-0.616105,-0.059983,-0.092869,0.041638,-0.002865
11582,97713.745658104,-1.929604,-0.470990,0.988825,-1.239744,-0.619104,-0.047632,-0.090244,0.042776,-0.004273
11583,97713.750601952,-1.923619,-0.467667,0.988460,-1.262850,-0.618186,-0.031735,-0.087620,0.043914,-0.005681
11584,97713.755515282,-1.917557,-0.464363,0.988174,-1.284237,-0.614221,-0.015804,-0.085011,0.045045,-0.007080
11585,97713.760459129,-1.911349,-0.461053,0.987964,-1.303399,-0.608864,-0.000446,-0.082387,0.046183,-0.008488
11586,97713.765402977,-1.905045,-0.457764,0.987828,-1.321290,-0.603477,0.013996,-0.079762,0.047320,-0.009896
11587,97713.770346825,-1.898650,-0.454497,0.987763,-1.338590,-0.598587,0.028163,-0.077137,0.048458,-0.011304
11588,97713.775290672,-1.892167,-0.451249,0.987767,-1.354440,-0.594835,0.042814,-0.074513,0.049596,-0.012712
11589,97713.780234520,-1.885604,-0.448015,0.987842,-1.367908,-0.590707,0.058422,-0.071888,0.050734,-0.014120
11590,97713.785147850,-1.879014,-0.444818,0.987993,-1.378084,-0.583962,0.075471,-0.069280,0.051865,-0.015519
11591,97713.790091698,-1.872330,-0.441631,0.988229,-1.384402,-0.573592,0.094925,-0.066655,0.053003,-0.016927
11592,97713.795035545,-1.865611,-0.438493,0.988561,-1.385759,-0.560230,0.117736,-0.064030,0.054140,-0.018335
11593,97713.799979393,-1.858880,-0.435419,0.989006,-1.382158,-0.544690,0.143515,-0.061406,0.055278,-0.019743
11594,97713.804923241,-1.852163,-0.432420,0.989580,-1.374012,-0.528447,0.171428,-0.058781,0.056416,-0.021151
11595,97713.809867088,-1.845480,-0.429502,0.990294,-1.361581,-0.511695,0.200097,-0.056157,0.057554,-0.022559
11596,97713.814780419,-1.838893,-0.426685,0.991146,-1.345952,-0.494629,0.227544,-0.053548,0.058685,-0.023958
11597,97713.819724266,-1.832337,-0.423937,0.992141,-1.328097,-0.477085,0.252997,-0.050923,0.059823,-0.025366
11598,97713.824637596,-1.825904,-0.421294,0.993257,-1.309850,-0.459329,0.276205,-0.048315,0.060954,-0.026765
11599,97713.829581444,-1.819515,-0.418725,0.994497,-1.292439,-0.441472,0.298953,-0.045690,0.062091,-0.028173
11600,97713.834525292,-1.813207,-0.416246,0.995853,-1.276486,-0.423265,0.322128,-0.043518,0.063379,-0.029310
11601,97713.839469139,-1.806972,-0.413859,0.997325,-1.261433,-0.403709,0.344875,-0.041346,0.064667,-0.030446
11602,97713.844382469,-1.800843,-0.411584,0.998902,-1.246733,-0.382657,0.366329,-0.039187,0.065946,-0.031575
11603,97713.849326317,-1.794743,-0.409402,1.000597,-1.231521,-0.360176,0.386371,-0.037015,0.067234,-0.032712
11604,97713.854270165,-1.788712,-0.407332,1.002393,-1.215837,-0.337158,0.404346,-0.034843,0.068522,-0.033848
11605,97713.859214012,-1.782752,-0.405378,1.004282,-1.200625,-0.314637,0.419541,-0.032671,0.069809,-0.034985
11606,97713.864127342,-1.776897,-0.403549,1.006235,-1.186609,-0.293838,0.431816,-0.030512,0.071089,-0.036114
11607,97713.869071190,-1.771070,-0.401814,1.008264,-1.175064,-0.275633,0.441010,-0.028340,0.072377,-0.037250
11608,97713.874015038,-1.765295,-0.400171,1.010340,-1.167397,-0.261376,0.447605,-0.026167,0.073664,-0.038387
11609,97713.878958885,-1.759554,-0.398599,1.012450,-1.164460,-0.251104,0.452568,-0.023995,0.074952,-0.039523
11610,97713.883902733,-1.753826,-0.397078,1.014585,-1.166225,-0.244747,0.456626,-0.021823,0.076240,-0.040660
11611,97713.888816063,-1.748122,-0.395598,1.016728,-1.171243,-0.241835,0.458951,-0.019664,0.077520,-0.041789
11612,97713.893759911,-1.742358,-0.394121,1.018895,-1.178566,-0.241194,0.459189,-0.017492,0.078807,-0.042925
11613,97713.898703758,-1.736557,-0.392646,1.021062,-1.187007,-0.241497,0.458224,-0.015320,0.080095,-0.044062
11614,97713.903647606,-1.730714,-0.391167,1.023225,-1.195579,-0.241686,0.456213,-0.013148,0.081382,-0.045198
11615,97713.908591454,-1.724830,-0.389686,1.025376,-1.203142,-0.241051,0.453226,-0.010976,0.082670,-0.046335
11616,97713.913535301,-1.718908,-0.388206,1.027513,-1.208703,-0.238541,0.449099,-0.008803,0.083958,-0.047471
11617,97713.918479149,-1.712958,-0.386738,1.029628,-1.211447,-0.233095,0.443789,-0.006631,0.085245,-0.048607
11618,97713.923422997,-1.706994,-0.385297,1.031718,-1.210962,-0.224565,0.437536,-0.004459,0.086533,-0.049744
11619,97713.928366844,-1.701031,-0.383898,1.033777,-1.207031,-0.213080,0.430242,-0.002287,0.087821,-0.050880
11620,97713.933310692,-1.695086,-0.382558,1.035801,-1.199832,-0.198535,0.422047,-0.000115,0.089108,-0.052017
11621,97713.938224022,-1.689210,-0.381299,1.037774,-1.189875,-0.181479,0.412948,0.002044,0.090388,-0.053146
11622,97713.943167870,-1.683344,-0.380119,1.039716,-1.177749,-0.161832,0.402816,0.004216,0.091676,-0.054282
11623,97713.948081200,-1.677569,-0.379046,1.041598,-1.163898,-0.140522,0.391677,0.006375,0.092956,-0.055412
11624,97713.953025047,-1.671824,-0.378075,1.043439,-1.148506,-0.118422,0.379065,0.008547,0.094243,-0.056548
11625,97713.957968895,-1.666150,-0.377218,1.045220,-1.132290,-0.096944,0.364761,0.010720,0.095531,-0.057684
11626,97713.962912743,-1.660554,-0.376471,1.046933,-1.115789,-0.076900,0.348632,0.012892,0.096819,-0.058821
11627,97713.967826073,-1.655069,-0.375832,1.048559,-1.098972,-0.057444,0.330817,0.015051,0.098098,-0.059950
11628,97713.972769920,-1.649630,-0.375290,1.050109,-1.081838,-0.038203,0.310681,0.017223,0.099386,-0.061087
11629,97713.977713768,-1.644274,-0.374847,1.051562,-1.064571,-0.020289,0.288651,0.019395,0.100674,-0.062223
11630,97713.982657616,-1.639000,-0.374498,1.052908,-1.047389,-0.004243,0.264990,0.021567,0.101961,-0.063359
11631,97713.987601463,-1.633809,-0.374234,1.054140,-1.030617,0.009814,0.239845,0.023739,0.103249,-0.064496
11632,97713.992514794,-1.628732,-0.374046,1.055243,-1.014768,0.021896,0.213746,0.025898,0.104529,-0.065625
11633,97713.997458641,-1.623700,-0.373921,1.056225,-0.999324,0.031902,0.186369,0.028070,0.105816,-0.066762
11634,97714.002402489,-1.618745,-0.373850,1.057074,-0.984267,0.039802,0.158010,0.030243,0.107104,-0.067898
11635,97714.007346337,-1.613864,-0.373824,1.057784,-0.969459,0.045591,0.129105,0.032415,0.108392,-0.069034
11636,97714.012290184,-1.609057,-0.373831,1.058353,-0.954895,0.049652,0.099934,0.034587,0.109679,-0.070171
11637,97714.017234032,-1.604323,-0.373863,1.058779,-0.940432,0.052216,0.070999,0.036759,0.110967,-0.071307
11638,97714.022177879,-1.599663,-0.373913,1.059063,-0.926142,0.053395,0.042359,0.038931,0.112255,-0.072444
11639,97714.027121727,-1.595074,-0.373974,1.059207,-0.911882,0.053383,0.013978,0.041103,0.113542,-0.073580
11640,97714.032065575,-1.590558,-0.374039,1.059211,-0.897003,0.052416,-0.014267,0.043276,0.114830,-0.074716
11641,97714.037009422,-1.586118,-0.374105,1.059077,-0.881549,0.050316,-0.042608,0.045448,0.116118,-0.075853
11642,97714.041953270,-1.581756,-0.374165,1.058804,-0.865380,0.047141,-0.071024,0.047620,0.117405,-0.076989
11643,97714.046897118,-1.577478,-0.374215,1.058392,-0.848242,0.043086,-0.099658,0.049792,0.118693,-0.078126
11644,97714.051810448,-1.573312,-0.374250,1.057842,-0.829999,0.038469,-0.128339,0.051951,0.119973,-0.079255
11645,97714.056754295,-1.569214,-0.374269,1.057148,-0.810434,0.033236,-0.157276,0.054123,0.121260,-0.080391
11646,97714.061698143,-1.565216,-0.374268,1.056312,-0.790009,0.027603,-0.186004,0.056295,0.122548,-0.081528
11647,97714.066641991,-1.561321,-0.374245,1.055336,-0.768854,0.022367,-0.214525,0.058468,0.123836,-0.082664
11648,97714.071585838,-1.557535,-0.374202,1.054220,-0.748040,0.016871,-0.242105,0.060640,0.125123,-0.083800
11649,97714.076529686,-1.553854,-0.374139,1.052968,-0.728205,0.010965,-0.267967,0.062812,0.126411,-0.084937
11650,97714.081443016,-1.550297,-0.374053,1.051599,-0.708651,0.005641,-0.291305,0.061361,0.126027,-0.084908
11651,97714.086386864,-1.546817,-0.373946,1.050107,-0.689129,0.001136,-0.311181,0.059901,0.125640,-0.084878
11652,97714.091330712,-1.543436,-0.373822,1.048517,-0.669001,-0.002611,-0.325768,0.058441,0.125254,-0.084848
11653,97714.096274559,-1.540156,-0.373685,1.046857,-0.648677,-0.005224,-0.334426,0.056981,0.124867,-0.084819
11654,97714.101218407,-1.536977,-0.373540,1.045156,-0.628652,-0.006428,-0.336887,0.055521,0.124480,-0.084789
11655,97714.106131737,-1.533917,-0.373394,1.043454,-0.609577,-0.007706,-0.332742,0.054070,0.124096,-0.084760
11656,97714.111075585,-1.530932,-0.373245,1.041763,-0.594354,-0.011188,-0.322738,0.052610,0.123710,-0.084730
11657,97714.116019432,-1.528023,-0.373081,1.040123,-0.585134,-0.019656,-0.307512,0.051150,0.123323,-0.084701
11658,97714.120932762,-1.525177,-0.372878,1.038568,-0.580825,-0.033218,-0.289336,0.049699,0.122939,-0.084671
11659,97714.125876610,-1.522336,-0.372607,1.037093,-0.580411,-0.052843,-0.270751,0.048239,0.122552,-0.084642
11660,97714.130820458,-1.519501,-0.372237,1.035708,-0.583179,-0.077715,-0.253236,0.046779,0.122166,-0.084612
11661,97714.135764305,-1.516656,-0.371743,1.034409,-0.588867,-0.106356,-0.238091,0.045319,0.121779,-0.084583
11662,97714.145652001,-1.510920,-0.370468,1.031955,-0.604849,-0.169967,-0.212209,0.042399,0.121006,-0.084524
11663,97714.150595848,-1.507985,-0.369511,1.030850,-0.621848,-0.205580,-0.201993,0.040939,0.120620,-0.084494
11664,97714.155539696,-1.504973,-0.368374,1.029794,-0.643313,-0.241029,-0.191228,0.039479,0.120233,-0.084465
11665,97714.160483544,-1.501862,-0.367056,1.028786,-0.668093,-0.275150,-0.177999,0.038020,0.119847,-0.084435
11666,97714.165396874,-1.498655,-0.365573,1.027846,-0.694638,-0.305814,-0.161029,0.036569,0.119462,-0.084406
11667,97714.170340721,-1.495303,-0.363923,1.026980,-0.722729,-0.331192,-0.139489,0.035109,0.119076,-0.084376
11668,97714.175284569,-1.491815,-0.362139,1.026217,-0.751849,-0.349470,-0.113051,0.033649,0.118689,-0.084347
11669,97714.180228417,-1.488186,-0.360258,1.025581,-0.783318,-0.360626,-0.081451,0.032189,0.118303,-0.084317
11670,97714.185141747,-1.484426,-0.358324,1.025102,-0.818912,-0.366198,-0.046882,0.030738,0.117919,-0.084288
11671,97714.190085594,-1.480464,-0.356342,1.024787,-0.859673,-0.369023,-0.012251,0.029278,0.117532,-0.084258
11672,97714.195029442,-1.476300,-0.354334,1.024641,-0.903195,-0.373325,0.018352,0.027818,0.117145,-0.084229
11673,97714.199973290,-1.471919,-0.352293,1.024642,-0.945437,-0.381168,0.041938,0.026358,0.116759,-0.084199
11674,97714.204917137,-1.467330,-0.350204,1.024756,-0.983599,-0.392712,0.057345,0.024898,0.116372,-0.084170
11675,97714.209860985,-1.462554,-0.348048,1.024943,-1.016874,-0.406657,0.064411,0.023438,0.115986,-0.084140
11676,97714.214804833,-1.457616,-0.345815,1.025161,-1.044578,-0.420906,0.062500,0.020637,0.115044,-0.083121
11677,97714.219718163,-1.452575,-0.343521,1.025366,-1.066680,-0.433126,0.051277,0.017854,0.114109,-0.082109
11678,97714.224662010,-1.447398,-0.341148,1.025515,-1.084288,-0.441295,0.031267,0.015054,0.113168,-0.081091
11679,97714.229605858,-1.442137,-0.338732,1.025562,-1.097821,-0.443169,0.003565,0.012253,0.112226,-0.080072
11680,97714.234519188,-1.436844,-0.336320,1.025472,-1.107446,-0.436930,-0.030451,0.009470,0.111291,-0.079060
11681,97714.239463036,-1.431472,-0.333924,1.025213,-1.113417,-0.422168,-0.069522,0.006670,0.110349,-0.078041
11682,97714.244406883,-1.426070,-0.331603,1.024761,-1.116341,-0.399163,-0.110846,0.003869,0.109408,-0.077023
11683,97714.249350731,-1.420651,-0.329397,1.024107,-1.116095,-0.368906,-0.150930,0.001069,0.108466,-0.076004
11684,97714.254264061,-1.415264,-0.327356,1.023261,-1.112606,-0.333408,-0.185509,-0.001714,0.107531,-0.074992
11685,97714.259177391,-1.409889,-0.325492,1.022247,-1.105950,-0.295376,-0.211089,-0.004498,0.106595,-0.073979
11686,97714.264121239,-1.404506,-0.323807,1.021104,-1.096166,-0.256848,-0.225584,-0.007298,0.105654,-0.072961
11687,97714.269065087,-1.399165,-0.322315,1.019892,-1.083162,-0.219218,-0.226850,-0.010098,0.104713,-0.071942
11688,97714.274008934,-1.393879,-0.321012,1.018677,-1.066870,-0.183315,-0.211744,-0.012899,0.103771,-0.070924
11689,97714.278952782,-1.388665,-0.319890,1.017540,-1.047108,-0.149613,-0.176972,-0.015699,0.102830,-0.069905
11690,97714.283866112,-1.383571,-0.318941,1.016585,-1.023833,-0.118554,-0.128052,-0.018482,0.101894,-0.068893
11691,97714.288809960,-1.378550,-0.318142,1.015869,-0.998527,-0.091001,-0.079024,-0.021283,0.100953,-0.067874
11692,97714.293753807,-1.373644,-0.317482,1.015398,-0.969499,-0.070136,-0.030625,-0.024083,0.100012,-0.066856
11693,97714.298697655,-1.368873,-0.316927,1.015171,-0.931952,-0.060123,0.017449,-0.026884,0.099070,-0.065837
11694,97714.303641503,-1.364283,-0.316428,1.015184,-0.885531,-0.063614,0.065165,-0.029684,0.098129,-0.064819
11695,97714.308554833,-1.359946,-0.315921,1.015435,-0.835431,-0.080940,0.112638,-0.032467,0.097193,-0.063806
11696,97714.313498680,-1.355829,-0.315333,1.015925,-0.791426,-0.112306,0.146331,-0.035268,0.096252,-0.062788
11697,97714.318412010,-1.351959,-0.314602,1.016578,-0.765567,-0.158477,0.149276,-0.038051,0.095316,-0.061776
11698,97714.323386376,-1.348179,-0.313639,1.017254,-0.763585,-0.216985,0.130363,-0.040869,0.094369,-0.060751
11699,97714.328299706,-1.344468,-0.312401,1.017825,-0.778558,-0.275579,0.093493,-0.043652,0.093434,-0.059738
11700,97714.333243553,-1.340677,-0.310866,1.018213,-0.798484,-0.327491,0.037824,-0.047332,0.092062,-0.058651
11701,97714.338187401,-1.336802,-0.309073,1.018321,-0.811280,-0.366706,-0.028867,-0.051013,0.090689,-0.057564
11702,97714.343131249,-1.332877,-0.307089,1.018096,-0.811764,-0.393680,-0.095712,-0.054693,0.089317,-0.056477
11703,97714.348075096,-1.328960,-0.304975,1.017539,-0.800425,-0.412410,-0.152897,-0.058374,0.087945,-0.055390
11704,97714.353018944,-1.325108,-0.302774,1.016699,-0.779137,-0.423143,-0.193258,-0.062054,0.086573,-0.054304
11705,97714.357962792,-1.321366,-0.300528,1.015660,-0.748342,-0.423273,-0.216782,-0.065734,0.085201,-0.053217
11706,97714.362876122,-1.317800,-0.298303,1.014515,-0.708334,-0.410633,-0.227260,-0.069392,0.083838,-0.052136
11707,97714.367819969,-1.314407,-0.296136,1.013314,-0.660756,-0.383564,-0.228653,-0.073073,0.082466,-0.051049
11708,97714.372763817,-1.311244,-0.294113,1.012112,-0.609341,-0.341066,-0.222542,-0.076753,0.081094,-0.049962
11709,97714.377707665,-1.308325,-0.292311,1.010946,-0.559574,-0.283039,-0.208374,-0.080433,0.079722,-0.048875
11710,97714.382651512,-1.305638,-0.290805,1.009858,-0.517492,-0.213362,-0.189329,-0.084114,0.078350,-0.047788
11711,97714.387564842,-1.303157,-0.289659,1.008877,-0.488365,-0.137753,-0.169210,-0.087772,0.076986,-0.046708
11712,97714.392508690,-1.300788,-0.288883,1.007996,-0.474343,-0.061462,-0.150964,-0.091452,0.075614,-0.045621
11713,97714.397452538,-1.298469,-0.288487,1.007211,-0.476581,0.008233,-0.137486,-0.095132,0.074242,-0.044534
11714,97714.402396385,-1.296124,-0.288433,1.006496,-0.493601,0.064074,-0.130174,-0.098813,0.072870,-0.043447
11715,97714.407340233,-1.293682,-0.288651,1.005820,-0.520932,0.103162,-0.129143,-0.102493,0.071498,-0.042360
11716,97714.412253563,-1.291112,-0.289053,1.005153,-0.552062,0.127179,-0.133452,-0.106151,0.070134,-0.041280
11717,97714.417197411,-1.288367,-0.289570,1.004460,-0.579605,0.140352,-0.140999,-0.109831,0.068762,-0.040193
11718,97714.422141258,-1.285484,-0.290147,1.003728,-0.597891,0.144870,-0.149348,-0.113512,0.067390,-0.039106
11719,97714.427085106,-1.282511,-0.290742,1.002955,-0.604758,0.142701,-0.155904,-0.117192,0.066018,-0.038019
11720,97714.432028954,-1.279504,-0.291326,1.002147,-0.601835,0.135756,-0.159364,-0.120873,0.064646,-0.036932
11721,97714.436972801,-1.276514,-0.291876,1.001323,-0.592270,0.125100,-0.160943,-0.124553,0.063274,-0.035845
11722,97714.441916649,-1.273574,-0.292376,1.000491,-0.579225,0.112470,-0.161395,-0.128234,0.061902,-0.034758
11723,97714.446829979,-1.270718,-0.292813,0.999662,-0.565946,0.099899,-0.161715,-0.131891,0.060538,-0.033678
11724,97714.451773827,-1.267913,-0.293195,0.998827,-0.554715,0.088966,-0.162764,-0.135572,0.059166,-0.032591
11725,97714.456717674,-1.265166,-0.293524,0.997986,-0.546378,0.080603,-0.164808,-0.139252,0.057794,-0.031504
11726,97714.461661522,-1.262462,-0.293814,0.997136,-0.540401,0.074382,-0.168484,-0.142933,0.056422,-0.030417
11727,97714.466574852,-1.259805,-0.294074,0.996273,-0.535409,0.069611,-0.173952,-0.146590,0.055059,-0.029336
11728,97714.471518700,-1.257158,-0.294313,0.995377,-0.530521,0.065600,-0.180127,-0.150271,0.053687,-0.028249
11729,97714.476462547,-1.254537,-0.294533,0.994451,-0.525253,0.061941,-0.185969,-0.153951,0.052315,-0.027162
11730,97714.481406395,-1.251943,-0.294737,0.993497,-0.519243,0.058418,-0.191038,-0.157632,0.050943,-0.026075
11731,97714.486350243,-1.249380,-0.294925,0.992517,-0.512107,0.055013,-0.195374,-0.161312,0.049571,-0.024988
11732,97714.491263573,-1.246868,-0.295097,0.991523,-0.504202,0.051859,-0.198875,-0.164970,0.048207,-0.023908
11733,97714.496207420,-1.244381,-0.295257,0.990506,-0.495267,0.048969,-0.201950,-0.168650,0.046835,-0.022821
11734,97714.501151268,-1.241939,-0.295404,0.989473,-0.486180,0.045871,-0.205443,-0.172330,0.045463,-0.021734
11735,97714.506095116,-1.239543,-0.295539,0.988425,-0.477883,0.041864,-0.210050,-0.176011,0.044091,-0.020647
11736,97714.511038963,-1.237189,-0.295655,0.987353,-0.470983,0.036267,-0.215618,-0.179691,0.042719,-0.019560
11737,97714.515952294,-1.234885,-0.295745,0.986261,-0.465349,0.029411,-0.221848,-0.183349,0.041355,-0.018480
11738,97714.520896141,-1.232596,-0.295804,0.985132,-0.460771,0.021051,-0.228627,-0.187029,0.039983,-0.017393
11739,97714.525839989,-1.230332,-0.295823,0.983969,-0.456421,0.011170,-0.234845,-0.190710,0.038611,-0.016306
11740,97714.530753319,-1.228106,-0.295794,0.982782,-0.451363,0.000507,-0.240719,-0.194368,0.037248,-0.015226
11741,97714.535697167,-1.225894,-0.295714,0.981559,-0.445477,-0.010495,-0.246424,-0.198048,0.035876,-0.014139
11742,97714.540641014,-1.223714,-0.295581,0.980307,-0.438680,-0.020905,-0.251458,-0.201728,0.034504,-0.013052
11743,97714.545584862,-1.221570,-0.295399,0.979030,-0.431521,-0.029305,-0.255796,-0.205409,0.033132,-0.011965
11744,97714.550528710,-1.219464,-0.295177,0.977732,-0.424464,-0.034835,-0.259868,-0.209089,0.031760,-0.010878
11745,97714.555472557,-1.217394,-0.294929,0.976414,-0.418142,-0.037603,-0.263578,-0.212770,0.030387,-0.009791
11746,97714.560416405,-1.215356,-0.294670,0.975078,-0.413219,-0.038070,-0.267284,-0.216450,0.029015,-0.008704
11747,97714.565360253,-1.213343,-0.294409,0.973723,-0.410022,-0.036279,-0.271250,-0.220131,0.027643,-0.007617
11748,97714.570273583,-1.211358,-0.294160,0.972359,-0.408862,-0.032650,-0.275276,-0.223788,0.026280,-0.006537
11749,97714.575217430,-1.209365,-0.293928,0.970966,-0.409552,-0.027236,-0.279498,-0.227469,0.024908,-0.005450
11750,97714.580161278,-1.207369,-0.293722,0.969552,-0.411473,-0.020401,-0.284150,-0.227556,0.023234,-0.005656
11751,97714.585105126,-1.205361,-0.293550,0.968116,-0.414371,-0.012708,-0.289099,-0.227643,0.021560,-0.005863
11752,97714.590048973,-1.203338,-0.293416,0.966655,-0.418073,-0.004632,-0.293883,-0.227730,0.019886,-0.006070
11753,97714.594992821,-1.201296,-0.293321,0.965171,-0.422470,0.003378,-0.298101,-0.227817,0.018212,-0.006277
11754,97714.599936669,-1.199230,-0.293265,0.963666,-0.427588,0.011012,-0.301144,-0.227904,0.016538,-0.006483
11755,97714.604849999,-1.197150,-0.293246,0.962156,-0.433289,0.017703,-0.303290,-0.227991,0.014875,-0.006689
11756,97714.609793846,-1.195028,-0.293259,0.960626,-0.439482,0.023358,-0.304602,-0.228078,0.013201,-0.006896
11757,97714.614737694,-1.192875,-0.293298,0.959089,-0.446099,0.027877,-0.305155,-0.228165,0.011527,-0.007103
11758,97714.619681542,-1.190688,-0.293359,0.957549,-0.453543,0.031128,-0.304730,-0.228252,0.009853,-0.007309
11759,97714.624594872,-1.188476,-0.293433,0.956020,-0.461432,0.033141,-0.303423,-0.228339,0.008190,-0.007515
11760,97714.629538719,-1.186212,-0.293516,0.954488,-0.469662,0.034073,-0.301567,-0.228426,0.006516,-0.007722
11761,97714.634452049,-1.183921,-0.293601,0.952974,-0.478058,0.033708,-0.299512,-0.228512,0.004852,-0.007927
11762,97714.639395897,-1.181574,-0.293683,0.951460,-0.486734,0.032020,-0.297298,-0.228600,0.003178,-0.008134
11763,97714.644339745,-1.179185,-0.293755,0.949956,-0.495966,0.029449,-0.295039,-0.228687,0.001504,-0.008341
11764,97714.649283592,-1.176750,-0.293811,0.948463,-0.506098,0.026246,-0.292407,-0.228774,-0.000170,-0.008548
11765,97714.659171288,-1.171782,-0.293888,0.945500,-0.528140,0.019178,-0.287163,-0.228948,-0.003517,-0.008961
11766,97714.664115135,-1.169190,-0.293887,0.944043,-0.540508,0.015027,-0.285705,-0.229035,-0.005191,-0.009168
11767,97714.669058983,-1.166538,-0.293862,0.942591,-0.552977,0.009441,-0.285164,-0.229122,-0.006865,-0.009375
11768,97714.674002831,-1.163826,-0.293807,0.941141,-0.566312,0.002696,-0.284651,-0.229209,-0.008539,-0.009581
11769,97714.678946678,-1.161049,-0.293716,0.939692,-0.581286,-0.003479,-0.282430,-0.229296,-0.010213,-0.009788
11770,97714.683860008,-1.158217,-0.293591,0.938261,-0.597928,-0.007466,-0.278292,-0.229383,-0.011876,-0.009994
11771,97714.688803856,-1.155285,-0.293443,0.936841,-0.616333,-0.008750,-0.272340,-0.229470,-0.013550,-0.010201
11772,97714.693747704,-1.152263,-0.293283,0.935448,-0.636031,-0.007311,-0.264814,-0.229557,-0.015224,-0.010407
11773,97714.698691551,-1.149142,-0.293126,0.934092,-0.656732,-0.003193,-0.256127,-0.229644,-0.016898,-0.010614
11774,97714.703635399,-1.145918,-0.292984,0.932777,-0.678279,0.002537,-0.246925,-0.229731,-0.018572,-0.010821
11775,97714.708548729,-1.142606,-0.292866,0.931514,-0.699629,0.008737,-0.237994,-0.229818,-0.020236,-0.011026
11776,97714.713492577,-1.139166,-0.292773,0.930286,-0.720746,0.015075,-0.229086,-0.229905,-0.021909,-0.011233
11777,97714.718436424,-1.135620,-0.292706,0.929101,-0.741814,0.020598,-0.219995,-0.229992,-0.023583,-0.011440
11778,97714.728293602,-1.128338,-0.292616,0.926825,-0.785037,0.030049,-0.201499,-0.230166,-0.026921,-0.011852
11779,97714.733237450,-1.124469,-0.292608,0.925773,-0.807097,0.032187,-0.192697,-0.230253,-0.028595,-0.012059
11780,97714.738181297,-1.120490,-0.292604,0.924762,-0.829808,0.032926,-0.184414,-0.230340,-0.030269,-0.012266
11781,97714.743125145,-1.116398,-0.292599,0.923791,-0.852886,0.032927,-0.176630,-0.230427,-0.031943,-0.012473
11782,97714.748068993,-1.112191,-0.292588,0.922856,-0.876065,0.032071,-0.169336,-0.230514,-0.033616,-0.012679
11783,97714.753012840,-1.107870,-0.292567,0.921956,-0.898967,0.030414,-0.162948,-0.230601,-0.035290,-0.012886
11784,97714.757926170,-1.103463,-0.292533,0.921091,-0.921164,0.028035,-0.157860,-0.230688,-0.036954,-0.013092
11785,97714.762870018,-1.098919,-0.292483,0.920244,-0.942826,0.025274,-0.153484,-0.230775,-0.038628,-0.013299
11786,97714.767813866,-1.094268,-0.292413,0.919417,-0.963966,0.022777,-0.148960,-0.230862,-0.040302,-0.013505
11787,97714.772757713,-1.089513,-0.292326,0.918610,-0.984802,0.020418,-0.143429,-0.230949,-0.041976,-0.013712
11788,97714.777701561,-1.084656,-0.292223,0.917829,-1.005762,0.018473,-0.136278,-0.231036,-0.043649,-0.013919
11789,97714.782614891,-1.079725,-0.292106,0.917086,-1.027340,0.016303,-0.126886,-0.231123,-0.045313,-0.014124
11790,97714.787558739,-1.074657,-0.291972,0.916384,-1.050351,0.013675,-0.115205,-0.231210,-0.046987,-0.014331
11791,97714.792502587,-1.069475,-0.291820,0.915737,-1.074439,0.010483,-0.102357,-0.231297,-0.048661,-0.014538
11792,97714.797446434,-1.064174,-0.291645,0.915152,-1.099455,0.006318,-0.089543,-0.231384,-0.050335,-0.014745
11793,97714.802390282,-1.058749,-0.291444,0.914628,-1.125261,0.000784,-0.077463,-0.231471,-0.052009,-0.014952
11794,97714.807334129,-1.053197,-0.291209,0.914161,-1.152183,-0.006304,-0.066217,-0.231559,-0.053682,-0.015158
11795,97714.812247460,-1.047549,-0.290935,0.913751,-1.179883,-0.014392,-0.055980,-0.231645,-0.055346,-0.015364
11796,97714.817191307,-1.041729,-0.290612,0.913385,-1.208415,-0.022522,-0.047200,-0.231732,-0.057020,-0.015571
11797,97714.822135155,-1.035769,-0.290242,0.913061,-1.237703,-0.029512,-0.039761,-0.231819,-0.058694,-0.015777
11798,97714.827048485,-1.029704,-0.289833,0.912772,-1.266714,-0.034602,-0.033603,-0.231906,-0.060357,-0.015983
11799,97714.832022850,-1.023419,-0.289388,0.912508,-1.295924,-0.037228,-0.028214,-0.231994,-0.062042,-0.016191
11800,97714.836966698,-1.017029,-0.288925,0.912270,-1.324441,-0.037280,-0.023225,-0.229894,-0.060876,-0.016783
11801,97714.841910545,-1.010498,-0.288456,0.912055,-1.351138,-0.034817,-0.017537,-0.228939,-0.059721,-0.017976
11802,97714.846854393,-1.003835,-0.287993,0.911866,-1.374343,-0.030082,-0.009535,-0.227985,-0.058567,-0.019170
11803,97714.851798241,-0.997055,-0.287547,0.911715,-1.391960,-0.023110,0.002528,-0.227030,-0.057412,-0.020363
11804,97714.856742088,-0.990185,-0.287132,0.911622,-1.405289,-0.014475,0.018243,-0.226075,-0.056258,-0.021557
11805,97714.861655419,-0.983290,-0.286757,0.911607,-1.416416,-0.005291,0.034656,-0.225127,-0.055110,-0.022743
11806,97714.866629784,-0.976250,-0.286420,0.911673,-1.425897,0.004927,0.050770,-0.224166,-0.053949,-0.023944
11807,97714.871573631,-0.969204,-0.286133,0.911818,-1.433143,0.015398,0.066764,-0.223212,-0.052794,-0.025137
11808,97714.876517479,-0.962118,-0.285895,0.912043,-1.438650,0.024383,0.083092,-0.222257,-0.051640,-0.026331
11809,97714.881430809,-0.955046,-0.285700,0.912346,-1.442934,0.030433,0.100242,-0.221308,-0.050492,-0.027517
11810,97714.886344139,-0.947950,-0.285532,0.912734,-1.446356,0.031750,0.119204,-0.220360,-0.049345,-0.028703
11811,97714.891287987,-0.940792,-0.285369,0.913217,-1.448268,0.030424,0.137236,-0.219405,-0.048190,-0.029897
11812,97714.896231835,-0.933623,-0.285197,0.913790,-1.447114,0.030014,0.153933,-0.218450,-0.047036,-0.031090
11813,97714.901175682,-0.926459,-0.285022,0.914445,-1.441411,0.031300,0.171311,-0.217496,-0.045881,-0.032284
11814,97714.906119530,-0.919321,-0.284854,0.915186,-1.431411,0.033336,0.190820,-0.216541,-0.044727,-0.033477
11815,97714.911063378,-0.912231,-0.284697,0.916025,-1.417183,0.035476,0.212223,-0.214300,-0.043065,-0.035484
11816,97714.916007225,-0.905209,-0.284552,0.916971,-1.398822,0.037680,0.235050,-0.212060,-0.041404,-0.037491
11817,97714.920951073,-0.898276,-0.284420,0.918031,-1.376740,0.040116,0.257551,-0.209819,-0.039743,-0.039497
11818,97714.925894920,-0.891450,-0.284304,0.919204,-1.351852,0.043361,0.278449,-0.207578,-0.038082,-0.041504
11819,97714.930838768,-0.884744,-0.284208,0.920483,-1.325486,0.047445,0.297608,-0.205337,-0.036420,-0.043511
11820,97714.935721581,-0.878248,-0.284138,0.921841,-1.299483,0.052208,0.316030,-0.203124,-0.034779,-0.045493
11821,97714.940665428,-0.871796,-0.284095,0.923310,-1.274089,0.057737,0.335139,-0.200884,-0.033118,-0.047499
11822,97714.945578758,-0.865507,-0.284083,0.924865,-1.249548,0.063629,0.354641,-0.198657,-0.031467,-0.049494
11823,97714.950522606,-0.859296,-0.284104,0.926529,-1.225195,0.070100,0.373732,-0.196416,-0.029806,-0.051500
11824,97714.955466454,-0.853204,-0.284162,0.928290,-1.201405,0.077152,0.390894,-0.194175,-0.028144,-0.053507
11825,97714.960410301,-0.847226,-0.284258,0.930137,-1.179037,0.084301,0.405374,-0.191935,-0.026483,-0.055513
11826,97714.965323631,-0.841392,-0.284393,0.932046,-1.158740,0.091200,0.416891,-0.189708,-0.024832,-0.057508
11827,97714.970267479,-0.835620,-0.284566,0.934026,-1.141184,0.097274,0.425859,-0.187467,-0.023171,-0.059514
11828,97714.975211327,-0.829932,-0.284773,0.936052,-1.127920,0.102082,0.432439,-0.185226,-0.021510,-0.061521
11829,97714.980155174,-0.824309,-0.285006,0.938112,-1.119306,0.105254,0.436967,-0.182986,-0.019848,-0.063528
11830,97714.985099022,-0.818727,-0.285256,0.940195,-1.115268,0.106491,0.439979,-0.180745,-0.018187,-0.065534
11831,97714.990042870,-0.813164,-0.285513,0.942293,-1.115200,0.105528,0.441466,-0.178504,-0.016526,-0.067541
11832,97714.994986717,-0.807602,-0.285765,0.944399,-1.118210,0.103052,0.441672,-0.176263,-0.014864,-0.069548
11833,97714.999900047,-0.802060,-0.286002,0.946492,-1.122640,0.100158,0.440885,-0.174037,-0.013213,-0.071542
11834,97715.004843895,-0.796463,-0.286226,0.948594,-1.127248,0.097691,0.438976,-0.171796,-0.011552,-0.073549
11835,97715.009787743,-0.790843,-0.286437,0.950686,-1.130295,0.096039,0.435801,-0.169555,-0.009891,-0.075555
11836,97715.014731590,-0.785209,-0.286639,0.952761,-1.130767,0.095737,0.431744,-0.167314,-0.008229,-0.077562
11837,97715.019644920,-0.779608,-0.286839,0.954804,-1.128311,0.097647,0.426674,-0.165088,-0.006578,-0.079556
11838,97715.024588768,-0.773984,-0.287050,0.956835,-1.122609,0.101599,0.420660,-0.162847,-0.004917,-0.081563
11839,97715.029532616,-0.768388,-0.287282,0.958837,-1.113367,0.106975,0.413832,-0.160606,-0.003256,-0.083570
11840,97715.034476463,-0.762836,-0.287543,0.960806,-1.100912,0.113919,0.405809,-0.158365,-0.001594,-0.085576
11841,97715.039420311,-0.757345,-0.287842,0.962737,-1.085947,0.122248,0.396702,-0.156125,0.000067,-0.087583
11842,97715.044364159,-0.751927,-0.288186,0.964625,-1.068968,0.131462,0.386797,-0.153884,0.001728,-0.089590
11843,97715.049308006,-0.746592,-0.288579,0.966465,-1.050839,0.141739,0.376022,-0.151643,0.003389,-0.091596
11844,97715.054221337,-0.741377,-0.289026,0.968243,-1.032016,0.152678,0.364121,-0.149416,0.005040,-0.093590
11845,97715.059165184,-0.736221,-0.289533,0.969975,-1.012504,0.164020,0.350828,-0.147176,0.006702,-0.095597
11846,97715.064109032,-0.731160,-0.290102,0.971644,-0.993125,0.175788,0.336290,-0.144935,0.008363,-0.097604
11847,97715.069052879,-0.726193,-0.290734,0.973243,-0.973809,0.187720,0.320276,-0.142694,0.010024,-0.099610
11848,97715.073966210,-0.721350,-0.291426,0.974755,-0.955241,0.199078,0.303065,-0.140467,0.011675,-0.101605
11849,97715.078910057,-0.716568,-0.292183,0.976194,-0.936961,0.209759,0.284212,-0.138227,0.013337,-0.103611
11850,97715.083853905,-0.711875,-0.292999,0.977542,-0.919269,0.219214,0.263743,-0.137047,0.014592,-0.105272
11851,97715.088797753,-0.707268,-0.293866,0.978791,-0.902310,0.227023,0.241510,-0.135868,0.015848,-0.106933
11852,97715.093741600,-0.702746,-0.294776,0.979931,-0.886052,0.233066,0.217370,-0.134689,0.017103,-0.108594
11853,97715.098685448,-0.698303,-0.295722,0.980953,-0.870663,0.237591,0.191210,-0.133510,0.018359,-0.110255
11854,97715.103598778,-0.693965,-0.296689,0.981842,-0.855804,0.240677,0.163465,-0.132338,0.019607,-0.111905
11855,97715.108542626,-0.689675,-0.297682,0.982601,-0.841079,0.242057,0.134471,-0.131158,0.020862,-0.113566
11856,97715.113486473,-0.685459,-0.298687,0.983218,-0.826501,0.241841,0.104373,-0.129979,0.022118,-0.115227
11857,97715.118430321,-0.681317,-0.299696,0.983687,-0.812516,0.240253,0.073149,-0.128800,0.023374,-0.116888
11858,97715.123374169,-0.677247,-0.300702,0.984002,-0.799100,0.237419,0.040988,-0.127620,0.024629,-0.118549
11859,97715.128318016,-0.673246,-0.301699,0.984160,-0.786695,0.233530,0.008590,-0.126441,0.025885,-0.120209
11860,97715.133261864,-0.669310,-0.302681,0.984158,-0.774901,0.228864,-0.023773,-0.125262,0.027140,-0.121870
11861,97715.138175194,-0.665459,-0.303640,0.983997,-0.763517,0.223493,-0.055422,-0.124090,0.028388,-0.123521
11862,97715.143119042,-0.661643,-0.304582,0.983680,-0.752300,0.217080,-0.086654,-0.122911,0.029644,-0.125182
11863,97715.148062889,-0.657887,-0.305496,0.983209,-0.740975,0.209691,-0.117891,-0.121731,0.030899,-0.126842
11864,97715.153006737,-0.654191,-0.306379,0.982583,-0.728700,0.201100,-0.149017,-0.120552,0.032155,-0.128503
11865,97715.157920067,-0.650581,-0.307219,0.981809,-0.715403,0.191340,-0.179846,-0.119380,0.033403,-0.130154
11866,97715.162863915,-0.647020,-0.308020,0.980879,-0.701180,0.180523,-0.211085,-0.118201,0.034658,-0.131815
11867,97715.167807762,-0.643533,-0.308773,0.979794,-0.686826,0.169180,-0.243082,-0.117022,0.035914,-0.133475
11868,97715.172751610,-0.640121,-0.309475,0.978552,-0.672442,0.157522,-0.275776,-0.115842,0.037169,-0.135136
11869,97715.177695458,-0.636786,-0.310125,0.977148,-0.658064,0.146119,-0.308857,-0.114663,0.038425,-0.136797
11870,97715.182608788,-0.633547,-0.310720,0.975591,-0.643644,0.135323,-0.341259,-0.113491,0.039673,-0.138448
11871,97715.187583153,-0.630343,-0.311274,0.973853,-0.628807,0.125114,-0.372591,-0.112304,0.040936,-0.140119
11872,97715.192496483,-0.627257,-0.311776,0.971984,-0.613602,0.115685,-0.400608,-0.111132,0.042184,-0.141769
11873,97715.197440331,-0.624230,-0.312240,0.969965,-0.597255,0.107194,-0.425390,-0.109953,0.043439,-0.143430
11874,97715.202384178,-0.621287,-0.312667,0.967825,-0.579925,0.100506,-0.445719,-0.108774,0.044695,-0.145091
11875,97715.207328026,-0.618434,-0.313066,0.965584,-0.563655,0.094816,-0.459188,-0.107595,0.045951,-0.146752
11876,97715.212241356,-0.615679,-0.313439,0.963293,-0.549512,0.090027,-0.464346,-0.106423,0.047198,-0.148402
11877,97715.217185204,-0.612979,-0.313794,0.960962,-0.538061,0.085527,-0.461370,-0.105243,0.048454,-0.150063
11878,97715.222098534,-0.610353,-0.314127,0.958661,-0.531039,0.078982,-0.451912,-0.104071,0.049702,-0.151714
11879,97715.227042381,-0.607745,-0.314431,0.956392,-0.529644,0.068091,-0.437002,-0.102892,0.050957,-0.153375
11880,97715.232016747,-0.605130,-0.314681,0.954183,-0.535154,0.052764,-0.418050,-0.101706,0.052221,-0.155046
11881,97715.236930077,-0.602522,-0.314851,0.952093,-0.546594,0.034704,-0.396574,-0.100534,0.053468,-0.156696
11882,97715.241873924,-0.599844,-0.314929,0.950094,-0.562916,0.013985,-0.373928,-0.099354,0.054724,-0.158357
11883,97715.246817772,-0.597087,-0.314900,0.948205,-0.583601,-0.008525,-0.351831,-0.098175,0.055980,-0.160018
11884,97715.251761620,-0.594232,-0.314754,0.946422,-0.607754,-0.031954,-0.330387,-0.096996,0.057235,-0.161679
11885,97715.256674950,-0.591280,-0.314487,0.944752,-0.634703,-0.055313,-0.309101,-0.095824,0.058483,-0.163329
11886,97715.261618797,-0.588179,-0.314096,0.943174,-0.664876,-0.077106,-0.285791,-0.094644,0.059739,-0.164990
11887,97715.266562645,-0.584933,-0.313589,0.941707,-0.699018,-0.095554,-0.258925,-0.093465,0.060994,-0.166651
11888,97715.271506493,-0.581520,-0.312983,0.940370,-0.738014,-0.109725,-0.227464,-0.092286,0.062250,-0.168312
11889,97715.276450340,-0.577916,-0.312295,0.939184,-0.783106,-0.119481,-0.192056,-0.091107,0.063505,-0.169973
11890,97715.281394188,-0.574088,-0.311548,0.938169,-0.835596,-0.124449,-0.154744,-0.089927,0.064761,-0.171633
11891,97715.286338036,-0.570000,-0.310762,0.937335,-0.894515,-0.125890,-0.118501,-0.088748,0.066016,-0.173294
11892,97715.291251366,-0.565645,-0.309959,0.936679,-0.956049,-0.126165,-0.086954,-0.087576,0.067264,-0.174945
11893,97715.296195213,-0.560957,-0.309135,0.936171,-1.016159,-0.127859,-0.061899,-0.086397,0.068520,-0.176606
11894,97715.301139061,-0.555971,-0.308287,0.935782,-1.070556,-0.132322,-0.044432,-0.085218,0.069775,-0.178267
11895,97715.306082909,-0.550716,-0.307405,0.935474,-1.118128,-0.139425,-0.034466,-0.084038,0.071031,-0.179927
11896,97715.311026756,-0.545227,-0.306477,0.935213,-1.158270,-0.148046,-0.031564,-0.082859,0.072286,-0.181588
11897,97715.315940087,-0.539576,-0.305503,0.934963,-1.189740,-0.156827,-0.035560,-0.081687,0.073534,-0.183239
11898,97715.320883934,-0.533737,-0.304473,0.934690,-1.212772,-0.163546,-0.046080,-0.080508,0.074790,-0.184900
11899,97715.325797264,-0.527823,-0.303412,0.934364,-1.227065,-0.166725,-0.062248,-0.079336,0.076038,-0.186550
11900,97715.330741112,-0.521804,-0.302327,0.933955,-1.232000,-0.165162,-0.083426,-0.079586,0.076183,-0.186918
11901,97715.335684960,-0.515762,-0.301250,0.933441,-1.227546,-0.158823,-0.108656,-0.079837,0.076329,-0.187285
11902,97715.340628807,-0.509742,-0.300207,0.932803,-1.214041,-0.148373,-0.136327,-0.080088,0.076475,-0.187652
11903,97715.345572655,-0.503788,-0.299220,0.932030,-1.192899,-0.135201,-0.164317,-0.080339,0.076621,-0.188020
11904,97715.350516503,-0.497938,-0.298305,0.931121,-1.165361,-0.120721,-0.190023,-0.080590,0.076766,-0.188387
11905,97715.355460350,-0.492223,-0.297468,0.930088,-1.133444,-0.105594,-0.209573,-0.080840,0.076912,-0.188755
11906,97715.360404198,-0.486663,-0.296715,0.928962,-1.099983,-0.090347,-0.219144,-0.081091,0.077058,-0.189122
11907,97715.365317528,-0.481299,-0.296048,0.927798,-1.067002,-0.075520,-0.215958,-0.081340,0.077203,-0.189487
11908,97715.370261376,-0.476062,-0.295458,0.926647,-1.034281,-0.060374,-0.197897,-0.081591,0.077348,-0.189855
11909,97715.375205223,-0.470981,-0.294948,0.925588,-1.002313,-0.044684,-0.162244,-0.081842,0.077494,-0.190222
11910,97715.380149071,-0.466053,-0.294521,0.924709,-0.972008,-0.028777,-0.113350,-0.082093,0.077640,-0.190589
11911,97715.385092919,-0.461267,-0.294176,0.924075,-0.944593,-0.014317,-0.064148,-0.082343,0.077785,-0.190957
11912,97715.390036766,-0.456610,-0.293905,0.923687,-0.918738,-0.005888,-0.015397,-0.082594,0.077931,-0.191324
11913,97715.394950096,-0.452103,-0.293679,0.923543,-0.892748,-0.009503,0.032551,-0.082843,0.078076,-0.191689
11914,97715.399893944,-0.447694,-0.293437,0.923637,-0.864632,-0.026320,0.079926,-0.083094,0.078222,-0.192057
11915,97715.404868309,-0.443397,-0.293113,0.923968,-0.838638,-0.055622,0.125143,-0.083347,0.078368,-0.192427
11916,97715.409781639,-0.439284,-0.292652,0.924518,-0.822688,-0.094091,0.151525,-0.083596,0.078513,-0.192792
11917,97715.414694969,-0.435256,-0.292003,0.925196,-0.819137,-0.139156,0.157096,-0.083845,0.078658,-0.193157
11918,97715.419638817,-0.431229,-0.291129,0.925903,-0.826102,-0.187390,0.148900,-0.084096,0.078804,-0.193524
11919,97715.424582665,-0.427180,-0.290015,0.926566,-0.838578,-0.234082,0.128933,-0.084347,0.078949,-0.193892
11920,97715.429526512,-0.423080,-0.288669,0.927127,-0.851014,-0.276542,0.097612,-0.084597,0.079095,-0.194259
11921,97715.434470360,-0.418930,-0.287113,0.927530,-0.857800,-0.313397,0.056944,-0.084848,0.079241,-0.194627
11922,97715.439414208,-0.414758,-0.285376,0.927729,-0.854225,-0.344179,0.010321,-0.085099,0.079386,-0.194994
11923,97715.444358055,-0.410614,-0.283491,0.927696,-0.837994,-0.369710,-0.038155,-0.085350,0.079532,-0.195361
11924,97715.449271385,-0.406583,-0.281499,0.927424,-0.810130,-0.389769,-0.083346,-0.085599,0.079677,-0.195727
11925,97715.454215233,-0.402673,-0.279404,0.926929,-0.772065,-0.402426,-0.121465,-0.085850,0.079823,-0.196094
11926,97715.459159081,-0.398956,-0.277257,0.926247,-0.725985,-0.403984,-0.148686,-0.086101,0.079968,-0.196461
11927,97715.464102928,-0.395469,-0.275114,0.925434,-0.674845,-0.391705,-0.164143,-0.086351,0.080114,-0.196829
11928,97715.469016258,-0.392254,-0.273056,0.924554,-0.621613,-0.364725,-0.168146,-0.086601,0.080259,-0.197194
11929,97715.473960106,-0.389275,-0.271131,0.923655,-0.568149,-0.322121,-0.161252,-0.086851,0.080405,-0.197561
11930,97715.478903954,-0.386551,-0.269427,0.922797,-0.518969,-0.266217,-0.147555,-0.087102,0.080550,-0.197929
11931,97715.483847801,-0.384056,-0.268010,0.922013,-0.478660,-0.201530,-0.131052,-0.087353,0.080696,-0.198296
11932,97715.488791649,-0.381746,-0.266919,0.921317,-0.451568,-0.132959,-0.114380,-0.087604,0.080842,-0.198664
11933,97715.493704979,-0.379566,-0.266177,0.920714,-0.439715,-0.066321,-0.099879,-0.087853,0.080987,-0.199029
11934,97715.498648827,-0.377416,-0.265760,0.920184,-0.442291,-0.005920,-0.089229,-0.088104,0.081132,-0.199396
11935,97715.503592674,-0.375239,-0.265641,0.919710,-0.455352,0.044012,-0.083595,-0.088354,0.081278,-0.199764
11936,97715.508536522,-0.372987,-0.265765,0.919265,-0.473008,0.083171,-0.082509,-0.088605,0.081424,-0.200131
11937,97715.513480370,-0.370639,-0.266078,0.918827,-0.489119,0.112210,-0.084497,-0.088856,0.081570,-0.200498
11938,97715.518454735,-0.368190,-0.266535,0.918377,-0.499250,0.131113,-0.087078,-0.089108,0.081716,-0.200868
11939,97715.523398583,-0.365702,-0.267080,0.917917,-0.502605,0.139961,-0.089421,-0.089359,0.081862,-0.201236
11940,97715.528311913,-0.363212,-0.267664,0.917449,-0.500214,0.139875,-0.091249,-0.089608,0.082007,-0.201601
11941,97715.533255760,-0.360717,-0.268253,0.916969,-0.493824,0.132640,-0.092614,-0.089859,0.082152,-0.201968
11942,97715.538169090,-0.358272,-0.268803,0.916486,-0.486410,0.119588,-0.094896,-0.090108,0.082297,-0.202333
11943,97715.543112938,-0.355850,-0.269295,0.915988,-0.480077,0.102614,-0.098636,-0.090359,0.082443,-0.202701
11944,97715.548056786,-0.353464,-0.269704,0.915471,-0.475792,0.083810,-0.103076,-0.090610,0.082589,-0.203068
11945,97715.552970116,-0.351118,-0.270019,0.914934,-0.473420,0.065097,-0.107667,-0.090859,0.082733,-0.203433
11946,97715.557913963,-0.348774,-0.270245,0.914371,-0.472688,0.047550,-0.112223,-0.091110,0.082879,-0.203801
11947,97715.562857811,-0.346437,-0.270385,0.913784,-0.471938,0.031596,-0.116729,-0.091361,0.083025,-0.204168
11948,97715.567801659,-0.344108,-0.270446,0.913174,-0.470473,0.017007,-0.120427,-0.091611,0.083171,-0.204535
11949,97715.572745506,-0.341789,-0.270436,0.912544,-0.467590,0.004225,-0.123557,-0.091862,0.083316,-0.204903
11950,97715.577689354,-0.339488,-0.270363,0.911899,-0.463087,-0.006360,-0.126195,-0.091454,0.082646,-0.203690
11951,97715.582602684,-0.337226,-0.270240,0.911245,-0.457409,-0.014697,-0.128755,-0.091048,0.081979,-0.202484
11952,97715.587546532,-0.334979,-0.270077,0.910573,-0.451019,-0.020852,-0.131006,-0.090639,0.081309,-0.201271
11953,97715.592490379,-0.332766,-0.269884,0.909891,-0.444882,-0.025274,-0.133587,-0.090231,0.080638,-0.200058
11954,97715.597434227,-0.330584,-0.269672,0.909196,-0.440057,-0.028443,-0.137066,-0.089856,0.080084,-0.198524
11955,97715.602378075,-0.328426,-0.269445,0.908484,-0.436890,-0.030942,-0.141481,-0.089481,0.079529,-0.196989
11956,97715.607291405,-0.326299,-0.269208,0.907755,-0.435321,-0.033362,-0.146506,-0.089109,0.078979,-0.195465
11957,97715.612235253,-0.324167,-0.268958,0.906996,-0.434975,-0.036194,-0.151801,-0.088734,0.078424,-0.193930
11958,97715.617148583,-0.322050,-0.268696,0.906216,-0.435114,-0.039375,-0.156772,-0.088361,0.077874,-0.192406
11959,97715.622092430,-0.319921,-0.268417,0.905407,-0.434805,-0.042870,-0.161423,-0.087986,0.077319,-0.190871
11960,97715.627036278,-0.317795,-0.268122,0.904574,-0.433804,-0.046348,-0.165741,-0.087612,0.076765,-0.189337
11961,97715.631980126,-0.315675,-0.267809,0.903720,-0.432107,-0.049414,-0.169676,-0.087237,0.076211,-0.187803
11962,97715.636923973,-0.313563,-0.267483,0.902846,-0.430019,-0.051949,-0.173627,-0.086862,0.075657,-0.186269
11963,97715.641867821,-0.311464,-0.267144,0.901953,-0.428222,-0.053775,-0.177501,-0.086487,0.075102,-0.184735
11964,97715.646811669,-0.309373,-0.266797,0.901040,-0.427145,-0.054385,-0.181421,-0.086112,0.074548,-0.183200
11965,97715.651755516,-0.307289,-0.266447,0.900108,-0.427248,-0.054218,-0.185232,-0.085737,0.073994,-0.181666
11966,97715.656668846,-0.305216,-0.266101,0.899164,-0.428497,-0.053393,-0.189990,-0.085365,0.073443,-0.180141
11967,97715.661612694,-0.303126,-0.265756,0.898190,-0.430889,-0.051547,-0.195887,-0.084990,0.072889,-0.178607
11968,97715.666556542,-0.301023,-0.265421,0.897186,-0.434239,-0.049011,-0.201586,-0.084615,0.072335,-0.177073
11969,97715.671500389,-0.298903,-0.265098,0.896155,-0.438480,-0.045600,-0.207087,-0.084240,0.071780,-0.175539
11970,97715.676444237,-0.296763,-0.264791,0.895096,-0.442841,-0.041221,-0.212013,-0.083865,0.071226,-0.174005
11971,97715.681357567,-0.294613,-0.264506,0.894019,-0.447021,-0.036019,-0.216022,-0.083493,0.070675,-0.172480
11972,97715.686301415,-0.292429,-0.264245,0.892916,-0.451461,-0.030272,-0.219413,-0.083118,0.070121,-0.170946
11973,97715.691245262,-0.290222,-0.264012,0.891796,-0.456000,-0.024913,-0.221934,-0.082743,0.069567,-0.169411
11974,97715.696189110,-0.287991,-0.263804,0.890663,-0.460736,-0.020501,-0.224350,-0.082368,0.069013,-0.167877
11975,97715.701132958,-0.285736,-0.263617,0.889519,-0.465968,-0.017413,-0.226484,-0.081994,0.068458,-0.166343
11976,97715.706076805,-0.283455,-0.263445,0.888364,-0.471900,-0.015599,-0.228355,-0.081619,0.067904,-0.164809
11977,97715.710990135,-0.281158,-0.263281,0.887206,-0.478472,-0.014923,-0.230091,-0.081246,0.067353,-0.163284
11978,97715.715933983,-0.278815,-0.263118,0.886032,-0.485553,-0.015560,-0.231658,-0.080871,0.066799,-0.161750
11979,97715.720877831,-0.276437,-0.262951,0.884850,-0.492957,-0.017321,-0.232801,-0.080497,0.066245,-0.160216
11980,97715.725791161,-0.274038,-0.262775,0.883669,-0.500437,-0.019930,-0.234006,-0.080124,0.065694,-0.158691
11981,97715.730735008,-0.271588,-0.262583,0.882474,-0.508047,-0.023047,-0.234833,-0.079749,0.065140,-0.157157
11982,97715.735678856,-0.269101,-0.262374,0.881274,-0.516201,-0.026185,-0.234640,-0.079374,0.064585,-0.155622
11983,97715.740622704,-0.266574,-0.262147,0.880075,-0.525166,-0.028846,-0.233044,-0.079000,0.064031,-0.154088
11984,97715.745566551,-0.264003,-0.261906,0.878882,-0.534925,-0.031159,-0.230480,-0.078625,0.063477,-0.152554
11985,97715.750510399,-0.261385,-0.261651,0.877701,-0.545351,-0.033359,-0.227658,-0.078250,0.062923,-0.151020
11986,97715.755454247,-0.258715,-0.261382,0.876533,-0.556505,-0.035548,-0.224943,-0.077875,0.062368,-0.149485
11987,97715.760367577,-0.256007,-0.261102,0.875385,-0.568405,-0.038109,-0.222952,-0.077502,0.061818,-0.147961
11988,97715.765311424,-0.253225,-0.260805,0.874238,-0.581443,-0.041450,-0.221830,-0.077128,0.061263,-0.146427
11989,97715.770255272,-0.250378,-0.260489,0.873096,-0.595536,-0.044884,-0.220686,-0.076753,0.060709,-0.144892
11990,97715.775199120,-0.247462,-0.260152,0.871958,-0.610868,-0.048282,-0.218997,-0.076378,0.060155,-0.143358
11991,97715.780142967,-0.244472,-0.259795,0.870828,-0.627235,-0.051135,-0.215462,-0.076003,0.059601,-0.141824
11992,97715.785056297,-0.241420,-0.259423,0.869720,-0.644342,-0.053225,-0.209953,-0.075631,0.059050,-0.140299
11993,97715.790000145,-0.238264,-0.259034,0.868631,-0.661829,-0.054535,-0.203696,-0.075256,0.058496,-0.138765
11994,97715.794943993,-0.235022,-0.258634,0.867572,-0.680029,-0.054706,-0.197260,-0.074881,0.057941,-0.137231
11995,97715.799887840,-0.231690,-0.258229,0.866543,-0.699280,-0.053404,-0.191019,-0.074506,0.057387,-0.135696
11996,97715.804862206,-0.228241,-0.257823,0.865537,-0.719363,-0.050448,-0.185533,-0.074129,0.056829,-0.134153
11997,97715.809775536,-0.224734,-0.257433,0.864570,-0.739596,-0.046117,-0.181146,-0.073756,0.056279,-0.132628
11998,97715.814719383,-0.221104,-0.257056,0.863616,-0.760037,-0.040517,-0.177149,-0.073382,0.055724,-0.131094
11999,97715.819663231,-0.217372,-0.256703,0.862682,-0.779936,-0.033663,-0.172958,-0.073007,0.055170,-0.129560
12000,97715.824607079,-0.213540,-0.256379,0.861767,-0.798713,-0.025745,-0.167925,-0.070545,0.056251,-0.130473
12001,97715.829520409,-0.209638,-0.256091,0.860881,-0.816027,-0.017246,-0.161612,-0.068099,0.057325,-0.131380
12002,97715.834464256,-0.205623,-0.255840,0.860021,-0.832851,-0.008875,-0.153819,-0.065638,0.058406,-0.132293
12003,97715.839408104,-0.201523,-0.255625,0.859198,-0.849586,-0.001947,-0.145033,-0.063176,0.059487,-0.133206
12004,97715.844321434,-0.197364,-0.255442,0.858423,-0.866463,0.002940,-0.136155,-0.060730,0.060562,-0.134113
12005,97715.849265282,-0.193094,-0.255278,0.857686,-0.884027,0.006181,-0.127814,-0.058269,0.061643,-0.135026
12006,97715.854209129,-0.188736,-0.255125,0.856988,-0.902038,0.007990,-0.120649,-0.055807,0.062724,-0.135939
12007,97715.859152977,-0.184288,-0.254977,0.856325,-0.920360,0.008533,-0.114271,-0.053346,0.063804,-0.136852
12008,97715.864066307,-0.179777,-0.254828,0.855697,-0.938522,0.008042,-0.108393,-0.050900,0.064879,-0.137759
12009,97715.869010155,-0.175148,-0.254671,0.855092,-0.956190,0.006765,-0.102506,-0.048438,0.065960,-0.138672
12010,97715.873954003,-0.170432,-0.254504,0.854514,-0.973288,0.004648,-0.096115,-0.045977,0.067041,-0.139585
12011,97715.878897850,-0.165631,-0.254322,0.853967,-0.989770,0.001829,-0.089110,-0.043516,0.068122,-0.140498
12012,97715.883841698,-0.160749,-0.254123,0.853453,-1.006000,-0.001786,-0.081440,-0.041054,0.069203,-0.141411
12013,97715.888755028,-0.155818,-0.253903,0.852979,-1.022970,-0.006956,-0.072149,-0.038608,0.070277,-0.142319
12014,97715.893698876,-0.150773,-0.253652,0.852545,-1.041608,-0.013888,-0.061030,-0.036147,0.071358,-0.143232
12015,97715.898642723,-0.145636,-0.253361,0.852166,-1.061274,-0.022202,-0.049309,-0.033685,0.072439,-0.144145
12016,97715.903586571,-0.140403,-0.253025,0.851842,-1.081922,-0.031927,-0.037953,-0.031224,0.073520,-0.145058
12017,97715.908530419,-0.135070,-0.252636,0.851572,-1.103952,-0.043241,-0.026739,-0.028762,0.074601,-0.145971
12018,97715.913474266,-0.129629,-0.252185,0.851355,-1.127869,-0.055598,-0.015312,-0.026301,0.075682,-0.146883
12019,97715.918418114,-0.124072,-0.251667,0.851192,-1.153468,-0.068196,-0.003672,-0.023840,0.076763,-0.147796
12020,97715.923331444,-0.118426,-0.251085,0.851085,-1.179928,-0.080017,0.007428,-0.021393,0.077837,-0.148704
12021,97715.928244774,-0.112652,-0.250438,0.851029,-1.206438,-0.089981,0.017400,-0.018947,0.078911,-0.149611
12022,97715.933188622,-0.106712,-0.249731,0.851020,-1.232670,-0.097887,0.026766,-0.016486,0.079992,-0.150524
12023,97715.938132469,-0.100644,-0.248979,0.851055,-1.259186,-0.103830,0.036556,-0.014024,0.081073,-0.151437
12024,97715.943076317,-0.094445,-0.248192,0.851136,-1.286119,-0.107771,0.046688,-0.011563,0.082154,-0.152350
12025,97715.948020165,-0.088113,-0.247378,0.851264,-1.313207,-0.110380,0.057435,-0.009102,0.083235,-0.153263
12026,97715.952964012,-0.081648,-0.246545,0.851444,-1.338666,-0.112554,0.069264,-0.006640,0.084316,-0.154176
12027,97715.957907860,-0.075056,-0.245695,0.851680,-1.359422,-0.114012,0.081963,-0.004179,0.085397,-0.155089
12028,97715.962851708,-0.068362,-0.244833,0.851977,-1.374975,-0.114855,0.094853,-0.001717,0.086478,-0.156002
12029,97715.967765038,-0.061631,-0.243967,0.852335,-1.386783,-0.115633,0.106569,0.000729,0.087552,-0.156909
12030,97715.972708885,-0.054800,-0.243089,0.852752,-1.396335,-0.116332,0.117444,0.003190,0.088633,-0.157822
12031,97715.977652733,-0.047921,-0.242205,0.853221,-1.403959,-0.116819,0.128429,0.005652,0.089714,-0.158735
12032,97715.982596581,-0.041004,-0.241316,0.853745,-1.410272,-0.117523,0.140500,0.008113,0.090795,-0.159648
12033,97715.987540428,-0.034055,-0.240422,0.854328,-1.416461,-0.118304,0.154164,0.010574,0.091876,-0.160561
12034,97715.992484276,-0.027074,-0.239521,0.854977,-1.422674,-0.120128,0.170714,0.013036,0.092957,-0.161474
12035,97715.997397606,-0.020105,-0.238615,0.855704,-1.427746,-0.124207,0.191613,0.015482,0.094031,-0.162381
12036,97716.002341454,-0.013067,-0.237681,0.856537,-1.429283,-0.128237,0.214682,0.017943,0.095112,-0.163294
12037,97716.007285301,-0.006021,-0.236724,0.857484,-1.426331,-0.128490,0.237360,0.020405,0.096193,-0.164207
12038,97716.012229149,0.001012,-0.235766,0.858544,-1.418257,-0.125132,0.261120,0.022866,0.097274,-0.165120
12039,97716.017172997,0.008007,-0.234825,0.859722,-1.405112,-0.119922,0.286430,0.025327,0.098355,-0.166033
12040,97716.022147362,0.014984,-0.233905,0.861034,-1.387320,-0.113899,0.313029,0.027804,0.099443,-0.166952
12041,97716.027060692,0.021791,-0.233028,0.862462,-1.365802,-0.107667,0.338695,0.030250,0.100517,-0.167859
12042,97716.032004540,0.028537,-0.232179,0.864028,-1.341274,-0.101273,0.362417,0.032712,0.101598,-0.168772
12043,97716.036917870,0.035124,-0.231371,0.865704,-1.315226,-0.094993,0.382843,0.035158,0.102672,-0.169679
12044,97716.041861717,0.041626,-0.230593,0.867493,-1.288760,-0.088953,0.400222,0.037619,0.103753,-0.170592
12045,97716.046805565,0.048000,-0.229849,0.869370,-1.263216,-0.083493,0.415284,0.040081,0.104834,-0.171505
12046,97716.051718895,0.054211,-0.229142,0.871311,-1.239663,-0.078003,0.428982,0.042527,0.105908,-0.172413
12047,97716.056662743,0.060347,-0.228461,0.873335,-1.217942,-0.072121,0.442173,0.044988,0.106989,-0.173326
12048,97716.061606590,0.066378,-0.227814,0.875426,-1.197389,-0.065785,0.454660,0.047450,0.108070,-0.174239
12049,97716.066550438,0.072309,-0.227201,0.877580,-1.177978,-0.059251,0.466228,0.049911,0.109151,-0.175152
12050,97716.071494286,0.078148,-0.226624,0.879794,-1.160201,-0.052417,0.476381,0.051113,0.109748,-0.174873
12051,97716.076438133,0.083900,-0.226084,0.882059,-1.143879,-0.045330,0.484996,0.052315,0.110345,-0.174595
12052,97716.081351463,0.089539,-0.225585,0.884354,-1.129773,-0.038711,0.491972,0.053509,0.110938,-0.174318
12053,97716.086295311,0.095145,-0.225118,0.886700,-1.119041,-0.033073,0.497253,0.054711,0.111535,-0.174040
12054,97716.091239159,0.100700,-0.224681,0.889072,-1.112759,-0.028868,0.501516,0.055913,0.112132,-0.173761
12055,97716.096183006,0.106225,-0.224266,0.891467,-1.111514,-0.026891,0.504538,0.057115,0.112729,-0.173483
12056,97716.101096337,0.111711,-0.223864,0.893862,-1.114561,-0.027588,0.506156,0.058309,0.113322,-0.173206
12057,97716.106040184,0.117245,-0.223454,0.896279,-1.120864,-0.030456,0.506590,0.059511,0.113919,-0.172928
12058,97716.110984032,0.122810,-0.223029,0.898698,-1.129092,-0.034491,0.506006,0.060713,0.114515,-0.172650
12059,97716.115927879,0.128415,-0.222583,0.901113,-1.137903,-0.038659,0.503646,0.061915,0.115112,-0.172371
12060,97716.120871727,0.134062,-0.222114,0.903516,-1.144777,-0.042508,0.499805,0.063116,0.115709,-0.172093
12061,97716.125815575,0.139743,-0.221625,0.905898,-1.148210,-0.045363,0.495133,0.064318,0.116306,-0.171815
12062,97716.130728905,0.145404,-0.221124,0.908243,-1.148048,-0.046758,0.489234,0.065513,0.116899,-0.171538
12063,97716.135672753,0.151098,-0.220614,0.910573,-1.143866,-0.046496,0.482076,0.066715,0.117496,-0.171260
12064,97716.140616600,0.156772,-0.220106,0.912868,-1.135338,-0.044262,0.473952,0.067916,0.118093,-0.170981
12065,97716.145560448,0.162403,-0.219612,0.915124,-1.123026,-0.039613,0.464666,0.069118,0.118689,-0.170703
12066,97716.150504295,0.167974,-0.219144,0.917335,-1.108172,-0.032447,0.454226,0.070320,0.119286,-0.170424
12067,97716.155448143,0.173472,-0.218715,0.919496,-1.091171,-0.023567,0.442650,0.071522,0.119883,-0.170146
12068,97716.160361473,0.178854,-0.218337,0.921588,-1.072891,-0.013366,0.429917,0.072716,0.120476,-0.169869
12069,97716.165305321,0.184180,-0.218012,0.923633,-1.053706,-0.002188,0.416011,0.073918,0.121073,-0.169591
12070,97716.170249169,0.189413,-0.217747,0.925611,-1.034316,0.009355,0.401190,0.075120,0.121670,-0.169313
12071,97716.175193016,0.194552,-0.217544,0.927517,-1.015294,0.021137,0.385320,0.076322,0.122267,-0.169034
12072,97716.180136864,0.199599,-0.217404,0.929348,-0.996945,0.032591,0.368266,0.077524,0.122863,-0.168756
12073,97716.185080712,0.204555,-0.217326,0.931096,-0.979676,0.043502,0.349814,0.078726,0.123460,-0.168478
12074,97716.189994042,0.209398,-0.217307,0.932744,-0.963639,0.053263,0.330109,0.079920,0.124053,-0.168201
12075,97716.194937889,0.214192,-0.217341,0.934308,-0.948624,0.061767,0.309144,0.081122,0.124650,-0.167923
12076,97716.199881737,0.218913,-0.217421,0.935769,-0.934691,0.069091,0.286507,0.082324,0.125247,-0.167644
12077,97716.204825585,0.223564,-0.217542,0.937120,-0.921556,0.075021,0.262134,0.083526,0.125844,-0.167366
12078,97716.209769432,0.228150,-0.217696,0.938351,-0.908856,0.079572,0.236130,0.084727,0.126441,-0.167087
12079,97716.214713280,0.232673,-0.217878,0.939456,-0.896668,0.082329,0.208282,0.085929,0.127038,-0.166809
12080,97716.219657128,0.237134,-0.218077,0.940424,-0.884501,0.083645,0.178966,0.087131,0.127634,-0.166531
12081,97716.224600975,0.241533,-0.218288,0.941247,-0.872377,0.083735,0.148420,0.088333,0.128231,-0.166252
12082,97716.229514305,0.245844,-0.218502,0.941917,-0.860676,0.082376,0.117005,0.089527,0.128824,-0.165976
12083,97716.234458153,0.250120,-0.218715,0.942436,-0.848870,0.080042,0.084614,0.090729,0.129421,-0.165697
12084,97716.239402001,0.254336,-0.218921,0.942796,-0.836997,0.076729,0.052285,0.091931,0.130018,-0.165419
12085,97716.244315331,0.258464,-0.219114,0.942996,-0.825611,0.072367,0.020425,0.093125,0.130611,-0.165142
12086,97716.249259178,0.262559,-0.219292,0.943040,-0.814204,0.067402,-0.011158,0.094327,0.131208,-0.164864
12087,97716.254203026,0.266594,-0.219449,0.942928,-0.802765,0.061948,-0.042298,0.095529,0.131805,-0.164585
12088,97716.259146874,0.270569,-0.219584,0.942663,-0.791140,0.055857,-0.073298,0.096731,0.132402,-0.164307
12089,97716.264060204,0.274458,-0.219693,0.942248,-0.778890,0.049110,-0.104304,0.097925,0.132995,-0.164030
12090,97716.269004051,0.278308,-0.219773,0.941677,-0.765712,0.041756,-0.135825,0.099127,0.133592,-0.163752
12091,97716.273947899,0.282089,-0.219822,0.940952,-0.751953,0.033876,-0.167759,0.100329,0.134188,-0.163474
12092,97716.278891747,0.285798,-0.219837,0.940068,-0.737543,0.025795,-0.199877,0.101531,0.134785,-0.163195
12093,97716.283805077,0.289409,-0.219818,0.939034,-0.722996,0.018252,-0.231573,0.101445,0.134405,-0.163095
12094,97716.288748924,0.292967,-0.219766,0.937836,-0.708255,0.011666,-0.262395,0.101359,0.134022,-0.162995
12095,97716.293692772,0.296449,-0.219687,0.936487,-0.693211,0.006172,-0.290636,0.101272,0.133639,-0.162894
12096,97716.298636620,0.299853,-0.219586,0.935000,-0.677953,0.001775,-0.315190,0.101186,0.133257,-0.162794
12097,97716.303580467,0.303179,-0.219468,0.933391,-0.662252,-0.001381,-0.335208,0.101100,0.132874,-0.162693
12098,97716.308524315,0.306425,-0.219339,0.931685,-0.645096,-0.003127,-0.349492,0.101014,0.132491,-0.162593
12099,97716.313468163,0.309585,-0.219206,0.929909,-0.627143,-0.003127,-0.356757,0.100927,0.132109,-0.162492
12100,97716.318381493,0.312637,-0.219078,0.928110,-0.610415,-0.002587,-0.355994,0.097085,0.129729,-0.160710
12101,97716.323325340,0.315625,-0.218955,0.926305,-0.595605,-0.002947,-0.347065,0.093218,0.127336,-0.158916
12102,97716.328269188,0.318541,-0.218834,0.924545,-0.584354,-0.005795,-0.329927,0.089351,0.124942,-0.157123
12103,97716.333213036,0.321402,-0.218700,0.922871,-0.578685,-0.013326,-0.308276,0.085485,0.122548,-0.155330
12104,97716.338126366,0.324218,-0.218529,0.921313,-0.578927,-0.026047,-0.284549,0.081642,0.120169,-0.153548
12105,97716.343070213,0.327051,-0.218293,0.919862,-0.583746,-0.043023,-0.259781,0.077776,0.117775,-0.151754
12106,97716.348014061,0.329906,-0.217971,0.918531,-0.593376,-0.063971,-0.236268,0.073909,0.115381,-0.149961
12107,97716.352957909,0.332805,-0.217541,0.917316,-0.607132,-0.088223,-0.215089,0.070043,0.112987,-0.148168
12108,97716.357901756,0.335769,-0.216988,0.916202,-0.624371,-0.115477,-0.196594,0.066176,0.110593,-0.146374
12109,97716.362845604,0.338813,-0.216294,0.915177,-0.645045,-0.145109,-0.179813,0.062310,0.108199,-0.144581
12110,97716.367758934,0.341935,-0.215455,0.914237,-0.669916,-0.174873,-0.163184,0.058467,0.105820,-0.142799
12111,97716.372702782,0.345194,-0.214456,0.913371,-0.699584,-0.203325,-0.144852,0.054600,0.103426,-0.141005
12112,97716.377646629,0.348594,-0.213310,0.912590,-0.734153,-0.229225,-0.123609,0.050734,0.101032,-0.139212
12113,97716.382590477,0.352161,-0.212027,0.911911,-0.774987,-0.252573,-0.098592,0.046867,0.098638,-0.137419
12114,97716.387534325,0.355926,-0.210618,0.911351,-0.824439,-0.272990,-0.070210,0.043001,0.096244,-0.135625
12115,97716.392447655,0.359909,-0.209105,0.910929,-0.882593,-0.290444,-0.039838,0.039158,0.093865,-0.133843
12116,97716.397391503,0.364202,-0.207482,0.910649,-0.945805,-0.306690,-0.010025,0.035291,0.091471,-0.132050
12117,97716.402335350,0.368805,-0.205763,0.910511,-1.008068,-0.322841,0.015416,0.031425,0.089077,-0.130256
12118,97716.407279198,0.373714,-0.203950,0.910493,-1.064484,-0.340483,0.034503,0.027558,0.086683,-0.128463
12119,97716.412223045,0.378900,-0.202036,0.910564,-1.112797,-0.360425,0.046607,0.023692,0.084289,-0.126670
12120,97716.417166893,0.384321,-0.200012,0.910690,-1.151990,-0.380861,0.051197,0.019825,0.081895,-0.124876
12121,97716.422110741,0.389931,-0.197879,0.910834,-1.181629,-0.399572,0.048509,0.015959,0.079501,-0.123083
12122,97716.427024071,0.395647,-0.195660,0.910962,-1.201596,-0.414466,0.039332,0.012116,0.077122,-0.121301
12123,97716.431937401,0.401458,-0.193365,0.911041,-1.212223,-0.424648,0.024750,0.008273,0.074743,-0.119519
12124,97716.436911766,0.407391,-0.190989,0.911048,-1.213462,-0.429239,0.005662,0.004383,0.072334,-0.117714
12125,97716.441855614,0.413290,-0.188606,0.910960,-1.205284,-0.428339,-0.016596,0.000516,0.069940,-0.115921
12126,97716.446799462,0.419148,-0.186231,0.910763,-1.188115,-0.422515,-0.040854,-0.003350,0.067546,-0.114128
12127,97716.456687157,0.430694,-0.181549,0.910132,-1.138529,-0.402379,-0.088027,-0.011083,0.062759,-0.110541
12128,97716.461631004,0.436223,-0.179321,0.909588,-1.107499,-0.387100,-0.099321,-0.014950,0.060365,-0.108748
12129,97716.466574852,0.441601,-0.177175,0.908992,-1.077029,-0.369105,-0.098615,-0.018816,0.057971,-0.106954
12130,97716.471488182,0.446801,-0.175138,0.908406,-1.048336,-0.348592,-0.081964,-0.022659,0.055592,-0.105172
12131,97716.476432030,0.451896,-0.173195,0.907902,-1.021720,-0.326028,-0.045014,-0.026525,0.053198,-0.103379
12132,97716.481375878,0.456868,-0.171367,0.907584,-0.998027,-0.301750,0.005915,-0.030392,0.050804,-0.101585
12133,97716.486319725,0.461732,-0.169660,0.907521,-0.976794,-0.274452,0.057476,-0.034259,0.048410,-0.099792
12134,97716.491263573,0.466500,-0.168089,0.907716,-0.957055,-0.247016,0.108885,-0.038125,0.046016,-0.097999
12135,97716.496176903,0.471152,-0.166664,0.908165,-0.935016,-0.225515,0.159314,-0.041968,0.043637,-0.096216
12136,97716.501120751,0.475732,-0.165338,0.908870,-0.905221,-0.215099,0.208130,-0.045834,0.041243,-0.094423
12137,97716.506064598,0.480170,-0.164067,0.909818,-0.869818,-0.217683,0.255217,-0.049701,0.038849,-0.092630
12138,97716.511008446,0.484437,-0.162787,0.911002,-0.836851,-0.235875,0.290891,-0.053567,0.036455,-0.090836
12139,97716.515952294,0.488539,-0.161423,0.912364,-0.813977,-0.270160,0.295135,-0.057434,0.034061,-0.089043
12140,97716.520896141,0.492522,-0.159894,0.913746,-0.800535,-0.318954,0.270766,-0.061300,0.031667,-0.087250
12141,97716.525839989,0.496425,-0.158129,0.915006,-0.790908,-0.376516,0.221467,-0.065167,0.029273,-0.085457
12142,97716.530753319,0.500242,-0.156096,0.916013,-0.781053,-0.435566,0.151740,-0.069010,0.026894,-0.083674
12143,97716.535697167,0.504015,-0.153767,0.916679,-0.769523,-0.492936,0.069987,-0.072876,0.024500,-0.081881
12144,97716.540610497,0.507690,-0.151177,0.916936,-0.756143,-0.542489,-0.011510,-0.076719,0.022121,-0.080099
12145,97716.545554344,0.511306,-0.148335,0.916791,-0.738091,-0.579165,-0.084507,-0.080585,0.019727,-0.078305
12146,97716.550498192,0.514819,-0.145321,0.916284,-0.712988,-0.600571,-0.141100,-0.084452,0.017333,-0.076512
12147,97716.555411522,0.518179,-0.142228,0.915502,-0.681024,-0.605721,-0.178739,-0.088295,0.014954,-0.074730
12148,97716.560355370,0.521398,-0.139101,0.914532,-0.641949,-0.594243,-0.199909,-0.092161,0.012560,-0.072936
12149,97716.565299217,0.524424,-0.136040,0.913460,-0.597211,-0.566124,-0.207629,-0.096028,0.010166,-0.071143
12150,97716.570243065,0.527236,-0.133128,0.912356,-0.548972,-0.521795,-0.204592,-0.100356,0.007898,-0.070913
12151,97716.575186913,0.529819,-0.130445,0.911272,-0.500300,-0.463839,-0.192012,-0.104684,0.005630,-0.070683
12152,97716.580100243,0.532161,-0.128072,0.910264,-0.457014,-0.396954,-0.171421,-0.108985,0.003376,-0.070454
12153,97716.585044090,0.534319,-0.126024,0.909359,-0.424014,-0.326858,-0.146625,-0.113313,0.001108,-0.070224
12154,97716.589987938,0.536331,-0.124327,0.908584,-0.405585,-0.260745,-0.121590,-0.117642,-0.001160,-0.069994
12155,97716.594931786,0.538269,-0.122959,0.907937,-0.404415,-0.205036,-0.100885,-0.121970,-0.003428,-0.069764
12156,97716.599875633,0.540215,-0.121865,0.907396,-0.419284,-0.163796,-0.087780,-0.126298,-0.005696,-0.069534
12157,97716.604788963,0.542231,-0.120977,0.906924,-0.446573,-0.136845,-0.083477,-0.130599,-0.007951,-0.069305
12158,97716.609732811,0.544400,-0.120210,0.906470,-0.480918,-0.121420,-0.086498,-0.134927,-0.010219,-0.069075
12159,97716.614676659,0.546743,-0.119511,0.905999,-0.514278,-0.115475,-0.093805,-0.139255,-0.012487,-0.068845
12160,97716.619620506,0.549251,-0.118836,0.905490,-0.538778,-0.116103,-0.102347,-0.143584,-0.014755,-0.068615
12161,97716.624564354,0.551879,-0.118152,0.904938,-0.550665,-0.120452,-0.110153,-0.147912,-0.017023,-0.068385
12162,97716.629508202,0.554564,-0.117445,0.904345,-0.550345,-0.127221,-0.115056,-0.152240,-0.019291,-0.068155
12163,97716.634452049,0.557247,-0.116705,0.903728,-0.539959,-0.135394,-0.116481,-0.156568,-0.021559,-0.067925
12164,97716.639426415,0.559892,-0.115922,0.903100,-0.522740,-0.144251,-0.115701,-0.160923,-0.023841,-0.067694
12165,97716.644370262,0.562434,-0.115104,0.902480,-0.502803,-0.152398,-0.114424,-0.165251,-0.026109,-0.067463
12166,97716.649314110,0.564875,-0.114249,0.901868,-0.483319,-0.158459,-0.114335,-0.169579,-0.028377,-0.067233
12167,97716.654257958,0.567220,-0.113369,0.901258,-0.466248,-0.162768,-0.115477,-0.173907,-0.030645,-0.067003
12168,97716.659201805,0.569479,-0.112472,0.900643,-0.452320,-0.166271,-0.117281,-0.178235,-0.032913,-0.066773
12169,97716.664115135,0.571654,-0.111566,0.900023,-0.441875,-0.169229,-0.118958,-0.182537,-0.035167,-0.066545
12170,97716.669058983,0.573791,-0.110642,0.899392,-0.434748,-0.171623,-0.119907,-0.186865,-0.037435,-0.066315
12171,97716.674002831,0.575892,-0.109708,0.898757,-0.430104,-0.173341,-0.119475,-0.191193,-0.039704,-0.066084
12172,97716.678946678,0.577970,-0.108766,0.898124,-0.426747,-0.173729,-0.118142,-0.195521,-0.041972,-0.065854
12173,97716.683890526,0.580031,-0.107823,0.897498,-0.423575,-0.173371,-0.117245,-0.199849,-0.044240,-0.065624
12174,97716.688803856,0.582065,-0.106889,0.896880,-0.420867,-0.173252,-0.117224,-0.204150,-0.046494,-0.065396
12175,97716.693747704,0.584097,-0.105949,0.896259,-0.418766,-0.174662,-0.118511,-0.208478,-0.048762,-0.065166
12176,97716.698691551,0.586119,-0.105004,0.895632,-0.417218,-0.178611,-0.120797,-0.212807,-0.051030,-0.064936
12177,97716.703635399,0.588132,-0.104039,0.894993,-0.415367,-0.185111,-0.124033,-0.217135,-0.053298,-0.064706
12178,97716.708579247,0.590134,-0.103042,0.894338,-0.412420,-0.193803,-0.127995,-0.221463,-0.055566,-0.064475
12179,97716.713492577,0.592107,-0.102011,0.893667,-0.407874,-0.203547,-0.132417,-0.225764,-0.057820,-0.064247
12180,97716.718436424,0.594068,-0.100925,0.892970,-0.401123,-0.213663,-0.136503,-0.230092,-0.060088,-0.064017
12181,97716.723380272,0.595992,-0.099792,0.892253,-0.392719,-0.223097,-0.140460,-0.234420,-0.062356,-0.063787
12182,97716.728324120,0.597873,-0.098614,0.891516,-0.383539,-0.231601,-0.144204,-0.238748,-0.064624,-0.063557
12183,97716.733267967,0.599707,-0.097396,0.890761,-0.374482,-0.239246,-0.147667,-0.243077,-0.066892,-0.063327
12184,97716.738211815,0.601494,-0.096143,0.889989,-0.366412,-0.246213,-0.150816,-0.247405,-0.069161,-0.063096
12185,97716.743155663,0.603239,-0.094857,0.889201,-0.360467,-0.252075,-0.154039,-0.251733,-0.071429,-0.062866
12186,97716.748068993,0.604943,-0.093552,0.888403,-0.356985,-0.256470,-0.157436,-0.256034,-0.073683,-0.062638
12187,97716.753012840,0.606639,-0.092218,0.887583,-0.355832,-0.259668,-0.161102,-0.260362,-0.075951,-0.062408
12188,97716.757956688,0.608328,-0.090869,0.886745,-0.356628,-0.261594,-0.164901,-0.264690,-0.078219,-0.062178
12189,97716.762900536,0.610020,-0.089510,0.885887,-0.358648,-0.262279,-0.168715,-0.269019,-0.080487,-0.061948
12190,97716.767813866,0.611712,-0.088156,0.885016,-0.361415,-0.262142,-0.172371,-0.273320,-0.082741,-0.061719
12191,97716.772757713,0.613428,-0.086794,0.884122,-0.364741,-0.261565,-0.175565,-0.277648,-0.085009,-0.061489
12192,97716.777701561,0.615159,-0.085435,0.883211,-0.368380,-0.260304,-0.177972,-0.281976,-0.087277,-0.061259
12193,97716.782645409,0.616909,-0.084080,0.882289,-0.372536,-0.258755,-0.179755,-0.286304,-0.089545,-0.061029
12194,97716.787589256,0.618680,-0.082733,0.881357,-0.377239,-0.256877,-0.181220,-0.290632,-0.091813,-0.060799
12195,97716.792502587,0.620463,-0.081403,0.880424,-0.382567,-0.255143,-0.182374,-0.294934,-0.094067,-0.060570
12196,97716.797446434,0.622284,-0.080071,0.879478,-0.388482,-0.253710,-0.183411,-0.299262,-0.096335,-0.060340
12197,97716.802390282,0.624134,-0.078746,0.878528,-0.395140,-0.252896,-0.184613,-0.303590,-0.098603,-0.060110
12198,97716.807334129,0.626017,-0.077423,0.877571,-0.402249,-0.252690,-0.186061,-0.307918,-0.100872,-0.059880
12199,97716.812277977,0.627936,-0.076100,0.876606,-0.409337,-0.252679,-0.187857,-0.312246,-0.103140,-0.059650
12200,97716.817221825,0.629889,-0.074775,0.875632,-0.416358,-0.252996,-0.189476,-0.312871,-0.104461,-0.060613
12201,97716.822165672,0.631877,-0.073447,0.874649,-0.423057,-0.253336,-0.191182,-0.313691,-0.106047,-0.061294
12202,97716.827079003,0.633885,-0.072125,0.873664,-0.428785,-0.253603,-0.193402,-0.314506,-0.107624,-0.061971
12203,97716.832022850,0.635933,-0.070792,0.872661,-0.433581,-0.254090,-0.196316,-0.315326,-0.109211,-0.062652
12204,97716.836936180,0.637992,-0.069464,0.871649,-0.436787,-0.255029,-0.199992,-0.316141,-0.110788,-0.063329
12205,97716.841849510,0.640067,-0.068131,0.870619,-0.438275,-0.256874,-0.204977,-0.316957,-0.112365,-0.064006
12206,97716.846793358,0.642161,-0.066780,0.869558,-0.438826,-0.259742,-0.210771,-0.317777,-0.113952,-0.064687
12207,97716.851706688,0.644243,-0.065424,0.868475,-0.439294,-0.263415,-0.216572,-0.318592,-0.115528,-0.065364
12208,97716.856650536,0.646340,-0.064042,0.867356,-0.440068,-0.267759,-0.221481,-0.319412,-0.117115,-0.066045
12209,97716.861594383,0.648439,-0.062638,0.866212,-0.441603,-0.273381,-0.224067,-0.320232,-0.118702,-0.066726
12210,97716.866507713,0.650532,-0.061215,0.865063,-0.444280,-0.280473,-0.224813,-0.321047,-0.120279,-0.067403
12211,97716.871451561,0.652649,-0.059748,0.863902,-0.448180,-0.288282,-0.226310,-0.321868,-0.121866,-0.068084
12212,97716.876395409,0.654783,-0.058242,0.862733,-0.454000,-0.297008,-0.229452,-0.322688,-0.123452,-0.068765
12213,97716.881339256,0.656944,-0.056691,0.861547,-0.462709,-0.306958,-0.232558,-0.323508,-0.125039,-0.069446
12214,97716.886283104,0.659146,-0.055090,0.860345,-0.474718,-0.317068,-0.234063,-0.324328,-0.126626,-0.070127
12215,97716.891196434,0.661391,-0.053446,0.859141,-0.489161,-0.326376,-0.233241,-0.325143,-0.128203,-0.070804
12216,97716.896140282,0.663719,-0.051743,0.857932,-0.505344,-0.334169,-0.230021,-0.325964,-0.129789,-0.071485
12217,97716.901084129,0.666126,-0.049998,0.856737,-0.522743,-0.340178,-0.225457,-0.326784,-0.131376,-0.072166
12218,97716.906027977,0.668617,-0.048219,0.855564,-0.541457,-0.344508,-0.220694,-0.327604,-0.132963,-0.072847
12219,97716.910971825,0.671200,-0.046414,0.854412,-0.561835,-0.347673,-0.216257,-0.328424,-0.134550,-0.073529
12220,97716.915915672,0.673884,-0.044589,0.853281,-0.583800,-0.349610,-0.212549,-0.329244,-0.136136,-0.074210
12221,97716.920859520,0.676676,-0.042749,0.852166,-0.606718,-0.350257,-0.209303,-0.330065,-0.137723,-0.074891
12222,97716.925803368,0.679581,-0.040901,0.851065,-0.629507,-0.349145,-0.205267,-0.330885,-0.139310,-0.075572
12223,97716.930716698,0.682581,-0.039065,0.849989,-0.651088,-0.346149,-0.199636,-0.331700,-0.140887,-0.076249
12224,97716.935660545,0.685707,-0.037227,0.848933,-0.671500,-0.342432,-0.192202,-0.332520,-0.142474,-0.076930
12225,97716.940604393,0.688935,-0.035403,0.847913,-0.690355,-0.339045,-0.183493,-0.333340,-0.144060,-0.077611
12226,97716.945517723,0.692237,-0.033602,0.846940,-0.707387,-0.337142,-0.174520,-0.334155,-0.145637,-0.078288
12227,97716.950461571,0.695644,-0.031795,0.846005,-0.723075,-0.337212,-0.166595,-0.334976,-0.147224,-0.078969
12228,97716.955405419,0.699130,-0.029983,0.845108,-0.737556,-0.339174,-0.159891,-0.335796,-0.148811,-0.079650
12229,97716.960349266,0.702687,-0.028159,0.844242,-0.750955,-0.342713,-0.153690,-0.336616,-0.150397,-0.080331
12230,97716.965293114,0.706311,-0.026313,0.843406,-0.763255,-0.347287,-0.147005,-0.337436,-0.151984,-0.081012
12231,97716.970206444,0.709971,-0.024454,0.842607,-0.773954,-0.352845,-0.139834,-0.338251,-0.153561,-0.081689
12232,97716.975180809,0.713730,-0.022541,0.841832,-0.782726,-0.359283,-0.132663,-0.337249,-0.154094,-0.082075
12233,97716.980124657,0.717508,-0.020605,0.841097,-0.789854,-0.366727,-0.125442,-0.336252,-0.154623,-0.082457
12234,97716.985068504,0.721320,-0.018631,0.840396,-0.795971,-0.376270,-0.117660,-0.335256,-0.155153,-0.082840
12235,97716.990012352,0.725161,-0.016608,0.839733,-0.801760,-0.388515,-0.108776,-0.334259,-0.155682,-0.083223
12236,97716.994956200,0.729028,-0.014523,0.839112,-0.807282,-0.402949,-0.099341,-0.333263,-0.156212,-0.083606
12237,97716.999869530,0.732896,-0.012378,0.838541,-0.812157,-0.419209,-0.089973,-0.332273,-0.156738,-0.083986
12238,97717.004813378,0.736809,-0.010137,0.838011,-0.816985,-0.437339,-0.080542,-0.331276,-0.157267,-0.084369
12239,97717.009757225,0.740743,-0.007805,0.837526,-0.822703,-0.456678,-0.070866,-0.330280,-0.157797,-0.084752
12240,97717.014670555,0.744677,-0.005391,0.837089,-0.829343,-0.476142,-0.060317,-0.329289,-0.158323,-0.085133
12241,97717.019644920,0.748690,-0.002849,0.836699,-0.837268,-0.495831,-0.048588,-0.328287,-0.158856,-0.085518
12242,97717.024588768,0.752714,-0.000222,0.836367,-0.846223,-0.514141,-0.036280,-0.327290,-0.159385,-0.085901
12243,97717.029502098,0.756753,0.002482,0.836095,-0.855835,-0.530600,-0.023387,-0.326300,-0.159912,-0.086281
12244,97717.034415428,0.760837,0.005268,0.835886,-0.865714,-0.545754,-0.009357,-0.325310,-0.160438,-0.086662
12245,97717.039359276,0.764994,0.008151,0.835742,-0.875264,-0.560628,0.006190,-0.324313,-0.160967,-0.087045
12246,97717.044303124,0.769195,0.011109,0.835674,-0.884264,-0.575919,0.023535,-0.323317,-0.161497,-0.087427
12247,97717.049216454,0.773412,0.014128,0.835690,-0.892479,-0.591142,0.042394,-0.322327,-0.162023,-0.087808
12248,97717.054160301,0.777694,0.017243,0.835798,-0.900066,-0.606508,0.062268,-0.321330,-0.162552,-0.088191
12249,97717.059104149,0.782012,0.020437,0.836003,-0.906916,-0.621247,0.081924,-0.320334,-0.163082,-0.088574
12250,97717.064047997,0.786361,0.023706,0.836303,-0.912786,-0.634757,0.099678,-0.317244,-0.161106,-0.087970
12251,97717.068991844,0.790738,0.027045,0.836690,-0.917848,-0.647146,0.115884,-0.314155,-0.159129,-0.087367
12252,97717.073935692,0.795139,0.030447,0.837156,-0.921920,-0.658564,0.131180,-0.311065,-0.157153,-0.086763
12253,97717.078849022,0.799531,0.033886,0.837693,-0.924875,-0.668576,0.144633,-0.307995,-0.155189,-0.086164
12254,97717.083792870,0.803964,0.037397,0.838299,-0.926662,-0.677929,0.156326,-0.304905,-0.153213,-0.085560
12255,97717.088736717,0.808404,0.040956,0.838962,-0.926083,-0.686285,0.166763,-0.301816,-0.151237,-0.084957
12256,97717.093680565,0.812840,0.044556,0.839677,-0.921817,-0.693186,0.176548,-0.298726,-0.149260,-0.084353
12257,97717.098624413,0.817255,0.048190,0.840439,-0.914132,-0.699942,0.186242,-0.295637,-0.147284,-0.083750
12258,97717.103568260,0.821630,0.051857,0.841250,-0.904572,-0.706211,0.195176,-0.292547,-0.145308,-0.083147
12259,97717.108481590,0.825931,0.055530,0.842100,-0.893409,-0.711668,0.203413,-0.289477,-0.143344,-0.082547
12260,97717.113425438,0.830203,0.059250,0.842996,-0.880581,-0.716251,0.211797,-0.286387,-0.141368,-0.081944
12261,97717.118369286,0.834412,0.062992,0.843935,-0.866750,-0.721265,0.220475,-0.283298,-0.139391,-0.081340
12262,97717.123313133,0.838551,0.066755,0.844917,-0.851314,-0.728099,0.229561,-0.280208,-0.137415,-0.080737
12263,97717.128256981,0.842614,0.070550,0.845945,-0.834156,-0.736430,0.239088,-0.277119,-0.135439,-0.080133
12264,97717.133200829,0.846590,0.074383,0.847021,-0.816284,-0.744289,0.248705,-0.274029,-0.133463,-0.079530
12265,97717.138114159,0.850454,0.078227,0.848138,-0.797940,-0.749642,0.258163,-0.270959,-0.131498,-0.078930
12266,97717.143058006,0.854250,0.082118,0.849310,-0.778235,-0.751582,0.268152,-0.267870,-0.129522,-0.078327
12267,97717.157859032,0.865325,0.093786,0.852970,-0.715540,-0.747629,0.298350,-0.258620,-0.123606,-0.076520
12268,97717.162802879,0.868717,0.097652,0.854347,-0.691684,-0.737339,0.305749,-0.255531,-0.121629,-0.075917
12269,97717.167746727,0.871995,0.101462,0.855763,-0.667826,-0.725648,0.311502,-0.252441,-0.119653,-0.075313
12270,97717.172690575,0.875158,0.105210,0.857209,-0.644683,-0.713644,0.316161,-0.249352,-0.117677,-0.074710
12271,97717.177634422,0.878209,0.108894,0.858681,-0.622914,-0.701644,0.320383,-0.246262,-0.115701,-0.074107
12272,97717.182578270,0.881156,0.112514,0.860177,-0.603173,-0.690307,0.324604,-0.243173,-0.113724,-0.073503
12273,97717.187491600,0.883990,0.116052,0.861686,-0.585950,-0.679831,0.328387,-0.240102,-0.111760,-0.072904
12274,97717.192435448,0.886760,0.119557,0.863225,-0.570672,-0.669447,0.331684,-0.237013,-0.109784,-0.072300
12275,97717.197379295,0.889456,0.123008,0.864782,-0.557946,-0.659142,0.334408,-0.233923,-0.107808,-0.071697
12276,97717.202323143,0.892092,0.126405,0.866354,-0.548471,-0.649269,0.336294,-0.230834,-0.105832,-0.071093
12277,97717.207266991,0.894684,0.129752,0.867936,-0.541823,-0.640675,0.337579,-0.227744,-0.103855,-0.070490
12278,97717.212210838,0.897245,0.133054,0.869526,-0.537513,-0.633836,0.338304,-0.224655,-0.101879,-0.069887
12279,97717.217154686,0.899786,0.136322,0.871121,-0.534982,-0.629065,0.338478,-0.221565,-0.099903,-0.069283
12280,97717.222068016,0.902300,0.139546,0.872706,-0.533380,-0.626330,0.337731,-0.218495,-0.097939,-0.068683
12281,97717.227011864,0.904822,0.142776,0.874299,-0.533218,-0.625180,0.335651,-0.215405,-0.095962,-0.068080
12282,97717.231955712,0.907343,0.146000,0.875881,-0.534102,-0.624905,0.331542,-0.212316,-0.093986,-0.067477
12283,97717.236899559,0.909869,0.149223,0.877442,-0.534868,-0.625028,0.325687,-0.209226,-0.092010,-0.066873
12284,97717.241812889,0.912382,0.152426,0.878966,-0.535987,-0.624742,0.319330,-0.206156,-0.090046,-0.066274
12285,97717.246756737,0.914917,0.155648,0.880467,-0.537147,-0.623620,0.311973,-0.203066,-0.088070,-0.065670
12286,97717.251700585,0.917456,0.158864,0.881932,-0.537462,-0.621459,0.303519,-0.199977,-0.086093,-0.065067
12287,97717.256644432,0.919997,0.162068,0.883355,-0.537112,-0.618076,0.294754,-0.196887,-0.084117,-0.064463
12288,97717.261557762,0.922521,0.165236,0.884726,-0.536265,-0.612999,0.286104,-0.193817,-0.082153,-0.063864
12289,97717.266501610,0.925056,0.168397,0.886064,-0.535235,-0.606062,0.277493,-0.190728,-0.080177,-0.063260
12290,97717.271445458,0.927588,0.171524,0.887359,-0.534231,-0.597144,0.269239,-0.187638,-0.078201,-0.062657
12291,97717.276389305,0.930116,0.174606,0.888615,-0.533604,-0.586267,0.261308,-0.184549,-0.076224,-0.062053
12292,97717.281333153,0.932642,0.177633,0.889832,-0.533975,-0.573633,0.253572,-0.181459,-0.074248,-0.061450
12293,97717.286277001,0.935173,0.180597,0.891011,-0.535340,-0.559505,0.245457,-0.178370,-0.072272,-0.060847
12294,97717.291190331,0.937697,0.183474,0.892144,-0.537336,-0.544360,0.236714,-0.175299,-0.070308,-0.060247
12295,97717.296134178,0.940249,0.186294,0.893241,-0.540029,-0.528550,0.227078,-0.172210,-0.068332,-0.059643
12296,97717.301078026,0.942818,0.189035,0.894292,-0.543215,-0.512365,0.216111,-0.169120,-0.066355,-0.059040
12297,97717.306021874,0.945404,0.191697,0.895289,-0.546501,-0.496203,0.203596,-0.166031,-0.064379,-0.058437
12298,97717.310965721,0.948010,0.194279,0.896225,-0.549449,-0.480531,0.189386,-0.162941,-0.062403,-0.057833
12299,97717.315909569,0.950633,0.196783,0.897092,-0.551785,-0.465754,0.173359,-0.159852,-0.060427,-0.057230
12300,97717.320853417,0.953269,0.199213,0.897880,-0.553384,-0.452310,0.155520,-0.158628,-0.059395,-0.057635
12301,97717.325797264,0.955915,0.201577,0.898580,-0.553859,-0.440182,0.136179,-0.157405,-0.058364,-0.058039
12302,97717.330741112,0.958564,0.203879,0.899186,-0.552803,-0.429303,0.115078,-0.156182,-0.057333,-0.058444
12303,97717.335654442,0.961193,0.206112,0.899685,-0.550204,-0.419971,0.092535,-0.154966,-0.056308,-0.058846
12304,97717.340598290,0.963825,0.208311,0.900076,-0.545705,-0.412108,0.068428,-0.153742,-0.055277,-0.059251
12305,97717.345542137,0.966436,0.210469,0.900349,-0.539590,-0.406035,0.043189,-0.152519,-0.054245,-0.059655
12306,97717.350455467,0.968999,0.212581,0.900497,-0.532137,-0.401860,0.017397,-0.151303,-0.053221,-0.060057
12307,97717.355399315,0.971541,0.214682,0.900520,-0.523594,-0.399133,-0.009381,-0.150080,-0.052189,-0.060462
12308,97717.360343163,0.974040,0.216766,0.900411,-0.514250,-0.397447,-0.036606,-0.148856,-0.051158,-0.060867
12309,97717.365287010,0.976490,0.218837,0.900168,-0.504118,-0.396479,-0.064174,-0.147633,-0.050127,-0.061271
12310,97717.370200340,0.978874,0.220888,0.899792,-0.493357,-0.395812,-0.091664,-0.146417,-0.049102,-0.061674
12311,97717.375144188,0.981218,0.222944,0.899278,-0.481894,-0.395087,-0.119570,-0.145194,-0.048071,-0.062078
12312,97717.380088036,0.983503,0.224992,0.898628,-0.469815,-0.394711,-0.147989,-0.143970,-0.047040,-0.062483
12313,97717.385031883,0.985727,0.227033,0.897838,-0.456585,-0.394854,-0.176403,-0.142747,-0.046008,-0.062888
12314,97717.389975731,0.987884,0.229071,0.896908,-0.442016,-0.395494,-0.204647,-0.141524,-0.044977,-0.063292
12315,97717.394889061,0.989953,0.231095,0.895847,-0.425956,-0.396184,-0.232784,-0.140308,-0.043952,-0.063694
12316,97717.399832909,0.991954,0.233129,0.894640,-0.408449,-0.396951,-0.261350,-0.139084,-0.042921,-0.064099
12317,97717.404776756,0.993866,0.235161,0.893295,-0.390734,-0.397793,-0.289765,-0.137861,-0.041890,-0.064504
12318,97717.409751122,0.995700,0.237204,0.891800,-0.373379,-0.398658,-0.317299,-0.136630,-0.040852,-0.064911
12319,97717.414664452,0.997424,0.239222,0.890190,-0.357142,-0.399286,-0.342581,-0.135414,-0.039827,-0.065313
12320,97717.419577782,0.999066,0.241237,0.888457,-0.342378,-0.399585,-0.365207,-0.134198,-0.038802,-0.065715
12321,97717.424521629,1.000644,0.243261,0.886603,-0.328792,-0.399888,-0.384176,-0.132975,-0.037771,-0.066120
12322,97717.429465477,1.002153,0.245283,0.884655,-0.316376,-0.400579,-0.398739,-0.131752,-0.036740,-0.066525
12323,97717.434409325,1.003600,0.247305,0.882637,-0.304303,-0.401694,-0.407732,-0.130528,-0.035709,-0.066929
12324,97717.439353172,1.004986,0.249329,0.880575,-0.292676,-0.403267,-0.410809,-0.129305,-0.034677,-0.067334
12325,97717.444297020,1.006315,0.251358,0.878498,-0.282036,-0.405912,-0.407995,-0.128082,-0.033646,-0.067739
12326,97717.449240868,1.007590,0.253398,0.876436,-0.273375,-0.409509,-0.400375,-0.126858,-0.032615,-0.068143
12327,97717.454154198,1.008815,0.255441,0.874425,-0.267206,-0.414439,-0.388382,-0.125642,-0.031590,-0.068545
12328,97717.459098045,1.010016,0.257522,0.872461,-0.262398,-0.421258,-0.373840,-0.124419,-0.030559,-0.068950
12329,97717.464041893,1.011194,0.259635,0.870568,-0.259826,-0.429461,-0.357787,-0.123196,-0.029528,-0.069355
12330,97717.468985741,1.012358,0.261790,0.868754,-0.259526,-0.439044,-0.340418,-0.121972,-0.028496,-0.069759
12331,97717.473929588,1.013520,0.263993,0.867026,-0.260379,-0.451401,-0.321471,-0.120749,-0.027465,-0.070164
12332,97717.478842919,1.014678,0.266244,0.865401,-0.262065,-0.467492,-0.300759,-0.119533,-0.026440,-0.070566
12333,97717.483817284,1.015856,0.268605,0.863857,-0.264438,-0.488748,-0.277990,-0.118302,-0.025403,-0.070973
12334,97717.488730614,1.017028,0.271044,0.862443,-0.267824,-0.514998,-0.253345,-0.117086,-0.024378,-0.071375
12335,97717.493674462,1.018221,0.273629,0.861140,-0.272933,-0.546552,-0.226235,-0.115863,-0.023347,-0.071780
12336,97717.498618309,1.019434,0.276373,0.859969,-0.280894,-0.583282,-0.197012,-0.114639,-0.022315,-0.072185
12337,97717.503531639,1.020673,0.279284,0.858946,-0.292842,-0.625107,-0.166859,-0.113424,-0.021290,-0.072587
12338,97717.508475487,1.021971,0.282424,0.858062,-0.308529,-0.673235,-0.135932,-0.112200,-0.020259,-0.072992
12339,97717.513449852,1.023347,0.285828,0.857322,-0.326183,-0.728799,-0.104890,-0.110969,-0.019222,-0.073399
12340,97717.518393700,1.024792,0.289492,0.856736,-0.343799,-0.789850,-0.077000,-0.109746,-0.018190,-0.073803
12341,97717.523337547,1.026313,0.293462,0.856282,-0.358604,-0.852287,-0.054299,-0.108523,-0.017159,-0.074208
12342,97717.528281395,1.027895,0.297745,0.855936,-0.369138,-0.912020,-0.037996,-0.107299,-0.016128,-0.074613
12343,97717.533225243,1.029517,0.302327,0.855666,-0.375509,-0.966578,-0.028732,-0.106076,-0.015097,-0.075017
12344,97717.538138573,1.031149,0.307150,0.855440,-0.377901,-1.013358,-0.026726,-0.104860,-0.014072,-0.075420
12345,97717.543082420,1.032793,0.312235,0.855219,-0.376436,-1.050906,-0.032237,-0.103637,-0.013041,-0.075824
12346,97717.548026268,1.034421,0.317504,0.854969,-0.371538,-1.078431,-0.045731,-0.102413,-0.012009,-0.076229
12347,97717.552970116,1.036019,0.322908,0.854651,-0.364789,-1.095837,-0.066394,-0.101190,-0.010978,-0.076634
12348,97717.557883446,1.037568,0.328361,0.854232,-0.357217,-1.104210,-0.092685,-0.099974,-0.009953,-0.077036
12349,97717.562827294,1.039085,0.333886,0.853682,-0.350549,-1.104856,-0.122530,-0.098751,-0.008922,-0.077440
12350,97717.567771141,1.040567,0.339411,0.852984,-0.346022,-1.099157,-0.153033,-0.099340,-0.009021,-0.079004
12351,97717.572714989,1.042026,0.344904,0.852136,-0.343820,-1.088684,-0.181817,-0.099929,-0.009120,-0.080567
12352,97717.577658837,1.043475,0.350344,0.851146,-0.342968,-1.074583,-0.207470,-0.100519,-0.009219,-0.082130
12353,97717.582602684,1.044920,0.355712,0.850031,-0.342220,-1.057498,-0.229499,-0.101108,-0.009318,-0.083693
12354,97717.587516014,1.046355,0.360962,0.848816,-0.340748,-1.038095,-0.247259,-0.101694,-0.009417,-0.085247
12355,97717.592459862,1.047794,0.366147,0.847506,-0.337728,-1.016912,-0.260398,-0.102283,-0.009516,-0.086810
12356,97717.597403710,1.049223,0.371226,0.846133,-0.333305,-0.993943,-0.267807,-0.102872,-0.009615,-0.088373
12357,97717.602347557,1.050633,0.376190,0.844725,-0.327439,-0.969797,-0.267939,-0.103462,-0.009714,-0.089936
12358,97717.607291405,1.052021,0.381033,0.843318,-0.320102,-0.945412,-0.258711,-0.104051,-0.009813,-0.091499
12359,97717.612235253,1.053377,0.385755,0.841959,-0.311470,-0.920902,-0.237764,-0.104640,-0.009912,-0.093062
12360,97717.617148583,1.054690,0.390327,0.840713,-0.301544,-0.896955,-0.202208,-0.105226,-0.010011,-0.094616
12361,97717.622092430,1.055970,0.394810,0.839637,-0.290574,-0.875462,-0.152808,-0.105815,-0.010110,-0.096179
12362,97717.627036278,1.057204,0.399186,0.838808,-0.280304,-0.858704,-0.103204,-0.106405,-0.010209,-0.097742
12363,97717.631980126,1.058394,0.403482,0.838226,-0.268538,-0.847143,-0.054006,-0.106994,-0.010308,-0.099305
12364,97717.636923973,1.059532,0.407720,0.837888,-0.250854,-0.841963,-0.005484,-0.107583,-0.010407,-0.100868
12365,97717.641837303,1.060581,0.411906,0.837793,-0.223319,-0.844447,0.041354,-0.108169,-0.010505,-0.102422
12366,97717.646781151,1.061504,0.416128,0.837930,-0.187236,-0.853995,0.084679,-0.108758,-0.010604,-0.103985
12367,97717.651724999,1.062249,0.420391,0.838283,-0.147974,-0.871801,0.107763,-0.109347,-0.010703,-0.105548
12368,97717.656668846,1.062798,0.424735,0.838753,-0.106986,-0.896497,0.105873,-0.109937,-0.010802,-0.107111
12369,97717.661582176,1.063137,0.429165,0.839212,-0.065177,-0.921878,0.084921,-0.110522,-0.010901,-0.108665
12370,97717.666526024,1.063264,0.433738,0.839571,-0.023448,-0.942438,0.048690,-0.111112,-0.011000,-0.110228
12371,97717.671469872,1.063179,0.438400,0.839754,0.017813,-0.956217,0.001519,-0.112410,-0.011667,-0.112500
12372,97717.676413719,1.062883,0.443119,0.839706,0.056811,-0.959041,-0.050741,-0.113708,-0.012334,-0.114772
12373,97717.681357567,1.062391,0.447840,0.839402,0.091999,-0.948257,-0.100365,-0.115006,-0.013000,-0.117045
12374,97717.686270897,1.061727,0.452468,0.838859,0.120515,-0.923150,-0.139220,-0.116296,-0.013663,-0.119303
12375,97717.691245262,1.060916,0.457020,0.838120,0.140624,-0.885836,-0.164670,-0.117602,-0.014334,-0.121589
12376,97717.696189110,1.060018,0.461354,0.837264,0.151000,-0.840447,-0.177410,-0.118900,-0.015001,-0.123861
12377,97717.701102440,1.059082,0.465436,0.836353,0.150618,-0.790139,-0.181042,-0.120190,-0.015663,-0.126119
12378,97717.706046288,1.058154,0.469294,0.835422,0.138636,-0.736739,-0.179130,-0.121488,-0.016330,-0.128391
12379,97717.710990135,1.057296,0.472891,0.834503,0.115047,-0.684018,-0.172316,-0.122786,-0.016997,-0.130664
12380,97717.715933983,1.056567,0.476234,0.833619,0.080759,-0.635955,-0.159553,-0.124084,-0.017664,-0.132936
12381,97717.720816795,1.056025,0.479309,0.832808,0.039642,-0.596794,-0.143608,-0.125366,-0.018322,-0.135180
12382,97717.725760643,1.055689,0.482238,0.832066,-0.006288,-0.567419,-0.126955,-0.126664,-0.018989,-0.137452
12383,97717.730704491,1.055588,0.485034,0.831404,-0.052969,-0.548322,-0.112648,-0.127962,-0.019656,-0.139724
12384,97717.735648338,1.055722,0.487746,0.830810,-0.096577,-0.537864,-0.102390,-0.129260,-0.020323,-0.141996
12385,97717.740592186,1.056075,0.490417,0.830265,-0.134116,-0.533923,-0.096732,-0.130558,-0.020990,-0.144268
12386,97717.745536034,1.056615,0.493077,0.829745,-0.163763,-0.533664,-0.095029,-0.131856,-0.021656,-0.146541
12387,97717.750449364,1.057296,0.495726,0.829234,-0.183566,-0.533691,-0.095544,-0.133146,-0.022319,-0.148799
12388,97717.755393212,1.058080,0.498395,0.828716,-0.193137,-0.533194,-0.097058,-0.134444,-0.022986,-0.151071
12389,97717.760337059,1.058911,0.501064,0.828190,-0.193432,-0.530640,-0.098788,-0.135742,-0.023653,-0.153343
12390,97717.765280907,1.059744,0.503720,0.827656,-0.186685,-0.525692,-0.100276,-0.137040,-0.024319,-0.155615
12391,97717.770194237,1.060539,0.506334,0.827118,-0.175962,-0.519662,-0.101271,-0.138330,-0.024982,-0.157873
12392,97717.775138085,1.061288,0.508933,0.826573,-0.163255,-0.513751,-0.102012,-0.139628,-0.025649,-0.160146
12393,97717.780081932,1.061975,0.511499,0.826026,-0.150101,-0.509118,-0.103211,-0.140926,-0.026316,-0.162418
12394,97717.785025780,1.062599,0.514039,0.825474,-0.136931,-0.506567,-0.104654,-0.142224,-0.026983,-0.164690
12395,97717.789939110,1.063154,0.516548,0.824920,-0.123372,-0.505986,-0.106354,-0.143514,-0.027645,-0.166948
12396,97717.794882958,1.063646,0.519067,0.824355,-0.109935,-0.507657,-0.109026,-0.144812,-0.028312,-0.169220
12397,97717.799826805,1.064070,0.521591,0.823777,-0.097178,-0.511060,-0.112344,-0.146110,-0.028979,-0.171492
12398,97717.804770653,1.064431,0.524129,0.823184,-0.085357,-0.515241,-0.115660,-0.147408,-0.029646,-0.173764
12399,97717.809714501,1.064732,0.526685,0.822575,-0.074957,-0.519320,-0.119050,-0.148706,-0.030312,-0.176037
12400,97717.814627831,1.064980,0.529243,0.821954,-0.066335,-0.522308,-0.122278,-0.148614,-0.031070,-0.177499
12401,97717.819602196,1.065186,0.531845,0.821310,-0.059282,-0.523863,-0.125037,-0.148522,-0.031838,-0.178980
12402,97717.824546044,1.065356,0.534437,0.820656,-0.053414,-0.524267,-0.127355,-0.148430,-0.032601,-0.180452
12403,97717.829489891,1.065497,0.537030,0.819991,-0.048251,-0.523772,-0.129807,-0.148339,-0.033364,-0.181924
12404,97717.834433739,1.065612,0.539619,0.819314,-0.043813,-0.522321,-0.132840,-0.148247,-0.034126,-0.183396
12405,97717.839377587,1.065705,0.542199,0.818623,-0.040288,-0.520394,-0.135911,-0.148155,-0.034889,-0.184868
12406,97717.844321434,1.065782,0.544770,0.817917,-0.037541,-0.518823,-0.138986,-0.148064,-0.035652,-0.186340
12407,97717.854178612,1.065907,0.549877,0.816480,-0.033159,-0.516993,-0.145046,-0.147881,-0.037173,-0.189274
12408,97717.859122460,1.065948,0.552428,0.815730,-0.030551,-0.516845,-0.148023,-0.147789,-0.037936,-0.190746
12409,97717.864066307,1.065976,0.554978,0.814965,-0.027767,-0.516959,-0.150626,-0.147697,-0.038699,-0.192218
12410,97717.869010155,1.065990,0.557528,0.814187,-0.024987,-0.517235,-0.153247,-0.147606,-0.039461,-0.193690
12411,97717.873954003,1.065990,0.560078,0.813397,-0.022712,-0.517946,-0.155827,-0.147514,-0.040224,-0.195162
12412,97717.878867333,1.065978,0.562615,0.812599,-0.021495,-0.518896,-0.158414,-0.147423,-0.040982,-0.196625
12413,97717.883811180,1.065960,0.565173,0.811783,-0.021615,-0.520387,-0.160968,-0.147331,-0.041745,-0.198097
12414,97717.888755028,1.065942,0.567737,0.810955,-0.023079,-0.522617,-0.163636,-0.147239,-0.042508,-0.199568
12415,97717.893698876,1.065931,0.570313,0.810113,-0.025857,-0.525618,-0.166359,-0.147148,-0.043271,-0.201040
12416,97717.898612206,1.065932,0.572888,0.809263,-0.029792,-0.529319,-0.169426,-0.147057,-0.044029,-0.202503
12417,97717.903525536,1.065952,0.575482,0.808397,-0.034465,-0.533675,-0.172958,-0.146965,-0.044787,-0.203966
12418,97717.908469383,1.065994,0.578114,0.807507,-0.039432,-0.538569,-0.176584,-0.146874,-0.045550,-0.205438
12419,97717.913413231,1.066059,0.580771,0.806599,-0.044705,-0.544047,-0.180228,-0.146782,-0.046313,-0.206910
12420,97717.918357079,1.066149,0.583456,0.805673,-0.050148,-0.550092,-0.184034,-0.146690,-0.047075,-0.208382
12421,97717.923331444,1.066264,0.586189,0.804720,-0.055733,-0.556393,-0.187709,-0.146598,-0.047843,-0.209863
12422,97717.928275292,1.066405,0.588937,0.803755,-0.060940,-0.562945,-0.190937,-0.146506,-0.048606,-0.211334
12423,97717.933219139,1.066570,0.591719,0.802773,-0.065856,-0.569820,-0.193536,-0.146415,-0.049368,-0.212806
12424,97717.938162987,1.066758,0.594535,0.801777,-0.070392,-0.576972,-0.195422,-0.146323,-0.050131,-0.214278
12425,97717.943076317,1.066965,0.597370,0.800778,-0.074615,-0.584035,-0.197320,-0.146232,-0.050889,-0.215741
12426,97717.948020165,1.067192,0.600258,0.799762,-0.078052,-0.591248,-0.199049,-0.146140,-0.051652,-0.217213
12427,97717.952933495,1.067433,0.603164,0.798743,-0.079904,-0.598231,-0.200245,-0.146049,-0.052410,-0.218676
12428,97717.957877342,1.067684,0.606123,0.797712,-0.080771,-0.604629,-0.201202,-0.145957,-0.053173,-0.220147
12429,97717.962821190,1.067937,0.609114,0.796675,-0.080976,-0.611127,-0.201554,-0.145865,-0.053936,-0.221619
12430,97717.967765038,1.068189,0.612137,0.795636,-0.080815,-0.617705,-0.201653,-0.145774,-0.054699,-0.223091
12431,97717.972708885,1.068440,0.615193,0.794596,-0.080705,-0.624332,-0.201634,-0.145682,-0.055462,-0.224563
12432,97717.977622215,1.068687,0.618262,0.793563,-0.080302,-0.631070,-0.201273,-0.145591,-0.056220,-0.226026
12433,97717.982566063,1.068932,0.621383,0.792524,-0.079842,-0.638117,-0.200142,-0.145499,-0.056982,-0.227498
12434,97717.987509911,1.069173,0.624539,0.791491,-0.079655,-0.645659,-0.197924,-0.145407,-0.057745,-0.228970
12435,97717.992453758,1.069412,0.627733,0.790468,-0.079676,-0.653766,-0.194019,-0.145316,-0.058508,-0.230442
12436,97717.997397606,1.069649,0.630966,0.789464,-0.079935,-0.662693,-0.189119,-0.145224,-0.059271,-0.231913
12437,97718.002341454,1.069886,0.634245,0.788484,-0.080281,-0.672440,-0.185438,-0.145132,-0.060034,-0.233385
12438,97718.007285301,1.070123,0.637571,0.787521,-0.080424,-0.683196,-0.184575,-0.145041,-0.060796,-0.234857
12439,97718.012229149,1.070359,0.640951,0.786561,-0.080458,-0.695573,-0.186134,-0.144949,-0.061559,-0.236329
12440,97718.017172997,1.070592,0.644392,0.785594,-0.081539,-0.710017,-0.188377,-0.144857,-0.062322,-0.237801
12441,97718.022116844,1.070827,0.647904,0.784614,-0.084175,-0.726108,-0.189800,-0.144765,-0.063085,-0.239273
12442,97718.027030174,1.071069,0.651474,0.783632,-0.088569,-0.742878,-0.190162,-0.144674,-0.063843,-0.240736
12443,97718.031974022,1.071332,0.655151,0.782641,-0.094789,-0.759698,-0.189589,-0.144583,-0.064606,-0.242207
12444,97718.036917870,1.071621,0.658911,0.781652,-0.102936,-0.776153,-0.187978,-0.144491,-0.065369,-0.243679
12445,97718.041831200,1.071945,0.662731,0.780675,-0.112950,-0.792129,-0.185375,-0.144400,-0.066127,-0.245142
12446,97718.046744530,1.072315,0.666632,0.779708,-0.124352,-0.808207,-0.182123,-0.144309,-0.066885,-0.246605
12447,97718.051688378,1.072741,0.670638,0.778751,-0.136487,-0.824990,-0.178753,-0.144217,-0.067648,-0.248077
12448,97718.056601708,1.073220,0.674706,0.777813,-0.148497,-0.841826,-0.175910,-0.144126,-0.068406,-0.249540
12449,97718.061545555,1.073758,0.678884,0.776882,-0.160152,-0.858624,-0.173533,-0.144034,-0.069169,-0.251011
12450,97718.066489403,1.074350,0.683149,0.775961,-0.171277,-0.874855,-0.171288,-0.141623,-0.069556,-0.253314
12451,97718.071433251,1.074993,0.687496,0.775050,-0.181707,-0.890324,-0.168567,-0.139212,-0.069944,-0.255617
12452,97718.076377098,1.075685,0.691921,0.774150,-0.191258,-0.905215,-0.164797,-0.136801,-0.070332,-0.257919
12453,97718.081320946,1.076421,0.696423,0.773267,-0.199804,-0.919779,-0.159360,-0.134390,-0.070719,-0.260222
12454,97718.086234276,1.077191,0.700970,0.772414,-0.206466,-0.933769,-0.153111,-0.131994,-0.071104,-0.262510
12455,97718.091178124,1.077997,0.705617,0.771586,-0.211026,-0.947456,-0.146704,-0.129583,-0.071492,-0.264813
12456,97718.096121971,1.078823,0.710333,0.770789,-0.213616,-0.961288,-0.140374,-0.127172,-0.071880,-0.267116
12457,97718.101065819,1.079659,0.715118,0.770021,-0.214757,-0.975279,-0.134366,-0.124761,-0.072267,-0.269418
12458,97718.105979149,1.080493,0.719942,0.769287,-0.214967,-0.989393,-0.129384,-0.122365,-0.072653,-0.271707
12459,97718.110953514,1.081335,0.724897,0.768568,-0.214818,-1.004435,-0.125757,-0.119939,-0.073043,-0.274024
12460,97718.115866844,1.082164,0.729866,0.767875,-0.214605,-1.020398,-0.123415,-0.117543,-0.073428,-0.276312
12461,97718.120841210,1.082998,0.734975,0.767184,-0.214186,-1.037432,-0.121672,-0.115117,-0.073818,-0.278629
12462,97718.125785057,1.083822,0.740137,0.766504,-0.213502,-1.054896,-0.119926,-0.112706,-0.074206,-0.280931
12463,97718.130728905,1.084638,0.745386,0.765832,-0.212582,-1.073191,-0.117107,-0.110295,-0.074593,-0.283234
12464,97718.135672753,1.085446,0.750725,0.765174,-0.212074,-1.092612,-0.112264,-0.107884,-0.074981,-0.285537
12465,97718.140616600,1.086248,0.756159,0.764537,-0.212123,-1.112993,-0.106206,-0.105473,-0.075369,-0.287839
12466,97718.145529930,1.087041,0.761661,0.763934,-0.212798,-1.134333,-0.099565,-0.103077,-0.075754,-0.290128
12467,97718.150443260,1.087834,0.767268,0.763362,-0.213546,-1.156896,-0.092726,-0.100681,-0.076139,-0.292416
12468,97718.155387108,1.088630,0.773022,0.762818,-0.214334,-1.180353,-0.085746,-0.098270,-0.076527,-0.294719
12469,97718.160300438,1.089421,0.778856,0.762311,-0.214909,-1.204209,-0.078773,-0.095874,-0.076912,-0.297007
12470,97718.165244286,1.090215,0.784845,0.761833,-0.215514,-1.228835,-0.071423,-0.093463,-0.077300,-0.299310
12471,97718.170188133,1.091007,0.790956,0.761391,-0.215988,-1.254001,-0.063734,-0.091052,-0.077687,-0.301613
12472,97718.175131981,1.091797,0.797192,0.760985,-0.216466,-1.279847,-0.055690,-0.088641,-0.078075,-0.303915
12473,97718.180075829,1.092584,0.803556,0.760617,-0.217309,-1.305847,-0.047137,-0.086230,-0.078463,-0.306218
12474,97718.185019676,1.093370,0.810049,0.760289,-0.219245,-1.331453,-0.038000,-0.083819,-0.078850,-0.308520
12475,97718.189933006,1.094156,0.816629,0.760007,-0.222580,-1.355661,-0.029348,-0.081423,-0.079236,-0.310809
12476,97718.194876854,1.094958,0.823371,0.759765,-0.227761,-1.378030,-0.021486,-0.079012,-0.079623,-0.313112
12477,97718.199851219,1.095787,0.830267,0.759558,-0.235560,-1.398714,-0.014154,-0.076586,-0.080013,-0.315428
12478,97718.204795067,1.096645,0.837225,0.759387,-0.245403,-1.417734,-0.006020,-0.074175,-0.080401,-0.317731
12479,97718.209738915,1.097549,0.844279,0.759254,-0.256713,-1.434728,0.003642,-0.071764,-0.080789,-0.320034
12480,97718.214682762,1.098505,0.851421,0.759167,-0.268944,-1.449130,0.015267,-0.069353,-0.081176,-0.322336
12481,97718.219596092,1.099513,0.858592,0.759136,-0.281487,-1.460577,0.028760,-0.066957,-0.081562,-0.324625
12482,97718.224539940,1.100588,0.865868,0.759170,-0.293376,-1.469183,0.042419,-0.064546,-0.081949,-0.326927
12483,97718.229453270,1.101713,0.873145,0.759269,-0.303457,-1.475386,0.054465,-0.062150,-0.082335,-0.329216
12484,97718.234397118,1.102895,0.880501,0.759427,-0.311684,-1.480520,0.064882,-0.059739,-0.082722,-0.331518
12485,97718.239340965,1.104117,0.887884,0.759636,-0.317506,-1.485970,0.074821,-0.057328,-0.083110,-0.333821
12486,97718.244254295,1.105360,0.895250,0.759892,-0.319928,-1.491892,0.085196,-0.054932,-0.083495,-0.336109
12487,97718.249198143,1.106622,0.902693,0.760200,-0.319251,-1.497316,0.096282,-0.052521,-0.083883,-0.338412
12488,97718.254141991,1.107880,0.910163,0.760562,-0.316480,-1.499329,0.107717,-0.050110,-0.084270,-0.340715
12489,97718.259085838,1.109125,0.917643,0.760982,-0.312921,-1.495493,0.119433,-0.047699,-0.084658,-0.343017
12490,97718.264029686,1.110354,0.925104,0.761459,-0.308938,-1.486420,0.132122,-0.045288,-0.085046,-0.345320
12491,97718.268943016,1.111558,0.932475,0.761997,-0.303869,-1.473225,0.146203,-0.042892,-0.085431,-0.347608
12492,97718.273886864,1.112749,0.939825,0.762609,-0.296980,-1.456733,0.161624,-0.040481,-0.085819,-0.349911
12493,97718.278830712,1.113911,0.947094,0.763299,-0.288649,-1.437309,0.178625,-0.038070,-0.086206,-0.352214
12494,97718.283774559,1.115037,0.954266,0.764074,-0.279498,-1.415676,0.196734,-0.035659,-0.086594,-0.354516
12495,97718.288718407,1.116124,0.961331,0.764941,-0.270059,-1.392250,0.214789,-0.033248,-0.086982,-0.356819
12496,97718.293662254,1.117170,0.968279,0.765899,-0.260946,-1.367614,0.231083,-0.030837,-0.087369,-0.359122
12497,97718.298575585,1.118172,0.975062,0.766934,-0.252658,-1.342412,0.245234,-0.028441,-0.087755,-0.361410
12498,97718.303519432,1.119146,0.981762,0.768047,-0.245021,-1.317309,0.258021,-0.026030,-0.088142,-0.363713
12499,97718.308463280,1.120088,0.988337,0.769225,-0.237662,-1.293389,0.270705,-0.023619,-0.088530,-0.366015
12500,97718.313376610,1.120994,0.994753,0.770460,-0.230399,-1.270612,0.282604,-0.023495,-0.089324,-0.366477
12501,97718.318320458,1.121876,1.001096,0.771764,-0.223036,-1.248841,0.292561,-0.023369,-0.090123,-0.366942
12502,97718.323264305,1.122727,1.007331,0.773119,-0.215498,-1.228762,0.300312,-0.023244,-0.090922,-0.367406
12503,97718.328238670,1.123551,1.013502,0.774522,-0.208023,-1.210830,0.305489,-0.023118,-0.091726,-0.367874
12504,97718.333182518,1.124337,1.019547,0.775945,-0.201049,-1.195960,0.308284,-0.022993,-0.092525,-0.368339
12505,97718.338126366,1.125092,1.025516,0.777382,-0.194919,-1.184439,0.309290,-0.022867,-0.093325,-0.368803
12506,97718.343070213,1.125819,1.031427,0.778825,-0.190256,-1.176800,0.309362,-0.022742,-0.094124,-0.369268
12507,97718.347983544,1.126521,1.037264,0.780261,-0.187393,-1.172717,0.308474,-0.022617,-0.094918,-0.369730
12508,97718.352927391,1.127214,1.043115,0.781702,-0.186262,-1.171100,0.306831,-0.022492,-0.095717,-0.370194
12509,97718.357871239,1.127901,1.048959,0.783134,-0.186956,-1.170874,0.305149,-0.022367,-0.096516,-0.370659
12510,97718.362815087,1.128592,1.054801,0.784559,-0.188964,-1.171018,0.304261,-0.022640,-0.096688,-0.370406
12511,97718.367758934,1.129292,1.060644,0.785978,-0.192409,-1.170195,0.304441,-0.022913,-0.096861,-0.370153
12512,97718.372672264,1.130006,1.066449,0.787390,-0.197077,-1.167542,0.305117,-0.023184,-0.097032,-0.369902
12513,97718.377616112,1.130747,1.072277,0.788814,-0.201762,-1.161644,0.306517,-0.023457,-0.097205,-0.369649
12514,97718.382559960,1.131513,1.078077,0.790244,-0.205879,-1.151918,0.308166,-0.023730,-0.097377,-0.369396
12515,97718.387503807,1.132301,1.083830,0.791683,-0.209736,-1.138250,0.309661,-0.024003,-0.097550,-0.369143
12516,97718.392447655,1.133112,1.089516,0.793130,-0.212686,-1.120187,0.310716,-0.024275,-0.097722,-0.368890
12517,97718.397360985,1.133936,1.095079,0.794574,-0.214475,-1.098392,0.310578,-0.024547,-0.097894,-0.368639
12518,97718.402304833,1.134779,1.100570,0.796028,-0.215846,-1.073807,0.308816,-0.024820,-0.098066,-0.368386
12519,97718.407248680,1.135633,1.105939,0.797474,-0.217636,-1.047478,0.305252,-0.025092,-0.098238,-0.368133
12520,97718.412192528,1.136503,1.111179,0.798904,-0.219995,-1.020351,0.299848,-0.025365,-0.098411,-0.367880
12521,97718.417105858,1.137383,1.116253,0.800300,-0.223005,-0.993336,0.292740,-0.025637,-0.098582,-0.367628
12522,97718.422049706,1.138290,1.121226,0.801671,-0.226439,-0.966950,0.284059,-0.025910,-0.098755,-0.367375
12523,97718.426993553,1.139218,1.126068,0.803000,-0.230119,-0.941929,0.274135,-0.026182,-0.098927,-0.367123
12524,97718.431937401,1.140170,1.130787,0.804282,-0.234122,-0.918619,0.262793,-0.026455,-0.099100,-0.366870
12525,97718.436850731,1.141139,1.135363,0.805501,-0.238721,-0.897450,0.250244,-0.026727,-0.099271,-0.366618
12526,97718.441794579,1.142141,1.139862,0.806666,-0.243449,-0.878008,0.236199,-0.027000,-0.099443,-0.366365
12527,97718.446738426,1.143169,1.144266,0.807763,-0.248037,-0.860083,0.219980,-0.027272,-0.099616,-0.366112
12528,97718.451682274,1.144223,1.148581,0.808781,-0.253092,-0.842640,0.200729,-0.027545,-0.099788,-0.365859
12529,97718.456595604,1.145297,1.152784,0.809698,-0.258107,-0.825157,0.177900,-0.027817,-0.099960,-0.365608
12530,97718.461569969,1.146412,1.156952,0.810514,-0.261377,-0.806979,0.150254,-0.028091,-0.100133,-0.365354
12531,97718.466483299,1.147532,1.160979,0.811184,-0.262250,-0.788178,0.118379,-0.028362,-0.100305,-0.365102
12532,97718.471427147,1.148664,1.164935,0.811703,-0.260909,-0.768621,0.082011,-0.028635,-0.100477,-0.364849
12533,97718.476370995,1.149791,1.168793,0.812043,-0.256666,-0.749604,0.042270,-0.028908,-0.100650,-0.364596
12534,97718.481284325,1.150892,1.172530,0.812187,-0.249733,-0.732554,0.000462,-0.029179,-0.100821,-0.364345
12535,97718.486228172,1.151966,1.176202,0.812127,-0.240882,-0.717381,-0.043183,-0.029452,-0.100993,-0.364092
12536,97718.491172020,1.152997,1.179794,0.811853,-0.231117,-0.704093,-0.087506,-0.029725,-0.101166,-0.363839
12537,97718.496115868,1.153979,1.183316,0.811361,-0.221280,-0.692491,-0.131741,-0.029998,-0.101338,-0.363586
12538,97718.501059715,1.154912,1.186776,0.810652,-0.211652,-0.682217,-0.175017,-0.030271,-0.101511,-0.363333
12539,97718.505973045,1.155791,1.190159,0.809736,-0.201967,-0.673652,-0.215960,-0.030542,-0.101682,-0.363082
12540,97718.510947411,1.156631,1.193537,0.808606,-0.192138,-0.666811,-0.254378,-0.030817,-0.101856,-0.362827
12541,97718.515891258,1.157417,1.196855,0.807294,-0.182356,-0.661586,-0.288285,-0.031090,-0.102028,-0.362574
12542,97718.520804588,1.158149,1.200124,0.805825,-0.172949,-0.657963,-0.316772,-0.031361,-0.102200,-0.362323
12543,97718.525748436,1.158837,1.203391,0.804207,-0.163503,-0.655442,-0.339747,-0.031634,-0.102372,-0.362070
12544,97718.530661766,1.159474,1.206621,0.802487,-0.154331,-0.653646,-0.356547,-0.031905,-0.102543,-0.361819
12545,97718.535605614,1.160069,1.209861,0.800674,-0.145599,-0.652725,-0.367295,-0.032178,-0.102716,-0.361566
12546,97718.540549462,1.160619,1.213093,0.798809,-0.137292,-0.652399,-0.371920,-0.032451,-0.102888,-0.361313
12547,97718.545493309,1.161129,1.216321,0.796921,-0.129900,-0.652432,-0.371433,-0.032724,-0.103061,-0.361060
12548,97718.550437157,1.161602,1.219548,0.795037,-0.122927,-0.652471,-0.366815,-0.032997,-0.103233,-0.360807
12549,97718.555350487,1.162038,1.222754,0.793187,-0.115937,-0.652268,-0.359814,-0.033268,-0.103405,-0.360556
12550,97718.560294335,1.162443,1.225977,0.791361,-0.108206,-0.652215,-0.350970,-0.034999,-0.103348,-0.359138
12551,97718.565238182,1.162811,1.229200,0.789579,-0.099275,-0.653040,-0.340489,-0.036729,-0.103291,-0.357721
12552,97718.570182030,1.163135,1.232425,0.787849,-0.089344,-0.655293,-0.329200,-0.038460,-0.103234,-0.356303
12553,97718.575125878,1.163410,1.235660,0.786176,-0.079603,-0.659522,-0.317405,-0.040190,-0.103176,-0.354886
12554,97718.580069725,1.163637,1.238914,0.784562,-0.070717,-0.665883,-0.304772,-0.041920,-0.103119,-0.353468
12555,97718.585013573,1.163820,1.242199,0.783010,-0.063147,-0.675210,-0.292047,-0.043651,-0.103062,-0.352051
12556,97718.589926903,1.163963,1.245508,0.781531,-0.057184,-0.687441,-0.279647,-0.045371,-0.103006,-0.350642
12557,97718.594870751,1.164076,1.248898,0.780103,-0.052143,-0.701993,-0.266738,-0.047101,-0.102949,-0.349225
12558,97718.599814598,1.164162,1.252359,0.778739,-0.047444,-0.718491,-0.252703,-0.048832,-0.102892,-0.347807
12559,97718.604758446,1.164222,1.255902,0.777443,-0.041889,-0.736815,-0.237372,-0.050562,-0.102835,-0.346390
12560,97718.609671776,1.164251,1.259513,0.776230,-0.034987,-0.757882,-0.220931,-0.052282,-0.102778,-0.344981
12561,97718.614615624,1.164244,1.263249,0.775090,-0.026731,-0.782529,-0.202955,-0.054012,-0.102721,-0.343564
12562,97718.619528954,1.164191,1.267083,0.774045,-0.017256,-0.810138,-0.183477,-0.055732,-0.102664,-0.342155
12563,97718.624503319,1.164087,1.271101,0.773082,-0.006453,-0.840657,-0.162482,-0.057473,-0.102607,-0.340729
12564,97718.629477684,1.163923,1.275270,0.772223,0.004807,-0.872904,-0.142193,-0.059215,-0.102549,-0.339302
12565,97718.634421532,1.163700,1.279571,0.771468,0.016284,-0.905181,-0.124674,-0.060945,-0.102492,-0.337885
12566,97718.639365379,1.163414,1.284030,0.770799,0.028346,-0.936659,-0.111054,-0.062675,-0.102435,-0.336467
12567,97718.644278710,1.163064,1.288614,0.770200,0.041110,-0.965592,-0.102620,-0.064395,-0.102379,-0.335059
12568,97718.649222557,1.162644,1.293367,0.769638,0.055039,-0.990828,-0.099905,-0.066126,-0.102322,-0.333641
12569,97718.654166405,1.162150,1.298243,0.769089,0.069956,-1.011438,-0.103109,-0.067856,-0.102265,-0.332224
12570,97718.659079735,1.161581,1.303185,0.768527,0.085041,-1.026971,-0.111698,-0.069576,-0.102208,-0.330815
12571,97718.664023583,1.160929,1.308232,0.767920,0.099354,-1.038119,-0.124977,-0.071307,-0.102151,-0.329398
12572,97718.668967430,1.160204,1.313329,0.767248,0.111917,-1.045204,-0.142054,-0.073037,-0.102094,-0.327980
12573,97718.673911278,1.159414,1.318458,0.766491,0.122094,-1.048990,-0.161169,-0.074767,-0.102037,-0.326563
12574,97718.678855126,1.158572,1.323602,0.765641,0.129477,-1.050547,-0.181276,-0.076498,-0.101980,-0.325145
12575,97718.683798973,1.157691,1.328751,0.764692,0.134393,-1.050292,-0.201055,-0.078228,-0.101923,-0.323728
12576,97718.688712303,1.156790,1.333865,0.763651,0.137085,-1.048623,-0.219748,-0.079948,-0.101866,-0.322319
12577,97718.693656151,1.155870,1.339000,0.762513,0.138167,-1.044878,-0.236960,-0.081679,-0.101809,-0.320902
12578,97718.698599999,1.154943,1.344116,0.761289,0.138494,-1.038602,-0.252311,-0.083409,-0.101752,-0.319484
12579,97718.703543846,1.154015,1.349199,0.759990,0.138737,-1.029552,-0.265392,-0.085140,-0.101695,-0.318067
12580,97718.708487694,1.153087,1.354237,0.758627,0.139452,-1.017567,-0.275442,-0.086870,-0.101638,-0.316649
12581,97718.713431542,1.152158,1.359215,0.757215,0.140819,-1.002627,-0.281588,-0.088601,-0.101581,-0.315232
12582,97718.718375389,1.151224,1.364118,0.755773,0.142659,-0.985409,-0.282639,-0.090331,-0.101524,-0.313814
12583,97718.723258202,1.150297,1.368877,0.754346,0.144560,-0.966705,-0.277170,-0.092040,-0.101467,-0.312414
12584,97718.728232567,1.149347,1.373631,0.752920,0.145903,-0.946161,-0.263885,-0.093781,-0.101410,-0.310988
12585,97718.733176415,1.148402,1.378256,0.751570,0.146290,-0.924365,-0.242120,-0.095512,-0.101353,-0.309571
12586,97718.738120262,1.147462,1.382774,0.750329,0.145296,-0.901480,-0.210757,-0.097242,-0.101296,-0.308153
12587,97718.743064110,1.146533,1.387182,0.749244,0.141653,-0.877714,-0.169543,-0.098973,-0.101239,-0.306736
12588,97718.747977440,1.145636,1.391449,0.748369,0.134541,-0.854076,-0.120978,-0.100693,-0.101182,-0.305327
12589,97718.752921288,1.144777,1.395630,0.747730,0.123642,-0.830342,-0.071448,-0.102423,-0.101125,-0.303910
12590,97718.757865135,1.143981,1.399699,0.747336,0.110597,-0.806570,-0.022860,-0.104153,-0.101068,-0.302492
12591,97718.762808983,1.143258,1.403657,0.747183,0.097286,-0.784579,0.017855,-0.105884,-0.101011,-0.301075
12592,97718.767722313,1.142612,1.407489,0.747232,0.084947,-0.767309,0.046088,-0.107604,-0.100954,-0.299666
12593,97718.772666161,1.142029,1.411263,0.747420,0.073984,-0.756920,0.062935,-0.109334,-0.100897,-0.298248
12594,97718.777610008,1.141504,1.414989,0.747691,0.065125,-0.754031,0.070648,-0.111065,-0.100840,-0.296831
12595,97718.782553856,1.141024,1.418703,0.748000,0.059570,-0.757294,0.071141,-0.112795,-0.100783,-0.295414
12596,97718.787497704,1.140570,1.422435,0.748311,0.058242,-0.764141,0.065769,-0.114526,-0.100726,-0.293996
12597,97718.792411034,1.140124,1.426177,0.748593,0.061820,-0.771317,0.055402,-0.116245,-0.100670,-0.292587
12598,97718.797354881,1.139655,1.429976,0.748825,0.069222,-0.776736,0.040260,-0.117976,-0.100613,-0.291170
12599,97718.802298729,1.139147,1.433800,0.748983,0.079237,-0.779204,0.022306,-0.119706,-0.100556,-0.289752
12600,97718.807242577,1.138588,1.437632,0.749052,0.090693,-0.778433,0.003629,-0.121130,-0.099516,-0.287808
12601,97718.812186424,1.137971,1.441457,0.749030,0.102236,-0.773464,-0.014190,-0.123510,-0.098907,-0.284359
12602,97718.817130272,1.137297,1.445254,0.748921,0.112929,-0.763810,-0.030052,-0.125889,-0.098298,-0.280910
12603,97718.822074120,1.136571,1.449000,0.748736,0.122272,-0.749596,-0.042334,-0.128269,-0.097689,-0.277461
12604,97718.827017967,1.135801,1.452673,0.748490,0.128901,-0.731351,-0.049593,-0.130649,-0.097080,-0.274012
12605,97718.831961815,1.135002,1.456254,0.748211,0.131860,-0.709921,-0.051483,-0.133029,-0.096471,-0.270563
12606,97718.836905663,1.134193,1.459728,0.747924,0.130973,-0.686079,-0.048620,-0.135409,-0.095862,-0.267114
12607,97718.841818993,1.133399,1.463065,0.747654,0.126037,-0.660497,-0.042941,-0.137774,-0.095257,-0.263687
12608,97718.846732323,1.132634,1.466277,0.747413,0.116972,-0.633842,-0.036368,-0.140139,-0.094651,-0.260259
12609,97718.851676170,1.131916,1.469379,0.747204,0.104352,-0.607233,-0.030270,-0.142519,-0.094042,-0.256810
12610,97718.856620018,1.131267,1.472354,0.747026,0.088963,-0.582177,-0.024808,-0.144899,-0.093433,-0.253361
12611,97718.861563866,1.130699,1.475208,0.746875,0.071700,-0.560223,-0.019449,-0.147279,-0.092824,-0.249912
12612,97718.866507713,1.130222,1.477958,0.746751,0.053636,-0.541919,-0.013961,-0.149659,-0.092215,-0.246463
12613,97718.871421044,1.129841,1.480606,0.746654,0.035299,-0.527554,-0.009320,-0.152024,-0.091610,-0.243035
12614,97718.876364891,1.129551,1.483203,0.746579,0.017492,-0.517335,-0.006372,-0.154404,-0.091001,-0.239587
12615,97718.881308739,1.129352,1.485754,0.746518,0.001160,-0.510946,-0.005842,-0.156784,-0.090392,-0.236138
12616,97718.886252587,1.129235,1.488276,0.746458,-0.012930,-0.507840,-0.007664,-0.159164,-0.089783,-0.232689
12617,97718.891196434,1.129188,1.490787,0.746389,-0.024397,-0.507766,-0.011173,-0.161544,-0.089174,-0.229240
12618,97718.896140282,1.129197,1.493299,0.746302,-0.033076,-0.509183,-0.015655,-0.163924,-0.088565,-0.225791
12619,97718.901084129,1.129248,1.495820,0.746191,-0.039024,-0.510392,-0.020466,-0.166304,-0.087956,-0.222342
12620,97718.905997460,1.129328,1.498332,0.746058,-0.042108,-0.510853,-0.024702,-0.168669,-0.087351,-0.218914
12621,97718.910941307,1.129423,1.500863,0.745902,-0.042547,-0.509729,-0.028280,-0.171049,-0.086742,-0.215465
12622,97718.915885155,1.129521,1.503388,0.745728,-0.040835,-0.506531,-0.031487,-0.173429,-0.086133,-0.212016
12623,97718.920798485,1.129609,1.505881,0.745540,-0.037185,-0.501448,-0.034578,-0.175794,-0.085528,-0.208588
12624,97718.925742333,1.129682,1.508363,0.745337,-0.031677,-0.494568,-0.037856,-0.178174,-0.084919,-0.205140
12625,97718.930686180,1.129728,1.510810,0.745118,-0.024748,-0.486462,-0.041081,-0.180554,-0.084310,-0.201691
12626,97718.935630028,1.129741,1.513215,0.744884,-0.016396,-0.478034,-0.044277,-0.182933,-0.083701,-0.198242
12627,97718.940543358,1.129716,1.515562,0.744637,-0.007123,-0.470049,-0.047298,-0.185299,-0.083096,-0.194814
12628,97718.945487206,1.129645,1.517882,0.744374,0.002403,-0.462746,-0.050005,-0.187679,-0.082487,-0.191365
12629,97718.950431053,1.129529,1.520164,0.744099,0.011577,-0.456555,-0.052440,-0.190059,-0.081878,-0.187916
12630,97718.955344383,1.129370,1.522399,0.743816,0.019845,-0.451391,-0.054530,-0.192424,-0.081273,-0.184488
12631,97718.960288231,1.129170,1.524621,0.743520,0.026937,-0.446835,-0.056440,-0.194804,-0.080664,-0.181039
12632,97718.965232079,1.128936,1.526818,0.743217,0.032279,-0.442560,-0.057866,-0.197184,-0.080055,-0.177590
12633,97718.970175926,1.128676,1.528993,0.742907,0.035489,-0.438285,-0.058784,-0.199563,-0.079446,-0.174142
12634,97718.975119774,1.128401,1.531146,0.742592,0.036529,-0.433981,-0.059074,-0.201943,-0.078837,-0.170693
12635,97718.980033104,1.128124,1.533265,0.742279,0.035826,-0.429534,-0.058801,-0.204309,-0.078232,-0.167265
12636,97718.984976952,1.127850,1.535375,0.741965,0.033398,-0.424644,-0.058203,-0.206688,-0.077623,-0.163816
12637,97718.989920799,1.127588,1.537461,0.741655,0.029964,-0.419249,-0.057798,-0.209068,-0.077014,-0.160367
12638,97718.994864647,1.127345,1.539521,0.741346,0.025682,-0.413701,-0.057594,-0.211448,-0.076405,-0.156918
12639,97718.999808495,1.127124,1.541555,0.741039,0.020990,-0.407839,-0.057627,-0.213828,-0.075796,-0.153469
12640,97719.004752342,1.126928,1.543561,0.740731,0.016047,-0.401907,-0.057765,-0.216208,-0.075187,-0.150020
12641,97719.009665672,1.126758,1.545527,0.740425,0.010993,-0.395992,-0.058105,-0.218573,-0.074582,-0.146592
12642,97719.014609520,1.126613,1.547476,0.740114,0.005779,-0.390284,-0.058477,-0.220953,-0.073973,-0.143144
12643,97719.019522850,1.126497,1.549387,0.739804,0.000442,-0.385102,-0.058970,-0.223318,-0.073367,-0.139716
12644,97719.024466698,1.126407,1.551285,0.739490,-0.004972,-0.380398,-0.059351,-0.225698,-0.072758,-0.136267
12645,97719.029441063,1.126344,1.553173,0.739171,-0.010318,-0.376534,-0.059601,-0.228093,-0.072146,-0.132797
12646,97719.034354393,1.126309,1.555019,0.738856,-0.015812,-0.373611,-0.059904,-0.230458,-0.071541,-0.129369
12647,97719.044242088,1.126294,1.558709,0.738216,-0.026910,-0.368908,-0.060753,-0.235218,-0.070323,-0.122471
12648,97719.049216454,1.126343,1.560544,0.737890,-0.032499,-0.367849,-0.060874,-0.237612,-0.069710,-0.119001
12649,97719.054129784,1.126418,1.562353,0.737567,-0.037821,-0.367037,-0.060831,-0.240290,-0.069740,-0.114568
12650,97719.059043114,1.126520,1.564159,0.737243,-0.043145,-0.366072,-0.060395,-0.241389,-0.070202,-0.110376
12651,97719.063986962,1.126650,1.565972,0.736919,-0.048137,-0.364821,-0.059350,-0.242495,-0.070668,-0.106158
12652,97719.068930809,1.126804,1.567781,0.736601,-0.052671,-0.363068,-0.058111,-0.243601,-0.071133,-0.101940
12653,97719.073874657,1.126981,1.569581,0.736288,-0.056632,-0.360829,-0.056955,-0.244707,-0.071598,-0.097722
12654,97719.078818504,1.127178,1.571372,0.735980,-0.060097,-0.358491,-0.055850,-0.245813,-0.072063,-0.093504
12655,97719.083731835,1.127392,1.573141,0.735680,-0.062932,-0.356228,-0.054663,-0.246912,-0.072525,-0.089313
12656,97719.088675682,1.127621,1.574911,0.735384,-0.065192,-0.354206,-0.053485,-0.248018,-0.072990,-0.085095
12657,97719.093619530,1.127862,1.576671,0.735094,-0.066989,-0.352615,-0.052505,-0.249124,-0.073455,-0.080877
12658,97719.098563378,1.128113,1.578423,0.734808,-0.068184,-0.351545,-0.051692,-0.250230,-0.073921,-0.076659
12659,97719.103507225,1.128369,1.580171,0.734527,-0.069041,-0.351164,-0.051140,-0.251336,-0.074386,-0.072441
12660,97719.108451073,1.128630,1.581917,0.734248,-0.069556,-0.351518,-0.051245,-0.252442,-0.074851,-0.068223
12661,97719.113394920,1.128894,1.583665,0.733968,-0.069794,-0.352465,-0.051874,-0.253548,-0.075316,-0.064005
12662,97719.118338768,1.129158,1.585417,0.733685,-0.070015,-0.354273,-0.052696,-0.254654,-0.075781,-0.059787
12663,97719.123282616,1.129423,1.587179,0.733398,-0.070077,-0.356800,-0.053193,-0.255760,-0.076246,-0.055569
12664,97719.128195946,1.129686,1.588942,0.733111,-0.070144,-0.359614,-0.053013,-0.256859,-0.076708,-0.051377
12665,97719.133139794,1.129951,1.590730,0.732822,-0.070317,-0.362099,-0.052185,-0.257965,-0.077174,-0.047159
12666,97719.138083641,1.130215,1.592530,0.732537,-0.070881,-0.363883,-0.051474,-0.259071,-0.077639,-0.042941
12667,97719.142996971,1.130481,1.594328,0.732257,-0.071954,-0.364996,-0.050970,-0.260171,-0.078101,-0.038749
12668,97719.147940819,1.130753,1.596143,0.731978,-0.073602,-0.365794,-0.050867,-0.261277,-0.078566,-0.034531
12669,97719.152884667,1.131034,1.597962,0.731699,-0.075865,-0.366334,-0.051062,-0.262383,-0.079031,-0.030313
12670,97719.157828514,1.131325,1.599785,0.731420,-0.078686,-0.366898,-0.051311,-0.263489,-0.079496,-0.026095
12671,97719.162772362,1.131630,1.601610,0.731138,-0.082015,-0.367641,-0.051633,-0.264595,-0.079961,-0.021877
12672,97719.167685692,1.131950,1.603429,0.730857,-0.085854,-0.368609,-0.052068,-0.265694,-0.080424,-0.017685
12673,97719.172629540,1.132290,1.605265,0.730571,-0.090093,-0.369675,-0.052655,-0.266800,-0.080889,-0.013467
12674,97719.177573387,1.132651,1.607107,0.730282,-0.094709,-0.371338,-0.053195,-0.267906,-0.081354,-0.009249
12675,97719.182517235,1.133034,1.608958,0.729989,-0.099697,-0.373483,-0.053897,-0.269012,-0.081819,-0.005032
12676,97719.187461083,1.133441,1.610821,0.729693,-0.105194,-0.376030,-0.054653,-0.270118,-0.082284,-0.000814
12677,97719.192374413,1.133873,1.612686,0.729395,-0.111309,-0.379165,-0.055157,-0.271217,-0.082746,0.003378
12678,97719.197318260,1.134336,1.614579,0.729091,-0.118248,-0.382849,-0.055062,-0.272323,-0.083212,0.007596
12679,97719.202262108,1.134833,1.616492,0.728787,-0.126113,-0.387105,-0.054345,-0.273429,-0.083677,0.011814
12680,97719.207205956,1.135367,1.618427,0.728486,-0.134544,-0.391633,-0.053249,-0.274535,-0.084142,0.016032
12681,97719.212149803,1.135943,1.620387,0.728189,-0.142988,-0.396005,-0.051838,-0.275641,-0.084607,0.020250
12682,97719.217093651,1.136559,1.622371,0.727899,-0.150978,-0.399533,-0.050598,-0.276747,-0.085072,0.024468
12683,97719.222037499,1.137215,1.624373,0.727614,-0.158054,-0.402218,-0.049709,-0.277853,-0.085537,0.028686
12684,97719.226950829,1.137900,1.626378,0.727334,-0.164331,-0.403981,-0.048877,-0.278952,-0.085999,0.032878
12685,97719.231894676,1.138620,1.628406,0.727056,-0.169689,-0.405224,-0.047548,-0.280058,-0.086465,0.037096
12686,97719.236838524,1.139367,1.630441,0.726784,-0.174206,-0.406049,-0.045208,-0.281164,-0.086930,0.041314
12687,97719.241782372,1.140135,1.632481,0.726523,-0.177816,-0.406612,-0.042180,-0.282270,-0.087395,0.045532
12688,97719.251639549,1.141704,1.636557,0.726033,-0.183064,-0.407075,-0.035679,-0.284475,-0.088322,0.053942
12689,97719.256583397,1.142517,1.638604,0.725818,-0.183426,-0.407255,-0.033723,-0.285581,-0.088787,0.058160
12690,97719.261527245,1.143332,1.640653,0.725614,-0.183158,-0.407495,-0.032013,-0.286687,-0.089252,0.062378
12691,97719.266471092,1.144146,1.642703,0.725417,-0.182680,-0.408019,-0.030250,-0.287793,-0.089718,0.066596
12692,97719.271384422,1.144952,1.644743,0.725231,-0.181987,-0.408735,-0.028541,-0.288892,-0.090180,0.070788
12693,97719.276328270,1.145760,1.646800,0.725052,-0.181341,-0.409319,-0.026938,-0.289998,-0.090645,0.075006
12694,97719.281272118,1.146565,1.648859,0.724881,-0.180712,-0.409413,-0.025521,-0.291104,-0.091110,0.079223
12695,97719.286215965,1.147366,1.650918,0.724717,-0.180236,-0.408868,-0.024505,-0.292210,-0.091575,0.083441
12696,97719.291159813,1.148166,1.652975,0.724558,-0.180097,-0.407682,-0.024013,-0.293316,-0.092040,0.087659
12697,97719.296073143,1.148960,1.655013,0.724402,-0.180284,-0.405950,-0.023939,-0.294415,-0.092503,0.091851
12698,97719.301016991,1.149760,1.657055,0.724246,-0.180750,-0.403908,-0.024072,-0.295521,-0.092968,0.096069
12699,97719.305960838,1.150564,1.659088,0.724090,-0.181819,-0.401141,-0.024317,-0.296627,-0.093433,0.100287
12700,97719.310904686,1.151373,1.661107,0.723932,-0.183291,-0.397712,-0.024412,-0.296984,-0.093687,0.103743
12701,97719.315848534,1.152190,1.663109,0.723774,-0.185064,-0.393646,-0.024402,-0.297340,-0.093942,0.107199
12702,97719.320822899,1.153021,1.665104,0.723615,-0.186809,-0.388883,-0.024442,-0.297698,-0.094198,0.110677
12703,97719.325766747,1.153858,1.667063,0.723457,-0.188361,-0.383652,-0.024419,-0.298055,-0.094453,0.114133
12704,97719.330710594,1.154703,1.668997,0.723299,-0.189616,-0.378069,-0.024496,-0.298411,-0.094707,0.117589
12705,97719.335654442,1.155555,1.670904,0.723141,-0.190766,-0.372799,-0.024868,-0.298767,-0.094962,0.121045
12706,97719.340598290,1.156415,1.672785,0.722982,-0.191758,-0.368128,-0.025513,-0.299124,-0.095216,0.124501
12707,97719.345542137,1.157280,1.674643,0.722820,-0.192633,-0.364057,-0.026449,-0.299480,-0.095471,0.127957
12708,97719.350485985,1.158150,1.676481,0.722653,-0.193662,-0.360852,-0.027590,-0.299836,-0.095725,0.131413
12709,97719.355399315,1.159021,1.678292,0.722481,-0.194632,-0.358097,-0.028965,-0.300190,-0.095978,0.134847
12710,97719.360343163,1.159902,1.680101,0.722302,-0.195633,-0.355587,-0.030253,-0.300547,-0.096233,0.138303
12711,97719.365287010,1.160789,1.681897,0.722117,-0.196568,-0.353202,-0.030938,-0.300903,-0.096487,0.141759
12712,97719.370230858,1.161680,1.683682,0.721928,-0.197567,-0.350331,-0.031095,-0.301259,-0.096742,0.145215
12713,97719.375174706,1.162578,1.685453,0.721739,-0.198119,-0.346616,-0.030796,-0.301616,-0.096997,0.148671
12714,97719.380088036,1.163473,1.687195,0.721552,-0.198177,-0.341869,-0.029776,-0.301970,-0.097250,0.152106
12715,97719.385031883,1.164375,1.688925,0.721370,-0.197554,-0.336251,-0.028462,-0.302326,-0.097504,0.155562
12716,97719.389975731,1.165276,1.690626,0.721194,-0.196158,-0.329795,-0.027183,-0.302683,-0.097759,0.159018
12717,97719.394919579,1.166171,1.692296,0.721026,-0.193695,-0.322728,-0.025922,-0.303039,-0.098013,0.162474
12718,97719.399863426,1.167056,1.693930,0.720864,-0.190085,-0.315431,-0.024979,-0.303395,-0.098268,0.165930
12719,97719.404807274,1.167924,1.695527,0.720707,-0.185372,-0.308548,-0.024245,-0.303751,-0.098522,0.169386
12720,97719.409720604,1.168765,1.697080,0.720556,-0.179557,-0.302230,-0.023978,-0.304106,-0.098775,0.172821
12721,97719.414664452,1.169585,1.698610,0.720406,-0.172838,-0.296239,-0.023905,-0.304462,-0.099030,0.176277
12722,97719.419608299,1.170372,1.700109,0.720258,-0.165584,-0.290594,-0.024026,-0.304818,-0.099284,0.179733
12723,97719.424552147,1.171125,1.701578,0.720109,-0.157803,-0.285108,-0.024406,-0.305175,-0.099539,0.183189
12724,97719.429495995,1.171841,1.703019,0.719960,-0.149685,-0.279786,-0.024934,-0.305531,-0.099794,0.186645
12725,97719.434409325,1.172513,1.704423,0.719810,-0.141761,-0.274341,-0.025402,-0.305885,-0.100047,0.190079
12726,97719.439353172,1.173152,1.705807,0.719657,-0.134006,-0.268708,-0.025909,-0.306241,-0.100301,0.193535
12727,97719.444297020,1.173753,1.707161,0.719503,-0.126689,-0.262899,-0.026549,-0.306598,-0.100556,0.196991
12728,97719.449240868,1.174320,1.708485,0.719347,-0.119837,-0.257084,-0.027261,-0.306954,-0.100810,0.200447
12729,97719.454184715,1.174854,1.709779,0.719188,-0.113712,-0.251171,-0.028055,-0.307310,-0.101065,0.203903
12730,97719.459098045,1.175356,1.711035,0.719026,-0.108166,-0.245560,-0.028721,-0.307664,-0.101318,0.207338
12731,97719.464041893,1.175835,1.712269,0.718862,-0.102808,-0.240187,-0.029176,-0.308021,-0.101572,0.210794
12732,97719.468985741,1.176288,1.713476,0.718695,-0.097724,-0.235042,-0.029244,-0.308377,-0.101827,0.214250
12733,97719.473929588,1.176717,1.714656,0.718530,-0.093051,-0.229905,-0.028786,-0.308733,-0.102081,0.217706
12734,97719.478873436,1.177125,1.715810,0.718367,-0.088758,-0.224978,-0.027934,-0.309090,-0.102336,0.221162
12735,97719.483786766,1.177510,1.716931,0.718209,-0.084872,-0.220274,-0.027037,-0.309444,-0.102589,0.224597
12736,97719.488730614,1.177879,1.718036,0.718056,-0.081469,-0.215753,-0.026286,-0.309800,-0.102843,0.228053
12737,97719.493674462,1.178233,1.719117,0.717907,-0.078736,-0.211670,-0.025906,-0.310156,-0.103098,0.231509
12738,97719.498618309,1.178574,1.720178,0.717761,-0.076571,-0.208152,-0.025798,-0.310513,-0.103353,0.234965
12739,97719.503562157,1.178905,1.721221,0.717615,-0.075060,-0.205307,-0.026259,-0.310869,-0.103607,0.238421
12740,97719.508506004,1.179229,1.722250,0.717467,-0.074364,-0.203056,-0.027278,-0.311225,-0.103862,0.241877
12741,97719.513449852,1.179550,1.723267,0.717315,-0.074516,-0.201458,-0.028512,-0.311582,-0.104116,0.245333
12742,97719.518363182,1.179870,1.724270,0.717157,-0.075391,-0.200401,-0.029592,-0.311936,-0.104369,0.248767
12743,97719.523307030,1.180197,1.725274,0.716994,-0.077249,-0.200235,-0.030446,-0.312292,-0.104624,0.252223
12744,97719.528220360,1.180531,1.726272,0.716826,-0.079863,-0.200599,-0.030766,-0.312646,-0.104877,0.255658
12745,97719.533164208,1.180879,1.727278,0.716656,-0.083011,-0.201679,-0.030636,-0.313003,-0.105131,0.259114
12746,97719.538108055,1.181243,1.728290,0.716487,-0.086573,-0.203034,-0.029973,-0.313359,-0.105386,0.262570
12747,97719.543021385,1.181622,1.729303,0.716321,-0.090120,-0.204518,-0.029005,-0.313713,-0.105639,0.266005
12748,97719.547965233,1.182021,1.730331,0.716159,-0.093727,-0.206235,-0.027753,-0.314069,-0.105893,0.269461
12749,97719.552909081,1.182437,1.731368,0.716002,-0.096969,-0.207895,-0.026424,-0.314426,-0.106148,0.272917
12750,97719.557883446,1.182871,1.732420,0.715851,-0.099823,-0.209247,-0.025036,-0.315495,-0.105580,0.274346
12751,97719.562766258,1.183312,1.733461,0.715709,-0.102169,-0.210369,-0.023929,-0.316544,-0.105022,0.275750
12752,97719.567679588,1.183766,1.734514,0.715571,-0.103897,-0.211162,-0.023063,-0.317600,-0.104461,0.277162
12753,97719.572623436,1.184231,1.735578,0.715437,-0.104977,-0.211299,-0.022268,-0.318662,-0.103896,0.278583
12754,97719.577567284,1.184702,1.736642,0.715307,-0.105181,-0.211189,-0.021411,-0.319725,-0.103332,0.280005
12755,97719.582511131,1.185174,1.737707,0.715180,-0.104823,-0.210796,-0.020832,-0.320787,-0.102767,0.281426
12756,97719.587424462,1.185642,1.738763,0.715058,-0.104050,-0.210146,-0.020239,-0.321843,-0.102206,0.282838
12757,97719.592368309,1.186109,1.739822,0.714937,-0.102684,-0.209422,-0.019567,-0.322905,-0.101641,0.284259
12758,97719.597312157,1.186569,1.740877,0.714820,-0.100855,-0.208485,-0.018621,-0.323968,-0.101077,0.285680
12759,97719.602256004,1.187020,1.741927,0.714708,-0.098568,-0.207296,-0.017294,-0.325030,-0.100512,0.287101
12760,97719.607199852,1.187461,1.742971,0.714603,-0.095670,-0.205773,-0.015581,-0.326093,-0.099947,0.288522
12761,97719.612143700,1.187887,1.744007,0.714507,-0.092287,-0.203784,-0.013411,-0.327155,-0.099383,0.289944
12762,97719.617057030,1.188295,1.745027,0.714422,-0.088487,-0.201671,-0.011128,-0.328211,-0.098822,0.291356
12763,97719.622000878,1.188688,1.746041,0.714348,-0.083982,-0.198793,-0.008886,-0.329273,-0.098257,0.292777
12764,97719.626944725,1.189059,1.747040,0.714286,-0.079002,-0.195135,-0.007074,-0.330336,-0.097692,0.294198
12765,97719.631858055,1.189404,1.748015,0.714234,-0.073526,-0.190897,-0.006078,-0.331391,-0.097131,0.295611
12766,97719.636801903,1.189725,1.748973,0.714187,-0.067370,-0.186006,-0.005719,-0.332454,-0.096567,0.297032
12767,97719.641745751,1.190017,1.749906,0.714143,-0.060808,-0.180940,-0.005766,-0.333516,-0.096002,0.298453
12768,97719.646689598,1.190277,1.750812,0.714099,-0.053924,-0.175919,-0.006361,-0.334579,-0.095437,0.299874
12769,97719.651633446,1.190505,1.751692,0.714053,-0.047078,-0.170673,-0.006991,-0.335641,-0.094873,0.301295
12770,97719.656577294,1.190700,1.752545,0.714005,-0.040181,-0.165656,-0.007682,-0.336704,-0.094308,0.302716
12771,97719.661521141,1.190862,1.753371,0.713954,-0.033428,-0.160801,-0.008242,-0.337766,-0.093743,0.304137
12772,97719.666434471,1.190990,1.754167,0.713901,-0.027036,-0.155917,-0.008478,-0.338822,-0.093182,0.305550
12773,97719.671408837,1.191090,1.754947,0.713848,-0.020842,-0.150853,-0.008303,-0.339891,-0.092614,0.306979
12774,97719.676383202,1.191160,1.755701,0.713796,-0.015138,-0.145744,-0.007589,-0.340960,-0.092046,0.308409
12775,97719.681296532,1.191202,1.756419,0.713749,-0.010049,-0.140762,-0.005848,-0.342016,-0.091485,0.309822
12776,97719.686209862,1.191221,1.757112,0.713711,-0.005545,-0.135573,-0.003073,-0.343071,-0.090924,0.311234
12777,97719.691153710,1.191219,1.757782,0.713687,-0.001496,-0.130048,0.000971,-0.344134,-0.090359,0.312655
12778,97719.696067040,1.191198,1.758421,0.713684,0.001845,-0.124198,0.005827,-0.345190,-0.089798,0.314068
12779,97719.701010887,1.191162,1.759034,0.713705,0.004905,-0.118014,0.010958,-0.346252,-0.089233,0.315489
12780,97719.705954735,1.191113,1.759617,0.713753,0.007851,-0.111336,0.015624,-0.347315,-0.088669,0.316910
12781,97719.710898583,1.191051,1.760166,0.713824,0.010737,-0.104450,0.019303,-0.348377,-0.088104,0.318331
12782,97719.715811913,1.190977,1.760678,0.713913,0.013663,-0.097892,0.021911,-0.349433,-0.087543,0.319743
12783,97719.720755760,1.190890,1.761160,0.714017,0.016987,-0.091695,0.023665,-0.350495,-0.086978,0.321164
12784,97719.725699608,1.190788,1.761610,0.714130,0.020409,-0.085952,0.024753,-0.351558,-0.086414,0.322585
12785,97719.730643456,1.190670,1.762032,0.714248,0.023751,-0.080904,0.025375,-0.352620,-0.085849,0.324007
12786,97719.735587303,1.190537,1.762428,0.714371,0.027057,-0.076789,0.025541,-0.353682,-0.085284,0.325428
12787,97719.740531151,1.190389,1.762803,0.714494,0.030065,-0.073262,0.025435,-0.354745,-0.084720,0.326849
12788,97719.745474999,1.190226,1.763160,0.714618,0.032619,-0.070620,0.025189,-0.354810,-0.083957,0.326550
12789,97719.750388329,1.190053,1.763501,0.714740,0.034776,-0.068332,0.024993,-0.354875,-0.083199,0.326252
12790,97719.755332176,1.189868,1.763832,0.714862,0.036230,-0.066464,0.024843,-0.354941,-0.082436,0.325953
12791,97719.760276024,1.189676,1.764154,0.714983,0.037184,-0.064963,0.024587,-0.355006,-0.081673,0.325653
12792,97719.765219872,1.189480,1.764469,0.715104,0.037476,-0.063761,0.024271,-0.355071,-0.080910,0.325354
12793,97719.770163719,1.189283,1.764777,0.715223,0.037030,-0.062864,0.023836,-0.355137,-0.080147,0.325055
12794,97719.775077049,1.189089,1.765079,0.715339,0.036000,-0.062062,0.023609,-0.355202,-0.079389,0.324757
12795,97719.780020897,1.188900,1.765379,0.715455,0.034440,-0.061493,0.023550,-0.355267,-0.078626,0.324458
12796,97719.784964745,1.188718,1.765677,0.715570,0.032391,-0.061382,0.023607,-0.355332,-0.077863,0.324159
12797,97719.789908592,1.188547,1.765975,0.715685,0.029883,-0.061521,0.023722,-0.355398,-0.077100,0.323860
12798,97719.794852440,1.188387,1.766274,0.715801,0.027004,-0.061949,0.023759,-0.355463,-0.076337,0.323560
12799,97719.799796288,1.188242,1.766575,0.715917,0.024003,-0.062623,0.023861,-0.355528,-0.075574,0.323261
12800,97719.804709618,1.188113,1.766879,0.716032,0.020989,-0.063524,0.023890,-0.354948,-0.074947,0.321642
12801,97719.809653465,1.187997,1.767190,0.716148,0.018094,-0.064878,0.023788,-0.354365,-0.074316,0.320013
12802,97719.814566795,1.187896,1.767506,0.716262,0.015396,-0.066592,0.023175,-0.353785,-0.073690,0.318393
12803,97719.819510643,1.187807,1.767833,0.716374,0.012925,-0.068728,0.022420,-0.353201,-0.073059,0.316764
12804,97719.824485008,1.187729,1.768173,0.716482,0.010593,-0.071403,0.021600,-0.352614,-0.072424,0.315125
12805,97719.829428856,1.187663,1.768524,0.716586,0.008283,-0.074398,0.020507,-0.352030,-0.071794,0.313496
12806,97719.834342186,1.187608,1.768889,0.716683,0.006209,-0.077564,0.019436,-0.351450,-0.071167,0.311877
12807,97719.839316551,1.187561,1.769274,0.716775,0.004381,-0.080795,0.018110,-0.350863,-0.070532,0.310237
12808,97719.844260399,1.187523,1.769674,0.716860,0.002608,-0.084028,0.016459,-0.350279,-0.069901,0.308608
12809,97719.849204247,1.187493,1.770089,0.716937,0.000843,-0.087031,0.014517,-0.349695,-0.069271,0.306979
12810,97719.854117577,1.187471,1.770517,0.717003,-0.000932,-0.089734,0.012246,-0.349115,-0.068644,0.305360
12811,97719.859061424,1.187457,1.770961,0.717058,-0.002476,-0.092475,0.010103,-0.348532,-0.068013,0.303731
12812,97719.864005272,1.187450,1.771419,0.717102,-0.003916,-0.094737,0.007896,-0.347948,-0.067383,0.302101
12813,97719.868949120,1.187450,1.771888,0.717135,-0.005234,-0.096829,0.005960,-0.347364,-0.066752,0.300472
12814,97719.873892967,1.187455,1.772368,0.717158,-0.006528,-0.098590,0.004265,-0.346781,-0.066121,0.298843
12815,97719.878836815,1.187466,1.772857,0.717173,-0.007847,-0.099975,0.002839,-0.346197,-0.065490,0.297214
12816,97719.883750145,1.187483,1.773349,0.717180,-0.009137,-0.101077,0.001719,-0.345617,-0.064864,0.295595
12817,97719.888663475,1.187506,1.773847,0.717182,-0.010450,-0.101970,0.000875,-0.345037,-0.064237,0.293975
12818,97719.893607323,1.187536,1.774353,0.717180,-0.011790,-0.102700,0.000320,-0.344453,-0.063606,0.292346
12819,97719.898551170,1.187572,1.774863,0.717174,-0.013236,-0.103236,0.000115,-0.343870,-0.062975,0.290717
12820,97719.903495018,1.187615,1.775376,0.717168,-0.014642,-0.103673,-0.000255,-0.343286,-0.062345,0.289088
12821,97719.908408348,1.187664,1.775888,0.717159,-0.016219,-0.104170,-0.000641,-0.342706,-0.061718,0.287469
12822,97719.913352196,1.187721,1.776406,0.717149,-0.017908,-0.104627,-0.000905,-0.342122,-0.061087,0.285840
12823,97719.918296044,1.187787,1.776926,0.717136,-0.019716,-0.105048,-0.001210,-0.341539,-0.060457,0.284210
12824,97719.923209374,1.187861,1.777446,0.717123,-0.021433,-0.105442,-0.001805,-0.340959,-0.059830,0.282591
12825,97719.928183739,1.187944,1.777974,0.717106,-0.023124,-0.106062,-0.002558,-0.340371,-0.059195,0.280952
12826,97719.933127587,1.188035,1.778503,0.717085,-0.024690,-0.106823,-0.003254,-0.339788,-0.058564,0.279323
12827,97719.938071434,1.188134,1.779036,0.717061,-0.026117,-0.107733,-0.004041,-0.339204,-0.057934,0.277693
12828,97719.943015282,1.188239,1.779573,0.717033,-0.027225,-0.108890,-0.004863,-0.338620,-0.057303,0.276064
12829,97719.952902977,1.188460,1.780660,0.716967,-0.028782,-0.112024,-0.006200,-0.337453,-0.056042,0.272806
12830,97719.957816307,1.188577,1.781216,0.716928,-0.028988,-0.113578,-0.006600,-0.336873,-0.055415,0.271187
12831,97719.962760155,1.188695,1.781782,0.716887,-0.028938,-0.115138,-0.006999,-0.336289,-0.054784,0.269558
12832,97719.967704003,1.188812,1.782357,0.716843,-0.028816,-0.116558,-0.007495,-0.335706,-0.054153,0.267928
12833,97719.972647850,1.188928,1.782938,0.716797,-0.028525,-0.117895,-0.008201,-0.335122,-0.053523,0.266299
12834,97719.977591698,1.189043,1.783526,0.716747,-0.028092,-0.119084,-0.009147,-0.334538,-0.052892,0.264670
12835,97719.982535545,1.189155,1.784120,0.716693,-0.027486,-0.120063,-0.010446,-0.333955,-0.052261,0.263041
12836,97719.987448876,1.189263,1.784714,0.716632,-0.026873,-0.120983,-0.011712,-0.333375,-0.051635,0.261422
12837,97719.992392723,1.189369,1.785317,0.716565,-0.026252,-0.122038,-0.012911,-0.332791,-0.051004,0.259792
12838,97719.997336571,1.189471,1.785925,0.716492,-0.025508,-0.123093,-0.013985,-0.332207,-0.050373,0.258163
12839,97720.002280419,1.189569,1.786537,0.716413,-0.024848,-0.124215,-0.014767,-0.331624,-0.049742,0.256534
12840,97720.007193749,1.189664,1.787151,0.716332,-0.024305,-0.125251,-0.015377,-0.331044,-0.049116,0.254915
12841,97720.012137596,1.189755,1.787774,0.716246,-0.023747,-0.126277,-0.015913,-0.330460,-0.048485,0.253286
12842,97720.017050926,1.189843,1.788398,0.716159,-0.023092,-0.127228,-0.016337,-0.329880,-0.047858,0.251666
12843,97720.021994774,1.189929,1.789030,0.716069,-0.022561,-0.128138,-0.016969,-0.329296,-0.047227,0.250037
12844,97720.026938622,1.190011,1.789667,0.715976,-0.022265,-0.128900,-0.017604,-0.328713,-0.046597,0.248408
12845,97720.031882469,1.190092,1.790307,0.715879,-0.021980,-0.129714,-0.018437,-0.328129,-0.045966,0.246779
12846,97720.036826317,1.190171,1.790951,0.715779,-0.021799,-0.130686,-0.019451,-0.327545,-0.045335,0.245150
12847,97720.041770165,1.190249,1.791600,0.715673,-0.021558,-0.131662,-0.020473,-0.326962,-0.044705,0.243520
12848,97720.046714012,1.190325,1.792254,0.715562,-0.021573,-0.132879,-0.021520,-0.326378,-0.044074,0.241891
12849,97720.051657860,1.190401,1.792914,0.715447,-0.021787,-0.134345,-0.022309,-0.325794,-0.043443,0.240262
12850,97720.056601708,1.190478,1.793580,0.715327,-0.022244,-0.135638,-0.022535,-0.324377,-0.043542,0.239093
12851,97720.061515038,1.190556,1.794249,0.715206,-0.022896,-0.136998,-0.022483,-0.322968,-0.043639,0.237931
12852,97720.066458885,1.190638,1.794930,0.715085,-0.023772,-0.138268,-0.021986,-0.321551,-0.043738,0.236763
12853,97720.071402733,1.190724,1.795616,0.714966,-0.024949,-0.139365,-0.021337,-0.320133,-0.043836,0.235594
12854,97720.076346581,1.190815,1.796309,0.714851,-0.026418,-0.140604,-0.020477,-0.318716,-0.043934,0.234425
12855,97720.081290428,1.190913,1.797007,0.714739,-0.027760,-0.141929,-0.019563,-0.317299,-0.044033,0.233256
12856,97720.086203758,1.191018,1.797709,0.714633,-0.029187,-0.143011,-0.018918,-0.315890,-0.044130,0.232094
12857,97720.091147606,1.191129,1.798420,0.714528,-0.030556,-0.144285,-0.018415,-0.314473,-0.044229,0.230926
12858,97720.096091454,1.191248,1.799138,0.714426,-0.031828,-0.145606,-0.018281,-0.313055,-0.044327,0.229757
12859,97720.101035301,1.191372,1.799863,0.714325,-0.032711,-0.146852,-0.018445,-0.311638,-0.044425,0.228588
12860,97720.105979149,1.191500,1.800594,0.714223,-0.033502,-0.148076,-0.018712,-0.310221,-0.044524,0.227419
12861,97720.110922997,1.191632,1.801332,0.714119,-0.034123,-0.149445,-0.019126,-0.308803,-0.044622,0.226250
12862,97720.115866844,1.191767,1.802076,0.714013,-0.034322,-0.150805,-0.019771,-0.307386,-0.044721,0.225081
12863,97720.120780174,1.191901,1.802822,0.713904,-0.034480,-0.152202,-0.020453,-0.305977,-0.044818,0.223920
12864,97720.125693504,1.192036,1.803575,0.713792,-0.034504,-0.153392,-0.021215,-0.304569,-0.044916,0.222758
12865,97720.130637352,1.192172,1.804339,0.713675,-0.034219,-0.154437,-0.022214,-0.303151,-0.045014,0.221589
12866,97720.135581200,1.192305,1.805108,0.713554,-0.033903,-0.155426,-0.023260,-0.301734,-0.045113,0.220420
12867,97720.140525047,1.192437,1.805881,0.713427,-0.033575,-0.156428,-0.024306,-0.300317,-0.045211,0.219251
12868,97720.145438378,1.192567,1.806655,0.713296,-0.033283,-0.157295,-0.025331,-0.298908,-0.045309,0.218090
12869,97720.150382225,1.192695,1.807437,0.713159,-0.032905,-0.158126,-0.026354,-0.297491,-0.045407,0.216921
12870,97720.155326073,1.192821,1.808223,0.713017,-0.032593,-0.158723,-0.027224,-0.296073,-0.045505,0.215752
12871,97720.160269920,1.192946,1.809013,0.712870,-0.032414,-0.159332,-0.027617,-0.294656,-0.045604,0.214583
12872,97720.165183251,1.193069,1.809800,0.712723,-0.032407,-0.159779,-0.027600,-0.293247,-0.045702,0.213421
12873,97720.170127098,1.193192,1.810594,0.712574,-0.032556,-0.160097,-0.027189,-0.291830,-0.045800,0.212253
12874,97720.175070946,1.193316,1.811390,0.712428,-0.032906,-0.160456,-0.026335,-0.290412,-0.045898,0.211084
12875,97720.180014794,1.193442,1.812188,0.712286,-0.033324,-0.160553,-0.025045,-0.288995,-0.045997,0.209915
12876,97720.184958641,1.193570,1.812987,0.712150,-0.033629,-0.160470,-0.023538,-0.287578,-0.046095,0.208746
12877,97720.189902489,1.193699,1.813785,0.712021,-0.033865,-0.160440,-0.022020,-0.286160,-0.046193,0.207577
12878,97720.194815819,1.193829,1.814579,0.711901,-0.033869,-0.160370,-0.020532,-0.284752,-0.046291,0.206416
12879,97720.199759667,1.193960,1.815377,0.711787,-0.033758,-0.160332,-0.019336,-0.283334,-0.046389,0.205247
12880,97720.204703514,1.194090,1.816174,0.711680,-0.033310,-0.160439,-0.018657,-0.281917,-0.046488,0.204078
12881,97720.209647362,1.194219,1.816973,0.711575,-0.032800,-0.160644,-0.018327,-0.280500,-0.046586,0.202909
12882,97720.214591210,1.194345,1.817772,0.711473,-0.031932,-0.161150,-0.018385,-0.279082,-0.046684,0.201740
12883,97720.219535057,1.194466,1.818574,0.711370,-0.030988,-0.161524,-0.018785,-0.277665,-0.046783,0.200571
12884,97720.224478905,1.194582,1.819377,0.711265,-0.029985,-0.161785,-0.019463,-0.276247,-0.046881,0.199402
12885,97720.229422753,1.194694,1.820181,0.711157,-0.028788,-0.161785,-0.020253,-0.274830,-0.046979,0.198233
12886,97720.234366600,1.194800,1.820985,0.711045,-0.027546,-0.161696,-0.021118,-0.273413,-0.047078,0.197065
12887,97720.239279930,1.194898,1.821784,0.710930,-0.026379,-0.161171,-0.022017,-0.272004,-0.047175,0.195903
12888,97720.244223778,1.194992,1.822584,0.710809,-0.025285,-0.160247,-0.023025,-0.270587,-0.047274,0.194734
12889,97720.249137108,1.195080,1.823374,0.710685,-0.024230,-0.158993,-0.023827,-0.269178,-0.047372,0.193572
12890,97720.254080956,1.195163,1.824163,0.710556,-0.023194,-0.157570,-0.024524,-0.267761,-0.047470,0.192404
12891,97720.259024803,1.195242,1.824945,0.710423,-0.022348,-0.155863,-0.024994,-0.266343,-0.047568,0.191235
12892,97720.263968651,1.195317,1.825718,0.710289,-0.021613,-0.153823,-0.025133,-0.264926,-0.047667,0.190066
12893,97720.268881981,1.195388,1.826476,0.710154,-0.021001,-0.151486,-0.024868,-0.263517,-0.047764,0.188904
12894,97720.273856346,1.195457,1.827232,0.710020,-0.020397,-0.149159,-0.024262,-0.262091,-0.047863,0.187728
12895,97720.278800194,1.195524,1.827971,0.709890,-0.019698,-0.146959,-0.023395,-0.260674,-0.047962,0.186559
12896,97720.283744042,1.195587,1.828700,0.709764,-0.018972,-0.144834,-0.022495,-0.259257,-0.048060,0.185390
12897,97720.288687889,1.195648,1.829418,0.709643,-0.018247,-0.142760,-0.021507,-0.257839,-0.048158,0.184222
12898,97720.293631737,1.195705,1.830126,0.709526,-0.017421,-0.141007,-0.020330,-0.256422,-0.048257,0.183053
12899,97720.298545067,1.195759,1.830820,0.709417,-0.016615,-0.139513,-0.018954,-0.255013,-0.048354,0.181891
12900,97720.303488915,1.195809,1.831512,0.709314,-0.015856,-0.138473,-0.017395,-0.253759,-0.048455,0.180740
12901,97720.308402245,1.195856,1.832194,0.709219,-0.014971,-0.137620,-0.015979,-0.252513,-0.048555,0.179597
12902,97720.313346092,1.195899,1.832875,0.709130,-0.014110,-0.137034,-0.014853,-0.251259,-0.048655,0.178446
12903,97720.318289940,1.195938,1.833554,0.709048,-0.013212,-0.136598,-0.014274,-0.250005,-0.048755,0.177296
12904,97720.323233788,1.195972,1.834231,0.708968,-0.012303,-0.136393,-0.014059,-0.248751,-0.048856,0.176145
12905,97720.328177635,1.196002,1.834906,0.708889,-0.011455,-0.136279,-0.013958,-0.247498,-0.048956,0.174995
12906,97720.333121483,1.196028,1.835581,0.708811,-0.010700,-0.136325,-0.014048,-0.246244,-0.049056,0.173844
12907,97720.338034813,1.196050,1.836251,0.708733,-0.009980,-0.136336,-0.014332,-0.244998,-0.049156,0.172700
12908,97720.342978661,1.196069,1.836926,0.708654,-0.009436,-0.136196,-0.014808,-0.243744,-0.049257,0.171550
12909,97720.347922508,1.196085,1.837600,0.708572,-0.008872,-0.135878,-0.015406,-0.242490,-0.049357,0.170399
12910,97720.352835838,1.196098,1.838268,0.708487,-0.008079,-0.135013,-0.016317,-0.241244,-0.049457,0.169256
12911,97720.357779686,1.196108,1.838935,0.708398,-0.007393,-0.133743,-0.017366,-0.239990,-0.049557,0.168105
12912,97720.362723534,1.196114,1.839596,0.708304,-0.006617,-0.132185,-0.018577,-0.238736,-0.049658,0.166955
12913,97720.367667381,1.196116,1.840249,0.708203,-0.005938,-0.130261,-0.019932,-0.237482,-0.049758,0.165804
12914,97720.372611229,1.196116,1.840893,0.708097,-0.005470,-0.127946,-0.021222,-0.236228,-0.049858,0.164653
12915,97720.377555077,1.196114,1.841524,0.707984,-0.005095,-0.125266,-0.022406,-0.234974,-0.049959,0.163503
12916,97720.382468407,1.196110,1.842139,0.707866,-0.004845,-0.122539,-0.023315,-0.233728,-0.050059,0.162359
12917,97720.387412254,1.196106,1.842744,0.707743,-0.004785,-0.119710,-0.023795,-0.232474,-0.050159,0.161209
12918,97720.392356102,1.196101,1.843334,0.707618,-0.004813,-0.117011,-0.023730,-0.231220,-0.050259,0.160058
12919,97720.397299950,1.196098,1.843912,0.707493,-0.004792,-0.114510,-0.023184,-0.229966,-0.050360,0.158907
12920,97720.402243797,1.196095,1.844477,0.707371,-0.004911,-0.112163,-0.022080,-0.228712,-0.050460,0.157757
12921,97720.407218163,1.196094,1.845034,0.707254,-0.004908,-0.109960,-0.020600,-0.227451,-0.050561,0.156599
12922,97720.412131493,1.196092,1.845573,0.707146,-0.004845,-0.108067,-0.019036,-0.226205,-0.050661,0.155456
12923,97720.417075340,1.196091,1.846107,0.707045,-0.004614,-0.106577,-0.017605,-0.224951,-0.050761,0.154305
12924,97720.421988670,1.196090,1.846630,0.706952,-0.004356,-0.105373,-0.016466,-0.223705,-0.050861,0.153162
12925,97720.426963036,1.196087,1.847153,0.706863,-0.004043,-0.104390,-0.015590,-0.222443,-0.050962,0.152004
12926,97720.431906883,1.196083,1.847669,0.706780,-0.003585,-0.103757,-0.014971,-0.221189,-0.051062,0.150853
12927,97720.436850731,1.196078,1.848181,0.706699,-0.002933,-0.103419,-0.014576,-0.220386,-0.051204,0.150148
12928,97720.441764061,1.196069,1.848689,0.706621,-0.002200,-0.103366,-0.014191,-0.219589,-0.051345,0.149447
12929,97720.446707909,1.196056,1.849199,0.706545,-0.001287,-0.103556,-0.014026,-0.218786,-0.051487,0.148741
12930,97720.451651756,1.196039,1.849709,0.706469,-0.000240,-0.103656,-0.014044,-0.217984,-0.051629,0.148036
12931,97720.456565087,1.196017,1.850217,0.706394,0.001037,-0.103626,-0.014267,-0.217186,-0.051770,0.147335
12932,97720.461508934,1.195988,1.850728,0.706317,0.002297,-0.103306,-0.014570,-0.216383,-0.051911,0.146629
12933,97720.466452782,1.195953,1.851237,0.706239,0.003503,-0.102752,-0.014876,-0.215581,-0.052053,0.145924
12934,97720.471396629,1.195912,1.851743,0.706160,0.004681,-0.101993,-0.015169,-0.214778,-0.052195,0.145219
12935,97720.476340477,1.195866,1.852244,0.706079,0.005864,-0.101000,-0.015390,-0.213975,-0.052337,0.144513
12936,97720.481284325,1.195814,1.852741,0.705998,0.007011,-0.099910,-0.015477,-0.213173,-0.052479,0.143808
12937,97720.486197655,1.195757,1.853229,0.705916,0.008013,-0.098693,-0.015301,-0.212375,-0.052619,0.143107
12938,97720.491141503,1.195695,1.853713,0.705835,0.008962,-0.097489,-0.014782,-0.211573,-0.052761,0.142401
12939,97720.496085350,1.195628,1.854192,0.705757,0.009895,-0.096324,-0.014039,-0.210770,-0.052903,0.141696
12940,97720.501029198,1.195557,1.854665,0.705683,0.010885,-0.095092,-0.013187,-0.209967,-0.053045,0.140990
12941,97720.505973045,1.195482,1.855131,0.705613,0.011636,-0.094130,-0.012375,-0.209165,-0.053187,0.140285
12942,97720.510916893,1.195403,1.855593,0.705547,0.012187,-0.093159,-0.011765,-0.208362,-0.053328,0.139580
12943,97720.515860741,1.195322,1.856049,0.705484,0.012704,-0.092185,-0.011325,-0.207560,-0.053470,0.138874
12944,97720.520804588,1.195238,1.856501,0.705423,0.013049,-0.091260,-0.011100,-0.206757,-0.053612,0.138169
12945,97720.525717919,1.195154,1.856946,0.705364,0.013249,-0.090515,-0.011203,-0.205959,-0.053753,0.137468
12946,97720.530661766,1.195068,1.857389,0.705304,0.013223,-0.089850,-0.011599,-0.205157,-0.053895,0.136762
12947,97720.535605614,1.194982,1.857829,0.705243,0.013037,-0.089175,-0.012086,-0.204354,-0.054036,0.136057
12948,97720.540549462,1.194898,1.858266,0.705179,0.012488,-0.088483,-0.012275,-0.203551,-0.054178,0.135352
12949,97720.545462792,1.194816,1.858697,0.705114,0.011746,-0.087965,-0.012180,-0.202754,-0.054319,0.134650
12950,97720.550406639,1.194738,1.859128,0.705049,0.010918,-0.087293,-0.011907,-0.202302,-0.054342,0.134028
12951,97720.555350487,1.194665,1.859556,0.704986,0.009956,-0.086580,-0.011534,-0.201850,-0.054366,0.133405
12952,97720.560294335,1.194596,1.859981,0.704925,0.009033,-0.085806,-0.011029,-0.201398,-0.054389,0.132783
12953,97720.565207665,1.194532,1.860399,0.704866,0.008301,-0.084976,-0.010439,-0.200949,-0.054412,0.132164
12954,97720.570151512,1.194472,1.860817,0.704810,0.007591,-0.084193,-0.009864,-0.200498,-0.054435,0.131541
12955,97720.575095360,1.194415,1.861230,0.704757,0.006956,-0.083509,-0.009204,-0.200046,-0.054458,0.130919
12956,97720.580039208,1.194362,1.861640,0.704707,0.006468,-0.082829,-0.008543,-0.199594,-0.054481,0.130296
12957,97720.584983055,1.194312,1.862048,0.704660,0.006327,-0.082138,-0.008006,-0.199142,-0.054505,0.129673
12958,97720.589896385,1.194262,1.862449,0.704616,0.006104,-0.081529,-0.007643,-0.198693,-0.054528,0.129055
12959,97720.594840233,1.194214,1.862850,0.704574,0.006010,-0.081137,-0.007390,-0.198242,-0.054551,0.128432
12960,97720.599784081,1.194166,1.863249,0.704533,0.006117,-0.080759,-0.007065,-0.197790,-0.054574,0.127809
12961,97720.604727928,1.194118,1.863646,0.704494,0.006128,-0.080481,-0.006727,-0.197338,-0.054597,0.127187
12962,97720.609671776,1.194070,1.864041,0.704456,0.006127,-0.080313,-0.006360,-0.196886,-0.054620,0.126564
12963,97720.614615624,1.194021,1.864436,0.704420,0.006058,-0.080218,-0.005975,-0.196434,-0.054643,0.125942
12964,97720.619559471,1.193974,1.864831,0.704387,0.005787,-0.080223,-0.005560,-0.195983,-0.054667,0.125319
12965,97720.624472801,1.193928,1.865223,0.704355,0.005478,-0.080207,-0.005162,-0.195534,-0.054690,0.124700
12966,97720.629416649,1.193883,1.865618,0.704325,0.005081,-0.080318,-0.004896,-0.195082,-0.054713,0.124078
12967,97720.634360497,1.193840,1.866013,0.704296,0.004596,-0.080338,-0.005118,-0.194630,-0.054736,0.123455
12968,97720.639273827,1.193800,1.866406,0.704267,0.003878,-0.080278,-0.005659,-0.194181,-0.054759,0.122836
12969,97720.644187157,1.193763,1.866799,0.704234,0.002862,-0.080360,-0.006705,-0.193732,-0.054782,0.122217
12970,97720.649131004,1.193731,1.867195,0.704197,0.001601,-0.080503,-0.007901,-0.193280,-0.054805,0.121595
12971,97720.654074852,1.193705,1.867591,0.704153,0.000105,-0.080776,-0.009222,-0.192828,-0.054829,0.120972
12972,97720.659018700,1.193686,1.867990,0.704103,-0.001519,-0.081188,-0.010482,-0.192377,-0.054852,0.120350
12973,97720.663962547,1.193675,1.868390,0.704046,-0.003288,-0.081653,-0.011340,-0.191925,-0.054875,0.119727
12974,97720.668875878,1.193673,1.868791,0.703985,-0.005384,-0.081984,-0.011980,-0.191476,-0.054898,0.119108
12975,97720.673819725,1.193681,1.869196,0.703920,-0.007484,-0.082236,-0.012245,-0.191024,-0.054921,0.118486
12976,97720.678763573,1.193699,1.869603,0.703854,-0.009512,-0.082280,-0.012011,-0.190572,-0.054944,0.117863
12977,97720.683707420,1.193727,1.870011,0.703789,-0.011509,-0.081970,-0.011298,-0.190120,-0.054967,0.117240
12978,97720.688651268,1.193765,1.870418,0.703728,-0.013459,-0.081766,-0.010132,-0.189669,-0.054991,0.116618
12979,97720.693564598,1.193813,1.870821,0.703672,-0.015254,-0.081329,-0.008750,-0.189220,-0.055014,0.115999
12980,97720.698508446,1.193870,1.871226,0.703623,-0.016946,-0.080693,-0.007463,-0.188768,-0.055037,0.115376
12981,97720.703452294,1.193936,1.871627,0.703580,-0.018381,-0.079969,-0.006607,-0.188316,-0.055060,0.114754
12982,97720.708396141,1.194009,1.872026,0.703541,-0.019166,-0.079360,-0.006244,-0.187864,-0.055083,0.114131
12983,97720.713339989,1.194086,1.872421,0.703504,-0.019560,-0.078863,-0.006464,-0.187413,-0.055106,0.113508
12984,97720.718314354,1.194165,1.872817,0.703466,-0.019600,-0.078828,-0.007301,-0.186958,-0.055130,0.112882
12985,97720.723227684,1.194244,1.873208,0.703424,-0.019320,-0.079247,-0.008320,-0.186509,-0.055153,0.112263
12986,97720.728141014,1.194321,1.873600,0.703377,-0.018821,-0.079941,-0.009486,-0.186060,-0.055176,0.111644
12987,97720.733084862,1.194396,1.873999,0.703324,-0.018165,-0.080743,-0.010546,-0.185608,-0.055199,0.111022
12988,97720.738028710,1.194467,1.874401,0.703265,-0.017393,-0.081470,-0.011508,-0.185156,-0.055222,0.110399
12989,97720.742972557,1.194534,1.874806,0.703202,-0.016700,-0.082046,-0.012149,-0.184705,-0.055245,0.109777
12990,97720.747916405,1.194598,1.875214,0.703136,-0.016070,-0.082185,-0.012666,-0.184253,-0.055269,0.109154
12991,97720.752829735,1.194658,1.875620,0.703068,-0.015667,-0.081745,-0.012745,-0.183804,-0.055292,0.108535
12992,97720.757773583,1.194717,1.876027,0.702999,-0.015456,-0.080971,-0.012516,-0.183352,-0.055315,0.107913
12993,97720.762717430,1.194775,1.876429,0.702931,-0.015514,-0.079887,-0.012080,-0.182900,-0.055338,0.107290
12994,97720.767661278,1.194833,1.876826,0.702865,-0.015623,-0.078504,-0.011334,-0.182448,-0.055361,0.106667
12995,97720.777548973,1.194952,1.877607,0.702741,-0.016198,-0.075454,-0.009549,-0.181545,-0.055408,0.105422
12996,97720.782492821,1.195015,1.877982,0.702689,-0.016328,-0.073793,-0.008621,-0.181093,-0.055431,0.104800
12997,97720.787436669,1.195079,1.878350,0.702640,-0.016342,-0.072211,-0.007842,-0.180641,-0.055454,0.104177
12998,97720.792380516,1.195143,1.878710,0.702596,-0.016174,-0.070954,-0.007357,-0.180190,-0.055477,0.103554
12999,97720.797324364,1.195207,1.879063,0.702554,-0.015863,-0.069980,-0.007068,-0.179738,-0.055500,0.102932
13000,97720.802237694,1.195269,1.879409,0.702514,-0.015393,-0.069360,-0.006909,-0.179758,-0.055372,0.102731
13001,97720.807181542,1.195330,1.879755,0.702475,-0.014943,-0.068924,-0.006756,-0.179779,-0.055243,0.102530
13002,97720.812125389,1.195388,1.880098,0.702436,-0.014372,-0.068591,-0.006659,-0.179800,-0.055114,0.102328
13003,97720.817069237,1.195444,1.880440,0.702398,-0.013676,-0.068217,-0.006752,-0.179821,-0.054985,0.102126
13004,97720.821982567,1.195496,1.880777,0.702360,-0.013044,-0.067936,-0.006913,-0.179842,-0.054857,0.101926
13005,97720.826926415,1.195545,1.881115,0.702321,-0.012465,-0.067617,-0.007090,-0.179863,-0.054728,0.101724
13006,97720.831870262,1.195591,1.881451,0.702281,-0.011825,-0.067160,-0.007323,-0.179884,-0.054599,0.101523
13007,97720.836814110,1.195635,1.881785,0.702239,-0.011330,-0.066699,-0.007390,-0.179905,-0.054470,0.101321
13008,97720.841757958,1.195675,1.882116,0.702198,-0.010963,-0.066263,-0.007423,-0.179926,-0.054341,0.101120
13009,97720.846701805,1.195715,1.882445,0.702157,-0.010649,-0.065576,-0.007471,-0.179946,-0.054212,0.100918
13010,97720.851645653,1.195752,1.882771,0.702115,-0.010500,-0.064820,-0.007311,-0.179967,-0.054083,0.100716
13011,97720.856558983,1.195789,1.883091,0.702074,-0.010337,-0.063951,-0.006912,-0.179988,-0.053955,0.100516
13012,97720.861502831,1.195826,1.883409,0.702036,-0.010137,-0.062998,-0.006566,-0.180009,-0.053826,0.100314
13013,97720.866446678,1.195862,1.883722,0.701999,-0.009850,-0.061911,-0.006124,-0.180030,-0.053697,0.100113
13014,97720.871390526,1.195897,1.884029,0.701964,-0.009748,-0.060806,-0.005640,-0.180051,-0.053568,0.099911
13015,97720.876334374,1.195931,1.884331,0.701932,-0.009812,-0.059693,-0.005204,-0.180072,-0.053439,0.099709
13016,97720.881247704,1.195966,1.884626,0.701902,-0.010108,-0.058635,-0.004689,-0.180092,-0.053311,0.099509
13017,97720.886191551,1.196003,1.884917,0.701874,-0.010479,-0.057733,-0.004273,-0.180113,-0.053182,0.099307
13018,97720.891135399,1.196042,1.885204,0.701849,-0.011117,-0.057018,-0.003631,-0.180134,-0.053053,0.099106
13019,97720.896079247,1.196084,1.885488,0.701827,-0.011863,-0.056467,-0.002989,-0.180155,-0.052924,0.098904
13020,97720.901023094,1.196130,1.885769,0.701808,-0.012726,-0.056153,-0.002371,-0.180176,-0.052795,0.098702
13021,97720.905966942,1.196181,1.886049,0.701792,-0.013738,-0.055893,-0.001965,-0.180197,-0.052666,0.098501
13022,97720.910910790,1.196236,1.886328,0.701778,-0.014682,-0.055518,-0.001631,-0.180218,-0.052537,0.098299
13023,97720.915854637,1.196297,1.886606,0.701765,-0.015406,-0.055239,-0.001226,-0.180239,-0.052408,0.098098
13024,97720.920798485,1.196361,1.886882,0.701755,-0.016201,-0.055191,-0.000888,-0.180260,-0.052279,0.097896
13025,97720.925681297,1.196428,1.887154,0.701746,-0.016758,-0.055149,-0.000696,-0.180280,-0.052152,0.097697
13026,97720.930594628,1.196498,1.887428,0.701738,-0.017043,-0.054971,-0.000494,-0.180301,-0.052023,0.097496
13027,97720.935538475,1.196570,1.887704,0.701731,-0.016955,-0.054671,-0.000349,-0.180322,-0.051894,0.097295
13028,97720.940482323,1.196642,1.887977,0.701725,-0.016606,-0.054378,-0.000175,-0.180343,-0.051765,0.097093
13029,97720.945426170,1.196712,1.888249,0.701719,-0.015942,-0.054055,0.000047,-0.180364,-0.051636,0.096891
13030,97720.950370018,1.196779,1.888520,0.701715,-0.015210,-0.053581,0.000077,-0.180385,-0.051507,0.096690
13031,97720.955313866,1.196843,1.888788,0.701711,-0.014316,-0.052834,-0.000035,-0.180406,-0.051378,0.096488
13032,97720.960227196,1.196902,1.889050,0.701707,-0.013438,-0.051818,-0.000353,-0.180426,-0.051250,0.096288
13033,97720.965171044,1.196957,1.889309,0.701701,-0.012568,-0.050773,-0.000645,-0.180447,-0.051121,0.096086
13034,97720.970114891,1.197008,1.889562,0.701694,-0.011955,-0.049715,-0.000782,-0.180468,-0.050992,0.095885
13035,97720.975058739,1.197056,1.889810,0.701686,-0.011682,-0.048559,-0.001048,-0.180489,-0.050863,0.095683
13036,97720.980002587,1.197103,1.890053,0.701677,-0.011618,-0.047494,-0.001655,-0.180510,-0.050734,0.095481
13037,97720.984915917,1.197149,1.890288,0.701665,-0.011639,-0.046435,-0.002413,-0.180531,-0.050606,0.095281
13038,97720.989859764,1.197197,1.890520,0.701650,-0.012052,-0.045562,-0.003172,-0.180552,-0.050477,0.095079
13039,97720.994803612,1.197246,1.890747,0.701631,-0.012813,-0.044763,-0.003728,-0.180573,-0.050348,0.094878
13040,97720.999747460,1.197299,1.890971,0.701608,-0.013753,-0.044155,-0.003810,-0.180593,-0.050219,0.094676
13041,97721.004691307,1.197357,1.891192,0.701586,-0.014808,-0.043724,-0.003469,-0.180614,-0.050090,0.094474
13042,97721.009635155,1.197421,1.891411,0.701565,-0.015918,-0.043323,-0.003009,-0.180635,-0.049961,0.094273
13043,97721.014579003,1.197490,1.891628,0.701546,-0.017126,-0.042858,-0.002269,-0.180656,-0.049832,0.094071
13044,97721.019492333,1.197564,1.891842,0.701531,-0.018183,-0.042335,-0.001402,-0.180677,-0.049704,0.093871
13045,97721.024466698,1.197645,1.892056,0.701521,-0.019136,-0.041776,-0.000306,-0.180698,-0.049574,0.093668
13046,97721.029410545,1.197731,1.892266,0.701515,-0.019802,-0.041121,0.001008,-0.180719,-0.049445,0.093466
13047,97721.034354393,1.197820,1.892474,0.701516,-0.020088,-0.040203,0.002213,-0.180740,-0.049316,0.093265
13048,97721.039298241,1.197910,1.892677,0.701523,-0.020099,-0.039106,0.003203,-0.180761,-0.049187,0.093063
13049,97721.044211571,1.198001,1.892873,0.701535,-0.019750,-0.037914,0.003877,-0.180781,-0.049059,0.092863
13050,97721.049155419,1.198090,1.893065,0.701551,-0.019159,-0.036748,0.004275,-0.180305,-0.048765,0.092277
13051,97721.054099266,1.198177,1.893251,0.701568,-0.018465,-0.035622,0.004159,-0.179829,-0.048471,0.091691
13052,97721.059043114,1.198261,1.893431,0.701585,-0.017690,-0.034662,0.003725,-0.179353,-0.048176,0.091105
13053,97721.063956444,1.198341,1.893605,0.701600,-0.017137,-0.033800,0.003071,-0.178879,-0.047884,0.090523
13054,97721.068900292,1.198418,1.893776,0.701612,-0.016550,-0.033047,0.002477,-0.178403,-0.047590,0.089938
13055,97721.073844139,1.198493,1.893943,0.701621,-0.016051,-0.032401,0.002088,-0.177927,-0.047295,0.089352
13056,97721.078787987,1.198565,1.894107,0.701628,-0.015942,-0.031406,0.001903,-0.177451,-0.047001,0.088766
13057,97721.083731835,1.198637,1.894266,0.701635,-0.015908,-0.030299,0.001578,-0.176975,-0.046707,0.088180
13058,97721.088675682,1.198709,1.894419,0.701639,-0.016250,-0.029162,0.001028,-0.176498,-0.046413,0.087595
13059,97721.093589012,1.198783,1.894565,0.701641,-0.016894,-0.027919,0.000410,-0.176025,-0.046120,0.087012
13060,97721.098532860,1.198860,1.894707,0.701641,-0.017764,-0.026930,-0.000247,-0.175549,-0.045826,0.086427
13061,97721.103476708,1.198942,1.894844,0.701636,-0.018865,-0.026212,-0.000818,-0.175073,-0.045532,0.085841
13062,97721.108420555,1.199030,1.894977,0.701629,-0.020002,-0.026015,-0.000847,-0.174596,-0.045237,0.085255
13063,97721.113364403,1.199123,1.895110,0.701622,-0.021119,-0.026141,-0.000482,-0.174120,-0.044943,0.084669
13064,97721.118308251,1.199221,1.895244,0.701617,-0.022073,-0.026386,0.000042,-0.173644,-0.044649,0.084084
13065,97721.123252098,1.199325,1.895379,0.701614,-0.022971,-0.027039,0.000578,-0.173168,-0.044355,0.083498
13066,97721.128195946,1.199432,1.895517,0.701613,-0.023813,-0.027874,0.000902,-0.172797,-0.043959,0.083099
13067,97721.133139794,1.199544,1.895660,0.701614,-0.024838,-0.028840,0.001243,-0.172426,-0.043564,0.082700
13068,97721.138053124,1.199659,1.895807,0.701617,-0.025857,-0.029948,0.001329,-0.172057,-0.043171,0.082304
13069,97721.142996971,1.199781,1.895961,0.701620,-0.026917,-0.031075,0.001264,-0.171686,-0.042776,0.081905
13070,97721.147940819,1.199907,1.896120,0.701622,-0.027865,-0.032394,0.001306,-0.171314,-0.042380,0.081506
13071,97721.152854149,1.200037,1.896285,0.701624,-0.028659,-0.033599,0.001491,-0.170946,-0.041987,0.081110
13072,97721.157797997,1.200171,1.896457,0.701628,-0.029657,-0.034537,0.001715,-0.170574,-0.041592,0.080711
13073,97721.162741844,1.200310,1.896635,0.701632,-0.030584,-0.035389,0.002177,-0.170203,-0.041197,0.080312
13074,97721.167655174,1.200453,1.896815,0.701638,-0.031372,-0.036047,0.002603,-0.169834,-0.040804,0.079916
13075,97721.172568504,1.200599,1.896999,0.701647,-0.032052,-0.036289,0.003124,-0.169465,-0.040411,0.079520
13076,97721.177512352,1.200750,1.897185,0.701657,-0.032673,-0.036411,0.003667,-0.169094,-0.040015,0.079121
13077,97721.182456200,1.200904,1.897372,0.701671,-0.033080,-0.036448,0.004251,-0.168723,-0.039620,0.078722
13078,97721.187400047,1.201059,1.897560,0.701687,-0.033163,-0.036227,0.004628,-0.168352,-0.039225,0.078323
13079,97721.192343895,1.201216,1.897746,0.701706,-0.032986,-0.035974,0.004741,-0.167981,-0.038829,0.077924
13080,97721.197257225,1.201370,1.897930,0.701724,-0.032384,-0.035755,0.004694,-0.167612,-0.038436,0.077528
13081,97721.202201073,1.201523,1.898114,0.701743,-0.031603,-0.035465,0.004419,-0.167241,-0.038041,0.077129
13082,97721.207144920,1.201671,1.898296,0.701760,-0.030403,-0.035249,0.004111,-0.166870,-0.037645,0.076730
13083,97721.212088768,1.201814,1.898477,0.701776,-0.028918,-0.035093,0.003625,-0.166499,-0.037250,0.076332
13084,97721.217002098,1.201949,1.898656,0.701790,-0.027176,-0.034970,0.003029,-0.166130,-0.036857,0.075935
13085,97721.221945946,1.202075,1.898835,0.701801,-0.025446,-0.034926,0.002144,-0.165759,-0.036462,0.075536
13086,97721.226889794,1.202194,1.899013,0.701807,-0.023895,-0.034750,0.001153,-0.165387,-0.036066,0.075138
13087,97721.231833641,1.202304,1.899190,0.701809,-0.022670,-0.034611,0.000069,-0.165016,-0.035671,0.074739
13088,97721.236808006,1.202409,1.899366,0.701806,-0.022013,-0.034716,-0.000854,-0.164643,-0.035273,0.074337
13089,97721.241751854,1.202510,1.899543,0.701798,-0.021795,-0.034746,-0.001582,-0.164272,-0.034878,0.073939
13090,97721.246665184,1.202610,1.899718,0.701786,-0.021991,-0.034701,-0.002034,-0.163903,-0.034485,0.073542
13091,97721.251578514,1.202710,1.899893,0.701773,-0.022486,-0.034594,-0.001878,-0.163534,-0.034092,0.073146
13092,97721.256522362,1.202813,1.900068,0.701760,-0.023182,-0.034231,-0.001065,-0.163163,-0.033696,0.072747
13093,97721.261466210,1.202920,1.900242,0.701751,-0.024279,-0.033633,0.000437,-0.162792,-0.033301,0.072348
13094,97721.266410057,1.203033,1.900414,0.701749,-0.025498,-0.032760,0.002469,-0.162421,-0.032906,0.071950
13095,97721.271353905,1.203152,1.900581,0.701757,-0.026715,-0.031519,0.004874,-0.162049,-0.032510,0.071551
13096,97721.276297753,1.203277,1.900743,0.701777,-0.027887,-0.029792,0.007603,-0.161678,-0.032115,0.071152
13097,97721.281241600,1.203409,1.900897,0.701811,-0.028715,-0.027754,0.010220,-0.161307,-0.031720,0.070753
13098,97721.286154930,1.203545,1.901040,0.701858,-0.029119,-0.025600,0.012826,-0.160938,-0.031327,0.070357
13099,97721.291098778,1.203684,1.901173,0.701917,-0.029131,-0.023360,0.015385,-0.160567,-0.030931,0.069958
13100,97721.296042626,1.203824,1.901296,0.701990,-0.028509,-0.021029,0.017845,-0.159820,-0.030518,0.069306
13101,97721.300986473,1.203962,1.901407,0.702075,-0.027460,-0.018851,0.020254,-0.159074,-0.030106,0.068655
13102,97721.305899803,1.204094,1.901507,0.702171,-0.025873,-0.016810,0.022283,-0.158332,-0.029695,0.068008
13103,97721.310843651,1.204219,1.901597,0.702278,-0.023553,-0.014883,0.023671,-0.157585,-0.029282,0.067356
13104,97721.315756981,1.204333,1.901676,0.702392,-0.020882,-0.013129,0.024372,-0.156843,-0.028872,0.066709
13105,97721.320700829,1.204435,1.901747,0.702510,-0.017824,-0.011580,0.024160,-0.156096,-0.028459,0.066057
13106,97721.325644676,1.204523,1.901810,0.702627,-0.014424,-0.010392,0.022982,-0.155350,-0.028046,0.065406
13107,97721.330588524,1.204593,1.901866,0.702739,-0.010797,-0.009751,0.020965,-0.154603,-0.027633,0.064755
13108,97721.335532372,1.204646,1.901917,0.702842,-0.007295,-0.009389,0.018507,-0.153856,-0.027221,0.064103
13109,97721.340506737,1.204682,1.901967,0.702932,-0.003992,-0.009391,0.015688,-0.153105,-0.026805,0.063448
13110,97721.345420067,1.204700,1.902015,0.703009,-0.001047,-0.009702,0.012732,-0.152363,-0.026395,0.062800
13111,97721.350363915,1.204704,1.902064,0.703071,0.001156,-0.010082,0.009867,-0.151616,-0.025982,0.062149
13112,97721.355307762,1.204697,1.902114,0.703119,0.002728,-0.010268,0.007599,-0.150870,-0.025569,0.061497
13113,97721.360221092,1.204682,1.902164,0.703156,0.003770,-0.010308,0.005902,-0.150127,-0.025159,0.060850
13114,97721.365164940,1.204662,1.902215,0.703185,0.004110,-0.010120,0.004894,-0.149381,-0.024746,0.060199
13115,97721.370108788,1.204639,1.902264,0.703209,0.003851,-0.009488,0.004473,-0.148634,-0.024333,0.059547
13116,97721.375052635,1.204619,1.902310,0.703231,0.003127,-0.008354,0.004747,-0.147887,-0.023920,0.058896
13117,97721.379965965,1.204602,1.902351,0.703254,0.002123,-0.006770,0.005843,-0.147145,-0.023510,0.058248
13118,97721.384909813,1.204590,1.902384,0.703282,0.000919,-0.004632,0.007510,-0.146399,-0.023097,0.057597
13119,97721.389853661,1.204585,1.902407,0.703319,0.000020,-0.002016,0.009394,-0.145652,-0.022684,0.056945
13120,97721.394797508,1.204585,1.902418,0.703366,-0.000769,0.001123,0.011221,-0.144905,-0.022271,0.056294
13121,97721.399741356,1.204590,1.902413,0.703421,-0.001275,0.004772,0.012791,-0.144159,-0.021858,0.055643
13122,97721.404685204,1.204599,1.902391,0.703484,-0.001529,0.008931,0.013900,-0.143412,-0.021446,0.054991
13123,97721.409629051,1.204609,1.902348,0.703554,-0.001082,0.013132,0.014296,-0.142665,-0.021033,0.054340
13124,97721.414542381,1.204618,1.902285,0.703625,-0.000410,0.017251,0.014150,-0.141923,-0.020622,0.053692
13125,97721.419486229,1.204625,1.902200,0.703695,0.000597,0.020979,0.013251,-0.141177,-0.020209,0.053041
13126,97721.424399559,1.204627,1.902098,0.703762,0.001778,0.024118,0.011918,-0.140435,-0.019799,0.052394
13127,97721.429343407,1.204625,1.901979,0.703822,0.003009,0.026650,0.010451,-0.139688,-0.019386,0.051742
13128,97721.434287254,1.204616,1.901848,0.703876,0.004212,0.028404,0.008761,-0.138941,-0.018973,0.051091
13129,97721.439231102,1.204602,1.901707,0.703921,0.004992,0.029643,0.006990,-0.138195,-0.018561,0.050439
13130,97721.444174950,1.204585,1.901560,0.703958,0.005504,0.030660,0.005402,-0.137448,-0.018148,0.049788
13131,97721.449118797,1.204565,1.901408,0.703987,0.005482,0.031802,0.003927,-0.136701,-0.017735,0.049136
13132,97721.454062645,1.204545,1.901250,0.704009,0.004425,0.033619,0.002604,-0.135955,-0.017322,0.048485
13133,97721.459006493,1.204530,1.901083,0.704024,0.002486,0.036095,0.001380,-0.135208,-0.016909,0.047834
13134,97721.468863670,1.204522,1.900727,0.704042,-0.002593,0.042390,-0.000366,-0.133719,-0.016086,0.046535
13135,97721.473807518,1.204544,1.900518,0.704043,-0.004957,0.045007,-0.001016,-0.132972,-0.015673,0.045883
13136,97721.478751366,1.204578,1.900297,0.704040,-0.006710,0.046279,-0.001352,-0.132226,-0.015260,0.045232
13137,97721.483695213,1.204621,1.900069,0.704035,-0.007614,0.045742,-0.001224,-0.131479,-0.014847,0.044580
13138,97721.488608544,1.204668,1.899846,0.704032,-0.007799,0.043417,-0.000850,-0.130737,-0.014437,0.043933
13139,97721.493552391,1.204716,1.899634,0.704029,-0.007697,0.039941,-0.000308,-0.129990,-0.014024,0.043282
13140,97721.498496239,1.204763,1.899438,0.704030,-0.007352,0.035678,0.000200,-0.129244,-0.013611,0.042630
13141,97721.503440087,1.204807,1.899263,0.704032,-0.007104,0.030707,0.000841,-0.128497,-0.013198,0.041979
13142,97721.508383934,1.204849,1.899113,0.704038,-0.006708,0.025356,0.001712,-0.127750,-0.012786,0.041327
13143,97721.513327782,1.204887,1.898990,0.704047,-0.006135,0.019581,0.002698,-0.127004,-0.012373,0.040676
13144,97721.518271629,1.204922,1.898895,0.704061,-0.005440,0.013885,0.003537,-0.126257,-0.011960,0.040025
13145,97721.523184960,1.204952,1.898828,0.704079,-0.004543,0.008402,0.004262,-0.125515,-0.011549,0.039377
13146,97721.528098290,1.204977,1.898788,0.704100,-0.003651,0.003425,0.004889,-0.124773,-0.011139,0.038730
13147,97721.533042137,1.204996,1.898772,0.704124,-0.002705,-0.000826,0.005333,-0.124026,-0.010726,0.038078
13148,97721.537985985,1.205009,1.898777,0.704150,-0.001672,-0.004506,0.005786,-0.123279,-0.010313,0.037427
13149,97721.542929833,1.205017,1.898800,0.704179,-0.000697,-0.007730,0.006510,-0.122533,-0.009901,0.036775
13150,97721.547873680,1.205019,1.898839,0.704210,0.000075,-0.010598,0.007466,-0.122148,-0.009673,0.036719
13151,97721.552817528,1.205017,1.898891,0.704247,0.000730,-0.013109,0.008636,-0.121764,-0.009445,0.036662
13152,97721.557761376,1.205011,1.898957,0.704288,0.001100,-0.015557,0.009697,-0.121379,-0.009217,0.036605
13153,97721.562705223,1.205003,1.899034,0.704336,0.001606,-0.017952,0.010564,-0.120994,-0.008989,0.036548
13154,97721.567618553,1.204992,1.899122,0.704386,0.002280,-0.020312,0.011394,-0.120612,-0.008762,0.036492
13155,97721.572562401,1.204977,1.899223,0.704442,0.003306,-0.022627,0.012092,-0.120227,-0.008534,0.036435
13156,97721.577506249,1.204957,1.899335,0.704500,0.004787,-0.024757,0.012630,-0.119843,-0.008306,0.036378
13157,97721.582450096,1.204929,1.899457,0.704562,0.006671,-0.026531,0.012887,-0.119458,-0.008078,0.036321
13158,97721.587393944,1.204891,1.899587,0.704624,0.009092,-0.028128,0.012661,-0.119073,-0.007850,0.036265
13159,97721.592307274,1.204841,1.899724,0.704686,0.011755,-0.029519,0.011982,-0.118691,-0.007623,0.036208
13160,97721.597251122,1.204777,1.899868,0.704744,0.014399,-0.030484,0.010791,-0.118306,-0.007395,0.036151
13161,97721.602194969,1.204701,1.900016,0.704796,0.016954,-0.031518,0.009332,-0.117922,-0.007167,0.036095
13162,97721.607138817,1.204611,1.900169,0.704842,0.019358,-0.032684,0.007590,-0.117537,-0.006939,0.036038
13163,97721.612052147,1.204509,1.900325,0.704879,0.021453,-0.034131,0.005704,-0.117155,-0.006713,0.035981
13164,97721.617026512,1.204395,1.900491,0.704907,0.023203,-0.035865,0.003670,-0.116768,-0.006483,0.035924
13165,97721.621939842,1.204274,1.900662,0.704924,0.024641,-0.037835,0.001737,-0.116385,-0.006257,0.035868
13166,97721.626883690,1.204144,1.900844,0.704932,0.025280,-0.039886,0.000245,-0.116001,-0.006029,0.035811
13167,97721.631827538,1.204011,1.901035,0.704933,0.025094,-0.041939,-0.000741,-0.115616,-0.005801,0.035754
13168,97721.636771385,1.203878,1.901237,0.704929,0.024137,-0.044024,-0.001113,-0.115231,-0.005573,0.035697
13169,97721.641715233,1.203749,1.901449,0.704922,0.022418,-0.045975,-0.000829,-0.114847,-0.005345,0.035640
13170,97721.646628563,1.203629,1.901670,0.704917,0.020651,-0.047930,-0.000228,-0.114464,-0.005118,0.035584
13171,97721.651572411,1.203516,1.901902,0.704915,0.018737,-0.049767,0.000577,-0.114080,-0.004890,0.035527
13172,97721.656516258,1.203413,1.902144,0.704916,0.016743,-0.051780,0.001259,-0.113695,-0.004662,0.035470
13173,97721.661460106,1.203319,1.902396,0.704920,0.014776,-0.054151,0.001868,-0.113311,-0.004434,0.035414
13174,97721.666403954,1.203235,1.902660,0.704928,0.012650,-0.057236,0.002476,-0.112926,-0.004206,0.035357
13175,97721.671317284,1.203160,1.902939,0.704937,0.010543,-0.061493,0.003208,-0.112544,-0.003980,0.035300
13176,97721.676291649,1.203095,1.903242,0.704950,0.008475,-0.066718,0.003987,-0.112157,-0.003750,0.035243
13177,97721.681235497,1.203039,1.903570,0.704967,0.006431,-0.072735,0.005085,-0.111772,-0.003522,0.035186
13178,97721.686179344,1.202991,1.903928,0.704988,0.004617,-0.079013,0.006225,-0.111387,-0.003294,0.035130
13179,97721.691123192,1.202952,1.904318,0.705014,0.003257,-0.084923,0.007444,-0.111003,-0.003066,0.035073
13180,97721.696067040,1.202918,1.904737,0.705046,0.002426,-0.089901,0.008477,-0.110618,-0.002838,0.035016
13181,97721.700980370,1.202887,1.905178,0.705083,0.001791,-0.093594,0.009267,-0.110236,-0.002612,0.034960
13182,97721.705924217,1.202859,1.905641,0.705123,0.001697,-0.096163,0.009729,-0.109851,-0.002384,0.034903
13183,97721.710868065,1.202830,1.906116,0.705166,0.002220,-0.097914,0.009747,-0.109466,-0.002156,0.034846
13184,97721.715811913,1.202799,1.906599,0.705208,0.003327,-0.099190,0.009210,-0.109082,-0.001928,0.034789
13185,97721.720755760,1.202761,1.907089,0.705248,0.005008,-0.100280,0.008300,-0.108697,-0.001700,0.034732
13186,97721.725699608,1.202715,1.907584,0.705283,0.007280,-0.101386,0.007171,-0.108312,-0.001472,0.034676
13187,97721.730612938,1.202658,1.908080,0.705313,0.010017,-0.102785,0.006065,-0.107930,-0.001245,0.034619
13188,97721.735556786,1.202587,1.908586,0.705338,0.013218,-0.104534,0.005103,-0.107545,-0.001017,0.034562
13189,97721.740500633,1.202499,1.909100,0.705357,0.016804,-0.106578,0.004269,-0.107161,-0.000789,0.034506
13190,97721.745444481,1.202393,1.909623,0.705373,0.020586,-0.108864,0.003484,-0.106776,-0.000561,0.034449
13191,97721.750388329,1.202268,1.910156,0.705386,0.024589,-0.111373,0.002792,-0.106391,-0.000333,0.034392
13192,97721.755301659,1.202124,1.910698,0.705395,0.028720,-0.114034,0.002435,-0.106009,-0.000106,0.034335
13193,97721.760245506,1.201957,1.911255,0.705402,0.032755,-0.116916,0.002586,-0.105624,0.000122,0.034279
13194,97721.765189354,1.201770,1.911825,0.705410,0.036589,-0.119762,0.003106,-0.105240,0.000350,0.034222
13195,97721.770133202,1.201564,1.912409,0.705421,0.039970,-0.122284,0.003966,-0.104855,0.000578,0.034165
13196,97721.775077049,1.201340,1.913005,0.705436,0.042975,-0.124457,0.004915,-0.104471,0.000806,0.034108
13197,97721.779990379,1.201103,1.913607,0.705456,0.045722,-0.126293,0.005670,-0.104088,0.001032,0.034052
13198,97721.784934227,1.200850,1.914221,0.705480,0.048114,-0.127491,0.006352,-0.103704,0.001260,0.033995
13199,97721.789847557,1.200587,1.914837,0.705507,0.050461,-0.127997,0.007004,-0.103321,0.001487,0.033939
13200,97721.794791405,1.200310,1.915458,0.705538,0.052892,-0.128055,0.007490,-0.103367,0.001477,0.034119
13201,97721.799735253,1.200022,1.916080,0.705571,0.055414,-0.127700,0.008199,-0.103412,0.001468,0.034300
13202,97721.804679100,1.199721,1.916699,0.705608,0.058075,-0.126870,0.009474,-0.103458,0.001459,0.034481
13203,97721.809592430,1.199409,1.917310,0.705652,0.061097,-0.125869,0.011458,-0.103503,0.001449,0.034661
13204,97721.814536278,1.199081,1.917919,0.705705,0.064163,-0.124658,0.014098,-0.103548,0.001440,0.034841
13205,97721.819480126,1.198738,1.918522,0.705772,0.067403,-0.123092,0.016813,-0.103245,0.001245,0.035200
13206,97721.824423973,1.198379,1.919116,0.705853,0.070650,-0.121047,0.019456,-0.102941,0.001051,0.035558
13207,97721.829367821,1.198006,1.919700,0.705947,0.073456,-0.118225,0.021511,-0.102638,0.000856,0.035917
13208,97721.834311669,1.197619,1.920269,0.706052,0.075353,-0.114384,0.022825,-0.102335,0.000662,0.036275
13209,97721.839255516,1.197223,1.920819,0.706163,0.076662,-0.109970,0.023144,-0.102031,0.000467,0.036634
13210,97721.844229881,1.196820,1.921350,0.706278,0.077315,-0.105519,0.023167,-0.101726,0.000272,0.036994
13211,97721.849173729,1.196417,1.921856,0.706392,0.077468,-0.101531,0.023366,-0.101423,0.000077,0.037353
13212,97721.854117577,1.196014,1.922342,0.706507,0.077649,-0.097997,0.023664,-0.101119,-0.000117,0.037711
13213,97721.859061424,1.195611,1.922811,0.706624,0.078608,-0.095206,0.023696,-0.100816,-0.000312,0.038070
13214,97721.863974754,1.195206,1.923263,0.706740,0.080283,-0.093025,0.022975,-0.100514,-0.000505,0.038426
13215,97721.868918602,1.194791,1.923706,0.706854,0.083061,-0.091528,0.021104,-0.100211,-0.000700,0.038784
13216,97721.873862450,1.194362,1.924142,0.706959,0.087196,-0.090854,0.017927,-0.099908,-0.000894,0.039143
13217,97721.878806297,1.193913,1.924573,0.707049,0.092590,-0.090936,0.013523,-0.099604,-0.001088,0.039501
13218,97721.883750145,1.193437,1.925003,0.707117,0.098954,-0.090984,0.008203,-0.099301,-0.001283,0.039859
13219,97721.888693993,1.192929,1.925431,0.707160,0.105796,-0.090562,0.002249,-0.098998,-0.001477,0.040218
13220,97721.893607323,1.192391,1.925853,0.707173,0.112655,-0.089003,-0.003681,-0.098696,-0.001671,0.040574
13221,97721.898551170,1.191815,1.926268,0.707158,0.119163,-0.086087,-0.009270,-0.098393,-0.001865,0.040933
13222,97721.903495018,1.191207,1.926667,0.707116,0.125273,-0.082341,-0.014119,-0.098089,-0.002060,0.041291
13223,97721.908438866,1.190569,1.927045,0.707050,0.130461,-0.077797,-0.017820,-0.097786,-0.002254,0.041649
13224,97721.913382713,1.189907,1.927400,0.706967,0.134689,-0.072816,-0.020442,-0.097483,-0.002449,0.042008
13225,97721.918326561,1.189224,1.927729,0.706872,0.137657,-0.067749,-0.022044,-0.097179,-0.002643,0.042366
13226,97721.923270409,1.188528,1.928033,0.706769,0.138793,-0.062876,-0.022840,-0.096876,-0.002838,0.042725
13227,97721.928214256,1.187828,1.928312,0.706663,0.137650,-0.058328,-0.023124,-0.096572,-0.003032,0.043083
13228,97721.933158104,1.187133,1.928569,0.706555,0.134635,-0.054465,-0.023174,-0.096269,-0.003227,0.043442
13229,97721.938071434,1.186459,1.928806,0.706448,0.129935,-0.051900,-0.022870,-0.095968,-0.003420,0.043798
13230,97721.943015282,1.185805,1.929032,0.706342,0.124337,-0.050941,-0.022384,-0.095664,-0.003614,0.044156
13231,97721.947928612,1.185182,1.929254,0.706238,0.118522,-0.051530,-0.022039,-0.095363,-0.003808,0.044512
13232,97721.952872460,1.184584,1.929482,0.706135,0.113164,-0.053363,-0.022208,-0.095059,-0.004002,0.044871
13233,97721.957816307,1.184012,1.929719,0.706030,0.108695,-0.055999,-0.023137,-0.094756,-0.004197,0.045229
13234,97721.962760155,1.183461,1.929971,0.705920,0.105272,-0.058998,-0.024910,-0.094453,-0.004391,0.045588
13235,97721.967673485,1.182930,1.930236,0.705802,0.103181,-0.061824,-0.027318,-0.094151,-0.004584,0.045944
13236,97721.972617333,1.182405,1.930517,0.705671,0.102233,-0.064087,-0.030252,-0.093848,-0.004779,0.046302
13237,97721.977561180,1.181884,1.930810,0.705526,0.102344,-0.065187,-0.033301,-0.093544,-0.004973,0.046661
13238,97721.982505028,1.181362,1.931108,0.705365,0.103070,-0.064980,-0.035873,-0.093241,-0.005168,0.047019
13239,97721.987448876,1.180836,1.931404,0.705191,0.104454,-0.063643,-0.037366,-0.092938,-0.005362,0.047378
13240,97721.992392723,1.180304,1.931693,0.705010,0.106030,-0.061314,-0.037471,-0.092634,-0.005557,0.047736
13241,97721.997306053,1.179768,1.931969,0.704830,0.107878,-0.058388,-0.036493,-0.092333,-0.005750,0.048092
13242,97722.002249901,1.179219,1.932232,0.704655,0.110265,-0.055467,-0.034367,-0.092029,-0.005944,0.048451
13243,97722.007193749,1.178660,1.932480,0.704490,0.113073,-0.052670,-0.031687,-0.091726,-0.006139,0.048809
13244,97722.012137596,1.178088,1.932713,0.704338,0.116259,-0.050160,-0.029018,-0.091423,-0.006333,0.049168
13245,97722.017081444,1.177501,1.932934,0.704200,0.120104,-0.047891,-0.026465,-0.091119,-0.006528,0.049526
13246,97722.022025292,1.176896,1.933143,0.704076,0.124820,-0.045904,-0.024054,-0.090816,-0.006722,0.049884
13247,97722.026938622,1.176271,1.933340,0.703964,0.130386,-0.044225,-0.021934,-0.090514,-0.006916,0.050241
13248,97722.031882469,1.175616,1.933529,0.703863,0.136771,-0.042775,-0.019937,-0.090211,-0.007110,0.050599
13249,97722.036795799,1.174934,1.933708,0.703772,0.143782,-0.041517,-0.018016,-0.089909,-0.007303,0.050955
13250,97722.041709129,1.174218,1.933880,0.703692,0.151070,-0.040294,-0.016086,-0.089871,-0.007685,0.051547
13251,97722.046652977,1.173462,1.934045,0.703621,0.158398,-0.039148,-0.014143,-0.089832,-0.008069,0.052142
13252,97722.051566307,1.172676,1.934202,0.703561,0.165649,-0.038397,-0.012171,-0.089794,-0.008451,0.052734
13253,97722.056510155,1.171848,1.934355,0.703511,0.172368,-0.037936,-0.010031,-0.089755,-0.008835,0.053330
13254,97722.061454003,1.170988,1.934505,0.703472,0.178154,-0.037526,-0.008080,-0.089717,-0.009219,0.053925
13255,97722.066397850,1.170100,1.934651,0.703443,0.182778,-0.037361,-0.006465,-0.089678,-0.009603,0.054520
13256,97722.071341698,1.169188,1.934795,0.703422,0.185926,-0.037442,-0.005110,-0.089639,-0.009986,0.055116
13257,97722.076255028,1.168267,1.934939,0.703409,0.187846,-0.037496,-0.004437,-0.089601,-0.010368,0.055707
13258,97722.081198876,1.167331,1.935083,0.703399,0.188226,-0.037510,-0.004370,-0.089562,-0.010752,0.056303
13259,97722.086142723,1.166393,1.935227,0.703389,0.187083,-0.038057,-0.004984,-0.089524,-0.011136,0.056898
13260,97722.091086571,1.165461,1.935375,0.703376,0.184790,-0.039354,-0.006109,-0.089485,-0.011520,0.057494
13261,97722.095999901,1.164545,1.935528,0.703357,0.181391,-0.040855,-0.007609,-0.089447,-0.011902,0.058085
13262,97722.100943749,1.163639,1.935690,0.703331,0.176923,-0.042994,-0.009616,-0.089408,-0.012286,0.058681
13263,97722.105887596,1.162756,1.935863,0.703294,0.171421,-0.046543,-0.012015,-0.089369,-0.012670,0.059276
13264,97722.110831444,1.161898,1.936055,0.703244,0.164919,-0.051265,-0.014530,-0.089331,-0.013054,0.059872
13265,97722.115775292,1.161071,1.936272,0.703181,0.157550,-0.056562,-0.016874,-0.089292,-0.013438,0.060467
13266,97722.120719139,1.160280,1.936516,0.703106,0.149524,-0.062007,-0.018971,-0.089253,-0.013822,0.061062
13267,97722.125662987,1.159527,1.936789,0.703020,0.141044,-0.067124,-0.020758,-0.089215,-0.014205,0.061658
13268,97722.130606835,1.158814,1.937088,0.702924,0.132574,-0.071984,-0.022657,-0.089176,-0.014589,0.062253
13269,97722.135550682,1.158142,1.937414,0.702817,0.124298,-0.076116,-0.024647,-0.089137,-0.014973,0.062849
13270,97722.140494530,1.157510,1.937761,0.702700,0.116373,-0.079631,-0.026802,-0.089099,-0.015357,0.063444
13271,97722.145407860,1.156920,1.938125,0.702573,0.109139,-0.082411,-0.029007,-0.089060,-0.015739,0.064036
13272,97722.150321190,1.156364,1.938504,0.702433,0.102536,-0.084468,-0.031276,-0.089022,-0.016121,0.064628
13273,97722.155265038,1.155837,1.938897,0.702281,0.096412,-0.085972,-0.033652,-0.088983,-0.016505,0.065223
13274,97722.160208885,1.155340,1.939299,0.702117,0.090926,-0.087258,-0.035941,-0.088945,-0.016889,0.065818
13275,97722.165152733,1.154869,1.939708,0.701941,0.086083,-0.088202,-0.038156,-0.088906,-0.017273,0.066414
13276,97722.170096581,1.154422,1.940123,0.701753,0.081867,-0.089240,-0.040224,-0.088867,-0.017657,0.067009
13277,97722.175040428,1.153996,1.940543,0.701555,0.078014,-0.090244,-0.041995,-0.088829,-0.018040,0.067605
13278,97722.179953758,1.153590,1.940967,0.701349,0.074712,-0.091212,-0.043303,-0.088790,-0.018422,0.068196
13279,97722.184897606,1.153198,1.941398,0.701135,0.072005,-0.092273,-0.044037,-0.088752,-0.018806,0.068792
13280,97722.189841454,1.152820,1.941835,0.700917,0.069945,-0.093394,-0.044237,-0.088713,-0.019190,0.069387
13281,97722.194785301,1.152451,1.942279,0.700698,0.068209,-0.094370,-0.044277,-0.088674,-0.019574,0.069983
13282,97722.199729149,1.152090,1.942727,0.700479,0.066730,-0.095254,-0.044238,-0.088636,-0.019958,0.070578
13283,97722.204642479,1.151739,1.943178,0.700261,0.065564,-0.095943,-0.043941,-0.088597,-0.020340,0.071170
13284,97722.209586327,1.151391,1.943635,0.700043,0.064776,-0.096454,-0.043525,-0.088559,-0.020724,0.071765
13285,97722.214530174,1.151047,1.944094,0.699827,0.064257,-0.096495,-0.042924,-0.088520,-0.021108,0.072360
13286,97722.219474022,1.150706,1.944554,0.699614,0.063875,-0.096042,-0.042252,-0.088481,-0.021492,0.072956
13287,97722.224417870,1.150366,1.945012,0.699404,0.063830,-0.095167,-0.041669,-0.088443,-0.021875,0.073551
13288,97722.229331200,1.150030,1.945463,0.699198,0.063889,-0.094005,-0.041214,-0.088404,-0.022257,0.074143
13289,97722.234275047,1.149691,1.945911,0.698994,0.063827,-0.092609,-0.041141,-0.088366,-0.022641,0.074738
13290,97722.239218895,1.149352,1.946352,0.698789,0.063533,-0.090921,-0.041057,-0.088327,-0.023025,0.075334
13291,97722.244162743,1.149016,1.946784,0.698586,0.062895,-0.089215,-0.040723,-0.088288,-0.023409,0.075929
13292,97722.249106590,1.148683,1.947209,0.698384,0.062021,-0.087423,-0.040398,-0.088250,-0.023793,0.076525
13293,97722.254019920,1.148357,1.947622,0.698185,0.061301,-0.085548,-0.040025,-0.088211,-0.024175,0.077116
13294,97722.258963768,1.148033,1.948029,0.697986,0.060336,-0.083721,-0.039467,-0.088173,-0.024559,0.077712
13295,97722.263907616,1.147714,1.948426,0.697791,0.059154,-0.081814,-0.038774,-0.088134,-0.024943,0.078307
13296,97722.268851463,1.147401,1.948815,0.697599,0.058036,-0.079869,-0.038060,-0.088095,-0.025327,0.078903
13297,97722.273795311,1.147094,1.949195,0.697410,0.056812,-0.077969,-0.037344,-0.088057,-0.025711,0.079498
13298,97722.278739159,1.146794,1.949565,0.697225,0.055704,-0.076222,-0.036443,-0.088018,-0.026094,0.080093
13299,97722.283652489,1.146502,1.949925,0.697045,0.054851,-0.074470,-0.035164,-0.087980,-0.026476,0.080685
13300,97722.288596337,1.146212,1.950279,0.696871,0.054217,-0.072808,-0.033543,-0.087188,-0.026723,0.081063
13301,97722.293540184,1.145926,1.950624,0.696705,0.053782,-0.071507,-0.031499,-0.086395,-0.026970,0.081441
13302,97722.298484032,1.145643,1.950964,0.696549,0.053851,-0.070257,-0.028744,-0.085603,-0.027217,0.081819
13303,97722.303427879,1.145359,1.951298,0.696407,0.054519,-0.069035,-0.025035,-0.084811,-0.027464,0.082197
13304,97722.308341210,1.145075,1.951623,0.696284,0.055848,-0.067850,-0.020622,-0.084024,-0.027710,0.082572
13305,97722.313285057,1.144783,1.951945,0.696182,0.057885,-0.066830,-0.015657,-0.083232,-0.027957,0.082950
13306,97722.318228905,1.144482,1.952261,0.696105,0.060870,-0.065902,-0.009983,-0.082440,-0.028204,0.083328
13307,97722.323172753,1.144166,1.952573,0.696056,0.064776,-0.065083,-0.003762,-0.081648,-0.028451,0.083706
13308,97722.328116600,1.143832,1.952880,0.696038,0.069613,-0.064318,0.002553,-0.080855,-0.028698,0.084084
13309,97722.333060448,1.143474,1.953183,0.696052,0.075418,-0.063825,0.008855,-0.080063,-0.028945,0.084462
13310,97722.338004295,1.143088,1.953482,0.696098,0.081944,-0.063825,0.014765,-0.079271,-0.029192,0.084840
13311,97722.342917626,1.142673,1.953779,0.696173,0.089200,-0.064464,0.020027,-0.078484,-0.029437,0.085215
13312,97722.347861473,1.142220,1.954079,0.696275,0.096902,-0.065690,0.024675,-0.077692,-0.029684,0.085593
13313,97722.352805321,1.141729,1.954384,0.696400,0.104905,-0.067449,0.028680,-0.076900,-0.029931,0.085971
13314,97722.357749169,1.141199,1.954696,0.696545,0.112855,-0.069523,0.032011,-0.076108,-0.030178,0.086349
13315,97722.362662499,1.140632,1.955015,0.696707,0.120371,-0.072007,0.034680,-0.075320,-0.030424,0.086725
13316,97722.367606346,1.140024,1.955347,0.696883,0.127369,-0.074420,0.036800,-0.074528,-0.030671,0.087103
13317,97722.372550194,1.139382,1.955689,0.697070,0.133549,-0.076369,0.038635,-0.073736,-0.030918,0.087481
13318,97722.377494042,1.138708,1.956040,0.697266,0.138833,-0.077930,0.039949,-0.072944,-0.031165,0.087859
13319,97722.382437889,1.138009,1.956398,0.697469,0.143250,-0.078611,0.040890,-0.072152,-0.031411,0.088236
13320,97722.387351219,1.137292,1.956755,0.697676,0.147004,-0.078466,0.041603,-0.071365,-0.031657,0.088612
13321,97722.392325585,1.136547,1.957116,0.697889,0.149887,-0.077329,0.041891,-0.070567,-0.031905,0.088992
13322,97722.397269432,1.135793,1.957468,0.698103,0.151918,-0.075211,0.041655,-0.069775,-0.032152,0.089370
13323,97722.402213280,1.135029,1.957809,0.698315,0.153142,-0.072148,0.040872,-0.068983,-0.032399,0.089748
13324,97722.407157128,1.134260,1.958135,0.698524,0.153583,-0.068358,0.039672,-0.068191,-0.032646,0.090126
13325,97722.412100975,1.133490,1.958442,0.698728,0.152923,-0.063869,0.037772,-0.067399,-0.032893,0.090504
13326,97722.417044823,1.132723,1.958726,0.698922,0.151188,-0.059244,0.035572,-0.066607,-0.033140,0.090882
13327,97722.421988670,1.131966,1.958988,0.699106,0.148504,-0.054501,0.033116,-0.065815,-0.033387,0.091260
13328,97722.426871483,1.131233,1.959225,0.699275,0.145085,-0.049907,0.030322,-0.065032,-0.033631,0.091633
13329,97722.431815331,1.130507,1.959442,0.699433,0.140650,-0.045301,0.027422,-0.064240,-0.033878,0.092011
13330,97722.436759178,1.129805,1.959637,0.699576,0.135366,-0.040983,0.024391,-0.063448,-0.034125,0.092389
13331,97722.441703026,1.129129,1.959811,0.699704,0.129350,-0.036940,0.021393,-0.062656,-0.034372,0.092767
13332,97722.446616356,1.128488,1.959966,0.699817,0.122658,-0.033431,0.018662,-0.061869,-0.034618,0.093142
13333,97722.451560204,1.127876,1.960106,0.699916,0.115491,-0.030515,0.016066,-0.061077,-0.034865,0.093520
13334,97722.461447899,1.126725,1.960359,0.700088,0.100265,-0.025846,0.011569,-0.059492,-0.035359,0.094276
13335,97722.466361229,1.126228,1.960465,0.700151,0.092854,-0.024634,0.009679,-0.058705,-0.035604,0.094652
13336,97722.471305077,1.125765,1.960567,0.700204,0.085589,-0.023933,0.007954,-0.057913,-0.035851,0.095030
13337,97722.476248924,1.125337,1.960668,0.700249,0.078716,-0.023458,0.006295,-0.057121,-0.036098,0.095407
13338,97722.481192772,1.124944,1.960767,0.700284,0.072499,-0.023327,0.004774,-0.056329,-0.036345,0.095785
13339,97722.486136620,1.124581,1.960867,0.700312,0.067230,-0.023343,0.003586,-0.055537,-0.036592,0.096163
13340,97722.491049950,1.124246,1.960967,0.700333,0.062668,-0.023382,0.002528,-0.054749,-0.036838,0.096539
13341,97722.495993797,1.123932,1.961069,0.700349,0.058760,-0.023397,0.001580,-0.053957,-0.037085,0.096917
13342,97722.500937645,1.123637,1.961172,0.700359,0.055520,-0.023228,0.000776,-0.053165,-0.037332,0.097295
13343,97722.505881493,1.123358,1.961275,0.700366,0.052993,-0.022774,0.000006,-0.052373,-0.037579,0.097673
13344,97722.510825340,1.123091,1.961376,0.700369,0.050980,-0.021979,-0.000803,-0.051459,-0.037665,0.097599
13345,97722.515738670,1.122836,1.961473,0.700367,0.049634,-0.020902,-0.001576,-0.050550,-0.037751,0.097527
13346,97722.520682518,1.122586,1.961565,0.700362,0.048785,-0.019505,-0.002287,-0.049636,-0.037837,0.097453
13347,97722.525626366,1.122341,1.961651,0.700353,0.048481,-0.017922,-0.002869,-0.048722,-0.037923,0.097380
13348,97722.530570213,1.122097,1.961728,0.700341,0.048744,-0.016081,-0.003288,-0.047808,-0.038010,0.097307
13349,97722.535544579,1.121851,1.961797,0.700328,0.049602,-0.013966,-0.003439,-0.046888,-0.038096,0.097233
13350,97722.540488426,1.121603,1.961856,0.700313,0.050718,-0.011663,-0.003216,-0.045799,-0.037992,0.096734
13351,97722.545401756,1.121351,1.961902,0.700301,0.052370,-0.009254,-0.002792,-0.044717,-0.037888,0.096238
13352,97722.550345604,1.121091,1.961936,0.700290,0.054388,-0.006695,-0.001929,-0.043628,-0.037784,0.095739
13353,97722.555289452,1.120820,1.961957,0.700284,0.056837,-0.003964,-0.000836,-0.042540,-0.037680,0.095241
13354,97722.560233299,1.120539,1.961964,0.700284,0.059686,-0.001273,0.000438,-0.041451,-0.037575,0.094742
13355,97722.565177147,1.120244,1.961958,0.700291,0.062594,0.001478,0.002093,-0.040362,-0.037471,0.094243
13356,97722.570090477,1.119937,1.961937,0.700306,0.065613,0.004117,0.003905,-0.039280,-0.037367,0.093747
13357,97722.575034325,1.119614,1.961903,0.700330,0.068556,0.006465,0.005984,-0.038191,-0.037263,0.093248
13358,97722.579978172,1.119277,1.961856,0.700365,0.071448,0.008527,0.008313,-0.037103,-0.037159,0.092749
13359,97722.584922020,1.118927,1.961799,0.700412,0.074277,0.010346,0.010557,-0.036014,-0.037054,0.092250
13360,97722.589865868,1.118563,1.961733,0.700470,0.076952,0.011554,0.012618,-0.034925,-0.036950,0.091751
13361,97722.594809715,1.118187,1.961660,0.700539,0.079601,0.012252,0.014451,-0.033836,-0.036846,0.091252
13362,97722.599723045,1.117800,1.961584,0.700617,0.082193,0.012416,0.015983,-0.032754,-0.036742,0.090756
13363,97722.604666893,1.117397,1.961505,0.700703,0.084641,0.012026,0.017280,-0.031666,-0.036638,0.090257
13364,97722.609610741,1.116983,1.961429,0.700795,0.087108,0.011123,0.018212,-0.030577,-0.036533,0.089758
13365,97722.614554588,1.116557,1.961356,0.700892,0.089229,0.009859,0.018725,-0.029488,-0.036429,0.089259
13366,97722.619498436,1.116120,1.961289,0.700992,0.091062,0.008298,0.019021,-0.028399,-0.036325,0.088761
13367,97722.624442284,1.115673,1.961230,0.701093,0.092451,0.006732,0.019029,-0.027311,-0.036220,0.088262
13368,97722.629355614,1.115222,1.961178,0.701194,0.093243,0.005294,0.018869,-0.026229,-0.036117,0.087766
13369,97722.634299462,1.114764,1.961133,0.701295,0.093431,0.003908,0.018687,-0.025140,-0.036012,0.087267
13370,97722.639212792,1.114308,1.961095,0.701394,0.092961,0.002817,0.018429,-0.024058,-0.035909,0.086771
13371,97722.644156639,1.113851,1.961062,0.701492,0.091950,0.001831,0.018137,-0.022969,-0.035804,0.086272
13372,97722.649069969,1.113401,1.961034,0.701588,0.090111,0.001156,0.018015,-0.021887,-0.035701,0.085776
13373,97722.654013817,1.112958,1.961010,0.701684,0.087550,0.000666,0.018152,-0.020799,-0.035596,0.085277
13374,97722.658957665,1.112527,1.960989,0.701780,0.084591,0.000397,0.018240,-0.019710,-0.035492,0.084778
13375,97722.663901512,1.112110,1.960970,0.701876,0.081253,0.000316,0.018392,-0.018621,-0.035388,0.084279
13376,97722.668845360,1.111710,1.960952,0.701973,0.077777,0.000138,0.018534,-0.017532,-0.035283,0.083780
13377,97722.673789208,1.111328,1.960936,0.702071,0.074325,0.000170,0.018630,-0.016444,-0.035179,0.083281
13378,97722.678702538,1.110964,1.960920,0.702168,0.070942,0.000351,0.018759,-0.015362,-0.035075,0.082786
13379,97722.683646385,1.110615,1.960904,0.702266,0.067934,0.000569,0.018764,-0.014273,-0.034971,0.082287
13380,97722.688590233,1.110281,1.960888,0.702364,0.065375,0.000909,0.018529,-0.013184,-0.034867,0.081788
13381,97722.693534081,1.109960,1.960870,0.702460,0.063203,0.000973,0.018075,-0.012095,-0.034762,0.081289
13382,97722.698508446,1.109647,1.960853,0.702555,0.061279,0.000807,0.017243,-0.011000,-0.034657,0.080787
13383,97722.703421776,1.109348,1.960837,0.702644,0.059723,0.000534,0.016320,-0.009918,-0.034554,0.080291
13384,97722.708335106,1.109056,1.960822,0.702729,0.058361,0.000187,0.015274,-0.008836,-0.034450,0.079795
13385,97722.713309471,1.108767,1.960810,0.702809,0.057124,-0.000317,0.014033,-0.007740,-0.034345,0.079293
13386,97722.718222801,1.108488,1.960800,0.702882,0.055940,-0.000664,0.012807,-0.006658,-0.034241,0.078797
13387,97722.723197167,1.108211,1.960792,0.702950,0.054591,-0.000802,0.011720,-0.005563,-0.034136,0.078295
13388,97722.728141014,1.107942,1.960785,0.703012,0.053183,-0.000805,0.010619,-0.004474,-0.034032,0.077796
13389,97722.733084862,1.107680,1.960778,0.703068,0.051891,-0.000793,0.009548,-0.003386,-0.033928,0.077297
13390,97722.737998192,1.107426,1.960771,0.703119,0.050775,-0.000475,0.008817,-0.002304,-0.033824,0.076801
13391,97722.742942040,1.107175,1.960763,0.703166,0.049735,0.000023,0.008435,-0.001215,-0.033720,0.076302
13392,97722.747885887,1.106930,1.960753,0.703212,0.048911,0.000510,0.008163,-0.000126,-0.033616,0.075803
13393,97722.752829735,1.106689,1.960740,0.703256,0.048312,0.001201,0.008067,0.000963,-0.033511,0.075305
13394,97722.757743065,1.106453,1.960724,0.703299,0.047949,0.002087,0.008073,0.002045,-0.033408,0.074809
13395,97722.762686913,1.106217,1.960704,0.703343,0.047951,0.003041,0.008133,0.003133,-0.033303,0.074310
13396,97722.767630760,1.105982,1.960679,0.703386,0.048130,0.003746,0.008277,0.004222,-0.033199,0.073811
13397,97722.772574608,1.105746,1.960651,0.703431,0.048459,0.004473,0.008405,0.005311,-0.033095,0.073312
13398,97722.777518456,1.105508,1.960619,0.703477,0.049086,0.004975,0.008433,0.006400,-0.032990,0.072813
13399,97722.782431786,1.105269,1.960584,0.703522,0.049907,0.005451,0.008478,0.007482,-0.032887,0.072317
13400,97722.787375633,1.105024,1.960547,0.703568,0.050828,0.005588,0.008597,0.007684,-0.032757,0.071962
13401,97722.792319481,1.104775,1.960509,0.703615,0.051609,0.005369,0.008774,0.007887,-0.032627,0.071608
13402,97722.797263329,1.104522,1.960472,0.703662,0.052253,0.004854,0.009087,0.008090,-0.032497,0.071253
13403,97722.802207176,1.104265,1.960437,0.703711,0.052892,0.004112,0.009459,0.008293,-0.032367,0.070898
13404,97722.807151024,1.104006,1.960406,0.703762,0.053249,0.003076,0.009990,0.008496,-0.032237,0.070543
13405,97722.812064354,1.103746,1.960380,0.703815,0.053461,0.001905,0.010471,0.008697,-0.032108,0.070191
13406,97722.816977684,1.103484,1.960360,0.703871,0.053567,0.000805,0.010894,0.008899,-0.031979,0.069838
13407,97722.821952049,1.103219,1.960345,0.703929,0.053683,-0.000460,0.011373,0.009103,-0.031849,0.069481
13408,97722.826895897,1.102955,1.960337,0.703989,0.053691,-0.001901,0.011748,0.009305,-0.031719,0.069127
13409,97722.831809227,1.102692,1.960335,0.704051,0.053595,-0.003141,0.012245,0.009507,-0.031590,0.068774
13410,97722.836753075,1.102427,1.960340,0.704115,0.053356,-0.004534,0.012534,0.009710,-0.031460,0.068419
13411,97722.841666405,1.102165,1.960351,0.704180,0.053173,-0.005858,0.012784,0.009911,-0.031331,0.068067
13412,97722.846610253,1.101902,1.960369,0.704247,0.052849,-0.006984,0.012966,0.010114,-0.031201,0.067712
13413,97722.851554100,1.101641,1.960393,0.704315,0.052566,-0.008051,0.013163,0.010317,-0.031071,0.067357
13414,97722.856497948,1.101380,1.960423,0.704383,0.052309,-0.008905,0.013378,0.010520,-0.030941,0.067003
13415,97722.861441795,1.101121,1.960456,0.704453,0.052032,-0.009598,0.013543,0.010722,-0.030811,0.066648
13416,97722.866355126,1.100865,1.960493,0.704522,0.051826,-0.010121,0.013682,0.010924,-0.030682,0.066295
13417,97722.871298973,1.100607,1.960532,0.704593,0.051625,-0.010437,0.013746,0.011127,-0.030552,0.065941
13418,97722.876242821,1.100351,1.960574,0.704665,0.051429,-0.010589,0.013610,0.011329,-0.030423,0.065586
13419,97722.881186669,1.100096,1.960616,0.704735,0.051280,-0.010527,0.013340,0.011532,-0.030293,0.065231
13420,97722.886099999,1.099843,1.960657,0.704804,0.051017,-0.010372,0.012934,0.011734,-0.030164,0.064879
13421,97722.891043846,1.099590,1.960698,0.704871,0.050500,-0.010239,0.012467,0.011937,-0.030034,0.064524
13422,97722.895987694,1.099339,1.960739,0.704936,0.050071,-0.010210,0.011890,0.012139,-0.029904,0.064169
13423,97722.900931542,1.099090,1.960779,0.704997,0.049589,-0.010253,0.011238,0.012342,-0.029774,0.063814
13424,97722.905875389,1.098844,1.960820,0.705056,0.048918,-0.010391,0.010694,0.012545,-0.029644,0.063460
13425,97722.910819237,1.098601,1.960861,0.705112,0.048123,-0.010710,0.010246,0.012748,-0.029514,0.063105
13426,97722.915763085,1.098362,1.960904,0.705165,0.047215,-0.011111,0.009914,0.012950,-0.029385,0.062750
13427,97722.920706932,1.098127,1.960949,0.705217,0.046163,-0.011886,0.009800,0.013153,-0.029255,0.062395
13428,97722.925650780,1.097897,1.960999,0.705269,0.045260,-0.012848,0.009919,0.013356,-0.029125,0.062041
13429,97722.930564110,1.097673,1.961053,0.705320,0.044361,-0.013599,0.010206,0.013557,-0.028996,0.061688
13430,97722.935507958,1.097451,1.961111,0.705373,0.043363,-0.014393,0.010686,0.013760,-0.028866,0.061333
13431,97722.940451805,1.097235,1.961173,0.705428,0.042441,-0.015036,0.010983,0.013963,-0.028736,0.060979
13432,97722.945395653,1.097023,1.961239,0.705484,0.041762,-0.015644,0.011219,0.014166,-0.028606,0.060624
13433,97722.950308983,1.096815,1.961308,0.705542,0.041217,-0.016242,0.011386,0.014367,-0.028477,0.060271
13434,97722.955252831,1.096609,1.961380,0.705600,0.040862,-0.016937,0.011490,0.014570,-0.028347,0.059917
13435,97722.960196678,1.096404,1.961455,0.705659,0.040694,-0.017737,0.011396,0.014773,-0.028217,0.059562
13436,97722.965140526,1.096200,1.961535,0.705717,0.040648,-0.018148,0.011276,0.014976,-0.028088,0.059207
13437,97722.970114891,1.095995,1.961617,0.705775,0.040810,-0.018513,0.011114,0.015180,-0.027957,0.058850
13438,97722.975028221,1.095792,1.961699,0.705832,0.041155,-0.018914,0.010911,0.015381,-0.027828,0.058498
13439,97722.979941551,1.095586,1.961784,0.705887,0.041290,-0.018999,0.010648,0.015583,-0.027699,0.058145
13440,97722.984885399,1.095379,1.961870,0.705942,0.041527,-0.018965,0.010427,0.015786,-0.027569,0.057791
13441,97722.989829247,1.095171,1.961955,0.705995,0.041830,-0.018795,0.010289,0.015988,-0.027439,0.057436
13442,97722.994742577,1.094962,1.962039,0.706048,0.042055,-0.018585,0.010233,0.016190,-0.027310,0.057083
13443,97722.999716942,1.094750,1.962123,0.706101,0.042254,-0.018426,0.010207,0.016394,-0.027179,0.056726
13444,97723.004691307,1.094536,1.962206,0.706154,0.042446,-0.018175,0.010418,0.016598,-0.027049,0.056369
13445,97723.009604637,1.094325,1.962286,0.706207,0.042518,-0.017978,0.010582,0.016799,-0.026920,0.056017
13446,97723.014548485,1.094112,1.962367,0.706261,0.042557,-0.017823,0.010826,0.017002,-0.026790,0.055662
13447,97723.019461815,1.093900,1.962446,0.706316,0.042810,-0.017779,0.011197,0.017204,-0.026661,0.055310
13448,97723.024405663,1.093685,1.962525,0.706374,0.043016,-0.017745,0.011563,0.017407,-0.026531,0.054955
13449,97723.029318993,1.093471,1.962604,0.706433,0.043211,-0.017626,0.011769,0.017608,-0.026402,0.054602
13450,97723.034293358,1.093253,1.962682,0.706494,0.043415,-0.017443,0.012087,0.017891,-0.026258,0.054223
13451,97723.039237206,1.093036,1.962760,0.706556,0.043609,-0.017296,0.012257,0.018173,-0.026115,0.053846
13452,97723.044181053,1.092818,1.962837,0.706618,0.043772,-0.017072,0.012317,0.018455,-0.025972,0.053469
13453,97723.049124901,1.092599,1.962912,0.706681,0.043998,-0.016961,0.012382,0.018736,-0.025829,0.053092
13454,97723.054038231,1.092380,1.962987,0.706744,0.044119,-0.016661,0.012479,0.019016,-0.025687,0.052717
13455,97723.058982079,1.092159,1.963060,0.706808,0.044189,-0.016308,0.012416,0.019298,-0.025544,0.052340
13456,97723.063925926,1.091939,1.963132,0.706872,0.044205,-0.015897,0.012246,0.019579,-0.025401,0.051963
13457,97723.068869774,1.091718,1.963202,0.706935,0.043831,-0.015592,0.012017,0.019861,-0.025258,0.051586
13458,97723.073813622,1.091499,1.963270,0.706997,0.043499,-0.015385,0.011727,0.020142,-0.025115,0.051209
13459,97723.078726952,1.091283,1.963337,0.707057,0.042982,-0.015327,0.011604,0.020422,-0.024973,0.050835
13460,97723.083670799,1.091068,1.963404,0.707116,0.042404,-0.015402,0.011674,0.020704,-0.024830,0.050458
13461,97723.088614647,1.090856,1.963472,0.707176,0.041917,-0.015577,0.012030,0.020985,-0.024687,0.050081
13462,97723.093558495,1.090647,1.963540,0.707238,0.041327,-0.015824,0.012614,0.021267,-0.024544,0.049704
13463,97723.098471825,1.090441,1.963610,0.707302,0.040671,-0.015924,0.013308,0.021547,-0.024402,0.049329
13464,97723.103415672,1.090238,1.963681,0.707370,0.039987,-0.015969,0.014214,0.021828,-0.024259,0.048952
13465,97723.108359520,1.090038,1.963752,0.707442,0.039250,-0.015714,0.015407,0.022110,-0.024116,0.048575
13466,97723.113303368,1.089842,1.963822,0.707520,0.038576,-0.015179,0.016992,0.022391,-0.023974,0.048198
13467,97723.118247215,1.089649,1.963890,0.707606,0.037916,-0.014557,0.018405,0.022673,-0.023831,0.047821
13468,97723.123191063,1.089460,1.963954,0.707699,0.037504,-0.013796,0.019524,0.022955,-0.023688,0.047444
13469,97723.128134911,1.089273,1.964016,0.707798,0.037326,-0.012828,0.019959,0.023236,-0.023545,0.047067
13470,97723.133078758,1.089088,1.964072,0.707898,0.037453,-0.011886,0.020053,0.023518,-0.023402,0.046690
13471,97723.137992088,1.088903,1.964124,0.707999,0.037829,-0.011308,0.019552,0.023798,-0.023260,0.046316
13472,97723.142935936,1.088715,1.964173,0.708098,0.038451,-0.010947,0.018548,0.024079,-0.023117,0.045939
13473,97723.147879784,1.088524,1.964220,0.708191,0.039342,-0.010648,0.017136,0.024361,-0.022974,0.045562
13474,97723.152823631,1.088328,1.964265,0.708278,0.040434,-0.010448,0.015594,0.024642,-0.022831,0.045185
13475,97723.157736962,1.088129,1.964308,0.708357,0.041614,-0.010331,0.013966,0.024922,-0.022689,0.044810
13476,97723.162680809,1.087922,1.964351,0.708429,0.042659,-0.010223,0.012439,0.025204,-0.022546,0.044433
13477,97723.167624657,1.087710,1.964393,0.708493,0.043665,-0.009937,0.011119,0.025485,-0.022403,0.044056
13478,97723.172568504,1.087493,1.964434,0.708551,0.044296,-0.009234,0.010263,0.025767,-0.022260,0.043679
13479,97723.177481835,1.087274,1.964470,0.708604,0.044468,-0.008439,0.009722,0.026047,-0.022118,0.043305
13480,97723.182425682,1.087054,1.964503,0.708655,0.044344,-0.007363,0.009419,0.026328,-0.021975,0.042928
13481,97723.187369530,1.086834,1.964530,0.708704,0.043874,-0.005975,0.009182,0.026610,-0.021832,0.042551
13482,97723.192313378,1.086616,1.964551,0.708752,0.043135,-0.004373,0.008918,0.026891,-0.021689,0.042174
13483,97723.197257225,1.086403,1.964563,0.708799,0.042414,-0.002695,0.008748,0.026694,-0.021524,0.041879
13484,97723.202201073,1.086194,1.964568,0.708846,0.041711,-0.001050,0.008432,0.026497,-0.021358,0.041585
13485,97723.207144920,1.085988,1.964565,0.708890,0.041038,0.000445,0.008000,0.026300,-0.021193,0.041290
13486,97723.212088768,1.085786,1.964554,0.708933,0.040337,0.001744,0.007460,0.026103,-0.021028,0.040996
13487,97723.217032616,1.085588,1.964537,0.708973,0.039558,0.002803,0.007001,0.025906,-0.020862,0.040702
13488,97723.221945946,1.085395,1.964515,0.709010,0.038731,0.003622,0.006411,0.025710,-0.020698,0.040409
13489,97723.226889794,1.085205,1.964490,0.709045,0.037754,0.004170,0.005824,0.025512,-0.020533,0.040115
13490,97723.231803124,1.085021,1.964461,0.709077,0.036625,0.004557,0.005379,0.025316,-0.020368,0.039822
13491,97723.236746971,1.084841,1.964431,0.709106,0.035219,0.004834,0.005139,0.025119,-0.020203,0.039528
13492,97723.241660301,1.084670,1.964400,0.709134,0.033651,0.004964,0.004909,0.024923,-0.020039,0.039235
13493,97723.246604149,1.084505,1.964369,0.709162,0.032026,0.004997,0.005055,0.024726,-0.019873,0.038941
13494,97723.251547997,1.084348,1.964338,0.709189,0.030263,0.005079,0.005353,0.024529,-0.019708,0.038646
13495,97723.256491844,1.084200,1.964306,0.709218,0.028725,0.005073,0.005769,0.024332,-0.019543,0.038352
13496,97723.261405174,1.084061,1.964276,0.709249,0.027385,0.005062,0.006275,0.024136,-0.019378,0.038059
13497,97723.266349022,1.083927,1.964245,0.709282,0.026285,0.005030,0.006650,0.023938,-0.019213,0.037765
13498,97723.271292870,1.083799,1.964215,0.709317,0.025644,0.004993,0.006927,0.023741,-0.019048,0.037470
13499,97723.276236717,1.083674,1.964185,0.709354,0.025119,0.004831,0.007110,0.023544,-0.018882,0.037176
13500,97723.281150047,1.083552,1.964156,0.709391,0.024893,0.004489,0.007147,0.023430,-0.018729,0.036839
13501,97723.286124413,1.083430,1.964129,0.709429,0.024975,0.003878,0.007248,0.023315,-0.018575,0.036498
13502,97723.291068260,1.083308,1.964105,0.709467,0.025194,0.003333,0.007406,0.023201,-0.018421,0.036159
13503,97723.296012108,1.083185,1.964084,0.709505,0.025681,0.002835,0.007585,0.023087,-0.018267,0.035820
13504,97723.300955956,1.083059,1.964065,0.709545,0.026450,0.002185,0.007755,0.022973,-0.018113,0.035482
13505,97723.305899803,1.082929,1.964049,0.709585,0.027260,0.001680,0.007908,0.022858,-0.017959,0.035143
13506,97723.310843651,1.082796,1.964035,0.709626,0.028155,0.001453,0.008049,0.022744,-0.017805,0.034804
13507,97723.315787499,1.082658,1.964022,0.709668,0.028941,0.001177,0.008105,0.022630,-0.017651,0.034465
13508,97723.320670311,1.082517,1.964011,0.709710,0.029621,0.001096,0.008152,0.022517,-0.017499,0.034130
13509,97723.325644676,1.082371,1.963999,0.709753,0.030279,0.001147,0.008103,0.022402,-0.017344,0.033789
13510,97723.330558006,1.082223,1.963988,0.709795,0.030962,0.001334,0.007893,0.022288,-0.017191,0.033453
13511,97723.335532372,1.082070,1.963975,0.709837,0.031511,0.001662,0.007623,0.022173,-0.017036,0.033112
13512,97723.340445702,1.081916,1.963960,0.709877,0.031991,0.001821,0.007335,0.022059,-0.016883,0.032775
13513,97723.345359032,1.081760,1.963945,0.709915,0.032305,0.001947,0.007051,0.021946,-0.016730,0.032438
13514,97723.350302879,1.081602,1.963929,0.709953,0.032523,0.001831,0.006863,0.021831,-0.016576,0.032099
13515,97723.355246727,1.081442,1.963913,0.709989,0.032724,0.001621,0.006627,0.021717,-0.016422,0.031760
13516,97723.360190575,1.081281,1.963898,0.710024,0.032801,0.001280,0.006428,0.021603,-0.016268,0.031421
13517,97723.365134422,1.081120,1.963885,0.710059,0.032657,0.000933,0.006210,0.021489,-0.016114,0.031083
13518,97723.370047753,1.080960,1.963874,0.710092,0.032357,0.000352,0.005996,0.021375,-0.015961,0.030746
13519,97723.374991600,1.080801,1.963866,0.710124,0.032045,-0.000431,0.005914,0.021261,-0.015807,0.030407
13520,97723.379935448,1.080643,1.963861,0.710155,0.031621,-0.001358,0.005800,0.021146,-0.015653,0.030068
13521,97723.384879295,1.080487,1.963862,0.710186,0.030991,-0.002369,0.005660,0.021032,-0.015499,0.029729
13522,97723.389792626,1.080335,1.963867,0.710216,0.030324,-0.003524,0.005393,0.020918,-0.015346,0.029392
13523,97723.394736473,1.080185,1.963878,0.710245,0.029740,-0.004780,0.004940,0.020804,-0.015192,0.029054
13524,97723.399680321,1.080037,1.963896,0.710271,0.029183,-0.006276,0.004408,0.020690,-0.015039,0.028715
13525,97723.404624169,1.079892,1.963921,0.710295,0.028743,-0.007734,0.003857,0.020575,-0.014885,0.028376
13526,97723.409568016,1.079749,1.963953,0.710315,0.028234,-0.009242,0.003270,0.020461,-0.014731,0.028037
13527,97723.414481346,1.079608,1.963992,0.710333,0.027786,-0.010719,0.002744,0.020347,-0.014578,0.027700
13528,97723.419425194,1.079469,1.964039,0.710348,0.027315,-0.012074,0.002369,0.020233,-0.014424,0.027361
13529,97723.424369042,1.079332,1.964093,0.710361,0.027001,-0.013454,0.002112,0.020119,-0.014270,0.027022
13530,97723.429282372,1.079196,1.964154,0.710373,0.026668,-0.014633,0.001879,0.020005,-0.014117,0.026686
13531,97723.434226219,1.079061,1.964220,0.710383,0.026393,-0.015629,0.001631,0.019891,-0.013963,0.026347
13532,97723.439170067,1.078928,1.964292,0.710392,0.026147,-0.016364,0.001660,0.019777,-0.013809,0.026008
13533,97723.444113915,1.078795,1.964367,0.710401,0.025815,-0.017038,0.001755,0.019662,-0.013655,0.025669
13534,97723.449057762,1.078664,1.964446,0.710411,0.025656,-0.017539,0.002007,0.019548,-0.013501,0.025330
13535,97723.454001610,1.078534,1.964527,0.710422,0.025566,-0.018258,0.002218,0.019434,-0.013347,0.024991
13536,97723.458945458,1.078404,1.964612,0.710433,0.025613,-0.018948,0.002255,0.019319,-0.013193,0.024652
13537,97723.463889305,1.078273,1.964700,0.710445,0.025839,-0.019673,0.002434,0.019205,-0.013039,0.024314
13538,97723.468833153,1.078142,1.964792,0.710458,0.026028,-0.020537,0.002413,0.019091,-0.012885,0.023975
13539,97723.473746483,1.078010,1.964887,0.710471,0.026170,-0.021528,0.002241,0.018977,-0.012732,0.023638
13540,97723.478690331,1.077876,1.964988,0.710482,0.026304,-0.022648,0.002096,0.018863,-0.012578,0.023299
13541,97723.483634178,1.077741,1.965094,0.710493,0.026510,-0.024056,0.001864,0.018748,-0.012424,0.022960
13542,97723.488578026,1.077605,1.965207,0.710503,0.026672,-0.025344,0.001788,0.018634,-0.012270,0.022621
13543,97723.493491356,1.077469,1.965326,0.710512,0.026682,-0.026467,0.001479,0.018521,-0.012117,0.022285
13544,97723.498435204,1.077332,1.965451,0.710520,0.026487,-0.027724,0.001330,0.018406,-0.011963,0.021946
13545,97723.503379051,1.077195,1.965582,0.710527,0.026435,-0.028880,0.001378,0.018292,-0.011809,0.021607
13546,97723.508322899,1.077058,1.965719,0.710534,0.026445,-0.029984,0.001481,0.018178,-0.011655,0.021268
13547,97723.513236229,1.076922,1.965861,0.710541,0.026449,-0.030943,0.001566,0.018064,-0.011502,0.020931
13548,97723.518210594,1.076784,1.966009,0.710549,0.026424,-0.031660,0.001636,0.017949,-0.011348,0.020590
13549,97723.523123924,1.076647,1.966159,0.710557,0.026411,-0.032279,0.001720,0.017835,-0.011195,0.020254
13550,97723.528067772,1.076510,1.966313,0.710566,0.026496,-0.032657,0.001649,0.017712,-0.011105,0.020067
13551,97723.533011620,1.076372,1.966468,0.710574,0.026611,-0.032807,0.001696,0.017589,-0.011016,0.019880
13552,97723.537955467,1.076234,1.966625,0.710583,0.026661,-0.032760,0.001766,0.017466,-0.010926,0.019693
13553,97723.542899315,1.076095,1.966781,0.710591,0.026670,-0.032560,0.001706,0.017343,-0.010837,0.019507
13554,97723.547843163,1.075956,1.966936,0.710600,0.026849,-0.032367,0.001572,0.017220,-0.010748,0.019320
13555,97723.552756493,1.075818,1.967089,0.710608,0.026915,-0.032165,0.001513,0.017097,-0.010659,0.019134
13556,97723.557700340,1.075678,1.967242,0.710615,0.026931,-0.031992,0.001529,0.016974,-0.010569,0.018948
13557,97723.562644188,1.075538,1.967395,0.710623,0.026913,-0.031733,0.001697,0.016851,-0.010480,0.018761
13558,97723.567588036,1.075398,1.967546,0.710631,0.026933,-0.031487,0.001786,0.016728,-0.010391,0.018574
13559,97723.572531883,1.075259,1.967695,0.710640,0.027025,-0.031285,0.001771,0.016605,-0.010301,0.018387
13560,97723.577475731,1.075119,1.967844,0.710649,0.026889,-0.031163,0.001641,0.016482,-0.010212,0.018201
13561,97723.582389061,1.074980,1.967991,0.710657,0.026722,-0.030946,0.001392,0.016359,-0.010123,0.018015
13562,97723.587332909,1.074841,1.968138,0.710664,0.026613,-0.030893,0.001279,0.016236,-0.010033,0.017828
13563,97723.592276756,1.074703,1.968285,0.710671,0.026542,-0.031097,0.001222,0.016113,-0.009944,0.017642
13564,97723.597220604,1.074566,1.968433,0.710677,0.026568,-0.031242,0.001072,0.015990,-0.009855,0.017455
13565,97723.602133934,1.074429,1.968581,0.710682,0.026472,-0.031413,0.000935,0.015868,-0.009766,0.017269
13566,97723.607077782,1.074291,1.968730,0.710687,0.026515,-0.031736,0.000802,0.015745,-0.009676,0.017083
13567,97723.612021629,1.074153,1.968881,0.710691,0.026515,-0.032101,0.000637,0.015621,-0.009587,0.016896
13568,97723.616965477,1.074015,1.969034,0.710694,0.026557,-0.032368,0.000698,0.015498,-0.009498,0.016709
13569,97723.621909325,1.073877,1.969188,0.710698,0.026656,-0.032610,0.000706,0.015375,-0.009408,0.016523
13570,97723.626853172,1.073739,1.969344,0.710701,0.026851,-0.032863,0.000756,0.015252,-0.009319,0.016336
13571,97723.631797020,1.073599,1.969500,0.710705,0.026975,-0.032895,0.000880,0.015129,-0.009229,0.016149
13572,97723.636735371,1.073459,1.969657,0.710709,0.026967,-0.032837,0.000939,0.015006,-0.009140,0.015963
13573,97723.641679219,1.073319,1.969813,0.710714,0.026986,-0.032751,0.000898,0.014883,-0.009051,0.015776
13574,97723.646623066,1.073178,1.969969,0.710718,0.027034,-0.032787,0.000878,0.014760,-0.008961,0.015589
13575,97723.651566914,1.073038,1.970125,0.710723,0.027035,-0.032810,0.000908,0.014637,-0.008872,0.015402
13576,97723.656510762,1.072897,1.970282,0.710727,0.027119,-0.032860,0.000760,0.014513,-0.008782,0.015216
13577,97723.661454609,1.072756,1.970438,0.710731,0.027116,-0.032873,0.000716,0.014390,-0.008693,0.015029
13578,97723.666367940,1.072616,1.970594,0.710735,0.027083,-0.032820,0.000743,0.014268,-0.008604,0.014843
13579,97723.671311787,1.072475,1.970750,0.710739,0.027122,-0.032739,0.000732,0.014145,-0.008515,0.014657
13580,97723.676255635,1.072334,1.970906,0.710742,0.026980,-0.032665,0.000668,0.014022,-0.008425,0.014470
13581,97723.681168965,1.072195,1.971060,0.710746,0.026873,-0.032578,0.000695,0.013899,-0.008337,0.014284
13582,97723.686112813,1.072055,1.971215,0.710749,0.026755,-0.032365,0.000880,0.013776,-0.008247,0.014098
13583,97723.691056660,1.071916,1.971370,0.710753,0.026507,-0.032248,0.000903,0.013653,-0.008158,0.013911
13584,97723.696000508,1.071778,1.971523,0.710758,0.026291,-0.032131,0.001081,0.013530,-0.008068,0.013724
13585,97723.700944356,1.071641,1.971676,0.710763,0.026252,-0.032074,0.001225,0.013407,-0.007979,0.013537
13586,97723.705857686,1.071505,1.971828,0.710769,0.026077,-0.032027,0.001277,0.013285,-0.007890,0.013352
13587,97723.710801533,1.071370,1.971981,0.710776,0.025818,-0.032191,0.001342,0.013161,-0.007801,0.013165
13588,97723.715745381,1.071235,1.972134,0.710782,0.025558,-0.032315,0.001609,0.013038,-0.007711,0.012978
13589,97723.720689229,1.071102,1.972288,0.710790,0.025427,-0.032432,0.001902,0.012915,-0.007622,0.012792
13590,97723.725633076,1.070970,1.972443,0.710800,0.025303,-0.032443,0.002010,0.012792,-0.007533,0.012605
13591,97723.730576924,1.070838,1.972598,0.710809,0.025315,-0.032541,0.002063,0.012669,-0.007443,0.012418
13592,97723.735520772,1.070706,1.972753,0.710820,0.025471,-0.032702,0.002117,0.012546,-0.007354,0.012232
13593,97723.740434102,1.070574,1.972908,0.710830,0.025486,-0.032624,0.002131,0.012423,-0.007265,0.012046
13594,97723.745377949,1.070441,1.973064,0.710840,0.025595,-0.032408,0.002174,0.012300,-0.007175,0.011859
13595,97723.750321797,1.070308,1.973219,0.710851,0.025731,-0.032175,0.002177,0.012177,-0.007086,0.011673
13596,97723.755265645,1.070174,1.973372,0.710862,0.025774,-0.031764,0.002115,0.012054,-0.006997,0.011486
13597,97723.760178975,1.070041,1.973523,0.710872,0.025856,-0.031226,0.002110,0.011932,-0.006908,0.011300
13598,97723.765122822,1.069907,1.973672,0.710883,0.026037,-0.030485,0.002290,0.011809,-0.006818,0.011114
13599,97723.770066670,1.069771,1.973817,0.710894,0.025916,-0.029648,0.002460,0.011685,-0.006729,0.010927
13600,97723.775010518,1.069637,1.973958,0.710906,0.025938,-0.028575,0.002699,0.011533,-0.006687,0.010820
13601,97723.779954365,1.069503,1.974093,0.710920,0.025867,-0.027472,0.002884,0.011381,-0.006645,0.010713
13602,97723.784928731,1.069369,1.974224,0.710935,0.025764,-0.026445,0.002943,0.011228,-0.006603,0.010605
13603,97723.789842061,1.069237,1.974349,0.710949,0.025738,-0.025206,0.002905,0.011077,-0.006561,0.010498
13604,97723.794755391,1.069105,1.974467,0.710964,0.025743,-0.024335,0.002850,0.010926,-0.006520,0.010392
13605,97723.799699238,1.068973,1.974582,0.710979,0.025697,-0.023676,0.002840,0.010774,-0.006478,0.010285
13606,97723.804643086,1.068841,1.974694,0.710993,0.025776,-0.023091,0.002678,0.010622,-0.006436,0.010178
13607,97723.809586934,1.068709,1.974802,0.711007,0.026047,-0.022450,0.002453,0.010470,-0.006394,0.010071
13608,97723.814500264,1.068577,1.974907,0.711020,0.026418,-0.021933,0.002469,0.010319,-0.006352,0.009964
13609,97723.819474629,1.068441,1.975010,0.711033,0.026853,-0.021594,0.002488,0.010166,-0.006310,0.009857
13610,97723.824418477,1.068304,1.975111,0.711046,0.027193,-0.021127,0.002366,0.010014,-0.006268,0.009749
13611,97723.829362324,1.068165,1.975210,0.711058,0.027448,-0.020577,0.002028,0.009862,-0.006226,0.009642
13612,97723.834306172,1.068025,1.975306,0.711069,0.027482,-0.020309,0.001563,0.009710,-0.006184,0.009535
13613,97723.839250020,1.067885,1.975400,0.711077,0.027421,-0.020105,0.001033,0.009558,-0.006142,0.009428
13614,97723.844193867,1.067745,1.975494,0.711083,0.027179,-0.020024,0.000530,0.009406,-0.006100,0.009321
13615,97723.849107197,1.067608,1.975586,0.711087,0.026868,-0.020194,-0.000161,0.009254,-0.006059,0.009215
13616,97723.854051045,1.067470,1.975680,0.711087,0.026407,-0.020392,-0.000778,0.009102,-0.006017,0.009108
13617,97723.858994893,1.067336,1.975775,0.711084,0.025676,-0.020563,-0.001297,0.008950,-0.005975,0.009000
13618,97723.863938740,1.067204,1.975871,0.711078,0.024965,-0.020686,-0.001586,0.008798,-0.005933,0.008893
13619,97723.868852070,1.067077,1.975967,0.711071,0.024264,-0.020864,-0.001823,0.008647,-0.005891,0.008787
13620,97723.873795918,1.066953,1.976065,0.711062,0.023613,-0.021058,-0.001621,0.008495,-0.005849,0.008680
13621,97723.878739766,1.066831,1.976163,0.711055,0.023000,-0.021354,-0.001069,0.008343,-0.005807,0.008573
13622,97723.883683613,1.066713,1.976264,0.711050,0.022483,-0.021361,-0.000417,0.008267,-0.005847,0.008442
13623,97723.888627461,1.066597,1.976364,0.711048,0.022128,-0.021141,0.000396,0.008192,-0.005886,0.008310
13624,97723.893540791,1.066484,1.976463,0.711051,0.022143,-0.020978,0.001155,0.008116,-0.005926,0.008180
13625,97723.898484639,1.066370,1.976562,0.711057,0.022165,-0.020679,0.001747,0.008041,-0.005965,0.008049
13626,97723.903428486,1.066256,1.976660,0.711066,0.022349,-0.020394,0.001970,0.007965,-0.006004,0.007918
13627,97723.908372334,1.066142,1.976756,0.711076,0.022706,-0.019839,0.002068,0.007889,-0.006044,0.007786
13628,97723.913316182,1.066025,1.976849,0.711087,0.023135,-0.019432,0.002027,0.007813,-0.006083,0.007655
13629,97723.918229512,1.065908,1.976939,0.711097,0.023589,-0.019141,0.001862,0.007738,-0.006123,0.007525
13630,97723.923173359,1.065787,1.977029,0.711107,0.024037,-0.018941,0.001613,0.007662,-0.006162,0.007394
13631,97723.928086690,1.065665,1.977117,0.711115,0.024390,-0.018981,0.001564,0.007587,-0.006201,0.007263
13632,97723.933030537,1.065541,1.977205,0.711124,0.024573,-0.018864,0.001526,0.007511,-0.006241,0.007132
13633,97723.937974385,1.065416,1.977293,0.711132,0.024830,-0.018768,0.001441,0.007436,-0.006280,0.007001
13634,97723.947831563,1.065163,1.977468,0.711148,0.025094,-0.018678,0.001589,0.007285,-0.006359,0.006739
13635,97723.952775410,1.065035,1.977555,0.711156,0.024873,-0.018455,0.002019,0.007209,-0.006398,0.006608
13636,97723.957719258,1.064909,1.977640,0.711167,0.024562,-0.018252,0.002626,0.007133,-0.006438,0.006477
13637,97723.962663106,1.064784,1.977725,0.711181,0.024249,-0.017972,0.003121,0.007057,-0.006477,0.006346
13638,97723.967606953,1.064660,1.977809,0.711197,0.023883,-0.017840,0.003540,0.006982,-0.006517,0.006215
13639,97723.972550801,1.064539,1.977892,0.711215,0.023530,-0.017864,0.003688,0.006906,-0.006556,0.006083
13640,97723.977464131,1.064419,1.977975,0.711234,0.023213,-0.017901,0.003797,0.006831,-0.006595,0.005953
13641,97723.982407979,1.064301,1.978059,0.711253,0.023149,-0.018144,0.003613,0.006755,-0.006635,0.005822
13642,97723.987351826,1.064183,1.978144,0.711272,0.023154,-0.018613,0.003492,0.006679,-0.006674,0.005691
13643,97723.992295674,1.064065,1.978231,0.711290,0.023383,-0.019340,0.003283,0.006603,-0.006714,0.005559
13644,97723.997209004,1.063946,1.978321,0.711306,0.023815,-0.020142,0.003086,0.006528,-0.006753,0.005429
13645,97724.002152852,1.063825,1.978415,0.711322,0.024562,-0.021192,0.002898,0.006452,-0.006792,0.005298
13646,97724.007096699,1.063699,1.978515,0.711337,0.025571,-0.022336,0.002733,0.006377,-0.006832,0.005167
13647,97724.012040547,1.063568,1.978620,0.711351,0.026655,-0.023528,0.002498,0.006301,-0.006871,0.005035
13648,97724.016984395,1.063431,1.978730,0.711364,0.027749,-0.024829,0.002321,0.006225,-0.006911,0.004904
13649,97724.021928242,1.063289,1.978847,0.711376,0.028970,-0.026069,0.002297,0.006150,-0.006950,0.004773
13650,97724.026872090,1.063141,1.978970,0.711388,0.029974,-0.027286,0.002277,0.006074,-0.006990,0.004642
13651,97724.031785420,1.062988,1.979097,0.711400,0.030764,-0.028712,0.002240,0.005999,-0.007029,0.004511
13652,97724.036729268,1.062830,1.979233,0.711412,0.031166,-0.030088,0.002254,0.005923,-0.007068,0.004380
13653,97724.041673115,1.062669,1.979375,0.711423,0.031342,-0.031463,0.002364,0.005847,-0.007108,0.004249
13654,97724.046616963,1.062508,1.979523,0.711435,0.031278,-0.033019,0.002469,0.005771,-0.007147,0.004118
13655,97724.051560811,1.062346,1.979680,0.711448,0.030954,-0.034560,0.002511,0.005696,-0.007187,0.003987
13656,97724.056474141,1.062187,1.979843,0.711460,0.030439,-0.036012,0.002516,0.005620,-0.007226,0.003856
13657,97724.061417988,1.062029,1.980014,0.711473,0.029673,-0.037455,0.002477,0.005545,-0.007265,0.003725
13658,97724.066361836,1.061875,1.980193,0.711485,0.028909,-0.038933,0.002252,0.005469,-0.007305,0.003594
13659,97724.071305684,1.061724,1.980379,0.711496,0.028107,-0.040353,0.002059,0.005393,-0.007344,0.003463
13660,97724.076249531,1.061576,1.980573,0.711506,0.027236,-0.041850,0.001870,0.005317,-0.007384,0.003332
13661,97724.081193379,1.061433,1.980774,0.711515,0.026321,-0.043179,0.001504,0.005242,-0.007423,0.003200
13662,97724.086106709,1.061294,1.980980,0.711522,0.025580,-0.044462,0.001229,0.005166,-0.007462,0.003070
13663,97724.091050557,1.061158,1.981194,0.711527,0.025041,-0.045623,0.000941,0.005091,-0.007502,0.002939
13664,97724.096024922,1.061024,1.981415,0.711531,0.024622,-0.046579,0.000680,0.005015,-0.007542,0.002807
13665,97724.100938252,1.060893,1.981639,0.711533,0.024420,-0.047502,0.000483,0.004939,-0.007581,0.002676
13666,97724.105851582,1.060763,1.981867,0.711534,0.024333,-0.048412,0.000355,0.004864,-0.007620,0.002546
13667,97724.110795430,1.060633,1.982101,0.711535,0.024255,-0.049244,0.000212,0.004788,-0.007659,0.002415
13668,97724.115739277,1.060502,1.982339,0.711535,0.024378,-0.050124,-0.000132,0.004713,-0.007699,0.002284
13669,97724.120683125,1.060371,1.982581,0.711533,0.024606,-0.051145,-0.000470,0.004637,-0.007738,0.002152
13670,97724.125626973,1.060238,1.982828,0.711530,0.024947,-0.052265,-0.000852,0.004561,-0.007778,0.002021
13671,97724.130570820,1.060103,1.983081,0.711524,0.025332,-0.053468,-0.001207,0.004485,-0.007817,0.001890
13672,97724.135514668,1.059967,1.983339,0.711517,0.025746,-0.054632,-0.001597,0.004410,-0.007857,0.001759
13673,97724.140427998,1.059828,1.983602,0.711508,0.026164,-0.055787,-0.002156,0.004334,-0.007896,0.001628
13674,97724.145371846,1.059687,1.983871,0.711496,0.026503,-0.056942,-0.002684,0.004259,-0.007935,0.001497
13675,97724.150315693,1.059543,1.984147,0.711481,0.026862,-0.058152,-0.002877,0.004183,-0.007975,0.001366
13676,97724.155229024,1.059399,1.984426,0.711465,0.027248,-0.059332,-0.002801,0.004108,-0.008014,0.001236
13677,97724.160172871,1.059251,1.984713,0.711450,0.027424,-0.060257,-0.002478,0.004032,-0.008053,0.001104
13678,97724.165116719,1.059102,1.985005,0.711436,0.027422,-0.060969,-0.002009,0.003956,-0.008093,0.000973
13679,97724.170060566,1.058954,1.985300,0.711425,0.027513,-0.061690,-0.001523,0.003880,-0.008132,0.000842
13680,97724.175034932,1.058803,1.985600,0.711415,0.027582,-0.062149,-0.001113,0.003804,-0.008172,0.000710
13681,97724.179978779,1.058654,1.985901,0.711408,0.027508,-0.062411,-0.000880,0.003728,-0.008212,0.000579
13682,97724.184892109,1.058505,1.986201,0.711402,0.027606,-0.062778,-0.001002,0.003653,-0.008251,0.000449
13683,97724.189805440,1.058356,1.986504,0.711396,0.027783,-0.063151,-0.001326,0.003578,-0.008290,0.000318
13684,97724.194749287,1.058205,1.986809,0.711387,0.027841,-0.063375,-0.001968,0.003502,-0.008329,0.000187
13685,97724.199693135,1.058053,1.987116,0.711376,0.027937,-0.063561,-0.002725,0.003426,-0.008369,0.000056
13686,97724.204636983,1.057901,1.987424,0.711361,0.028128,-0.063836,-0.003503,0.003351,-0.008408,-0.000075
13687,97724.209550313,1.057749,1.987731,0.711342,0.028391,-0.064095,-0.004232,0.003275,-0.008448,-0.000206
13688,97724.214494160,1.057595,1.988041,0.711319,0.028509,-0.064333,-0.005005,0.003200,-0.008487,-0.000337
13689,97724.219438008,1.057440,1.988352,0.711293,0.028466,-0.064533,-0.005626,0.003124,-0.008526,-0.000468
13690,97724.224381856,1.057285,1.988664,0.711263,0.028326,-0.064748,-0.006057,0.003048,-0.008566,-0.000599
13691,97724.229325703,1.057130,1.988978,0.711231,0.028133,-0.064972,-0.006346,0.002973,-0.008605,-0.000731
13692,97724.234269551,1.056977,1.989292,0.711198,0.027740,-0.065288,-0.006450,0.002897,-0.008645,-0.000862
13693,97724.239182881,1.056826,1.989606,0.711165,0.027233,-0.065807,-0.006580,0.002822,-0.008684,-0.000992
13694,97724.244126729,1.056677,1.989925,0.711130,0.026805,-0.066670,-0.006660,0.002746,-0.008723,-0.001123
13695,97724.249070576,1.056530,1.990248,0.711095,0.026394,-0.067793,-0.006702,0.002670,-0.008763,-0.001255
13696,97724.254014424,1.056384,1.990577,0.711060,0.026050,-0.069196,-0.006853,0.002594,-0.008802,-0.001386
13697,97724.258927754,1.056241,1.990910,0.711024,0.025787,-0.070994,-0.007082,0.002519,-0.008842,-0.001516
13698,97724.263871602,1.056097,1.991255,0.710987,0.025532,-0.072978,-0.007235,0.002443,-0.008881,-0.001647
13699,97724.268815449,1.055955,1.991609,0.710949,0.025406,-0.075117,-0.007242,0.002368,-0.008921,-0.001779
13700,97724.273759297,1.055813,1.991974,0.710910,0.025362,-0.077435,-0.007030,0.002292,-0.008960,-0.001910
13701,97724.278703145,1.055670,1.992351,0.710873,0.025434,-0.079658,-0.006760,0.002216,-0.008999,-0.002041
13702,97724.283646992,1.055527,1.992738,0.710836,0.025511,-0.081704,-0.006508,0.002140,-0.009039,-0.002172
13703,97724.288560322,1.055383,1.993133,0.710801,0.025593,-0.083432,-0.006269,0.002065,-0.009078,-0.002302
13704,97724.293504170,1.055238,1.993539,0.710767,0.025711,-0.084941,-0.006118,0.001989,-0.009118,-0.002434
13705,97724.298478535,1.055092,1.993956,0.710734,0.026059,-0.086388,-0.005999,0.001913,-0.009157,-0.002566
13706,97724.303391865,1.054945,1.994374,0.710701,0.026464,-0.087533,-0.005976,0.001838,-0.009196,-0.002696
13707,97724.308335713,1.054794,1.994800,0.710668,0.027174,-0.088711,-0.005954,0.001762,-0.009236,-0.002827
13708,97724.313279561,1.054641,1.995232,0.710636,0.027967,-0.089712,-0.005947,0.001686,-0.009275,-0.002958
13709,97724.318192891,1.054483,1.995666,0.710603,0.028896,-0.090700,-0.005936,0.001611,-0.009315,-0.003089
13710,97724.323136738,1.054321,1.996107,0.710570,0.029847,-0.091551,-0.005835,0.001535,-0.009354,-0.003220
13711,97724.328080586,1.054153,1.996552,0.710538,0.030697,-0.092381,-0.005798,0.001460,-0.009394,-0.003351
13712,97724.333024434,1.053981,1.997001,0.710506,0.031664,-0.093235,-0.005844,0.001384,-0.009433,-0.003482
13713,97724.337968281,1.053804,1.997455,0.710474,0.032616,-0.094184,-0.005734,0.001308,-0.009472,-0.003614
13714,97724.342912129,1.053622,1.997912,0.710443,0.033398,-0.095171,-0.005468,0.001233,-0.009512,-0.003745
13715,97724.347825459,1.053437,1.998372,0.710413,0.034110,-0.096116,-0.005099,0.001157,-0.009551,-0.003875
13716,97724.352769307,1.053247,1.998839,0.710384,0.034570,-0.096981,-0.004737,0.001082,-0.009591,-0.004006
13717,97724.357713154,1.053055,1.999310,0.710358,0.034935,-0.097468,-0.004446,0.001006,-0.009630,-0.004138
13718,97724.362657002,1.052861,1.999784,0.710332,0.035222,-0.097790,-0.004241,0.000930,-0.009669,-0.004269
13719,97724.367570332,1.052667,2.000256,0.710308,0.035142,-0.097935,-0.004149,0.000855,-0.009709,-0.004399
13720,97724.372514180,1.052472,2.000732,0.710285,0.035065,-0.097825,-0.004306,0.000779,-0.009748,-0.004530
13721,97724.377458027,1.052277,2.001207,0.710260,0.034837,-0.097720,-0.004624,0.000703,-0.009788,-0.004662
13722,97724.382401875,1.052083,2.001682,0.710234,0.034460,-0.097570,-0.005074,0.000628,-0.009827,-0.004793
13723,97724.387345723,1.051892,2.002156,0.710206,0.034063,-0.097424,-0.005682,0.000552,-0.009866,-0.004924
13724,97724.392259053,1.051703,2.002626,0.710174,0.033831,-0.097211,-0.006100,0.000477,-0.009906,-0.005054
13725,97724.397202900,1.051514,2.003099,0.710141,0.033596,-0.097009,-0.006466,0.000401,-0.009945,-0.005185
13726,97724.402146748,1.051327,2.003570,0.710106,0.033291,-0.096658,-0.006815,0.000325,-0.009985,-0.005317
13727,97724.407090596,1.051141,2.004040,0.710069,0.032991,-0.096292,-0.007143,0.000249,-0.010024,-0.005448
13728,97724.412034443,1.050957,2.004508,0.710030,0.032670,-0.095717,-0.007389,0.000174,-0.010064,-0.005579
13729,97724.416978291,1.050774,2.004973,0.709990,0.032441,-0.095306,-0.007748,0.000098,-0.010103,-0.005710
13730,97724.421922139,1.050592,2.005436,0.709949,0.032318,-0.094937,-0.008077,0.000022,-0.010142,-0.005841
13731,97724.426896504,1.050410,2.005900,0.709905,0.032127,-0.094609,-0.008313,-0.000054,-0.010182,-0.005973
13732,97724.431840352,1.050231,2.006360,0.709861,0.032003,-0.094272,-0.008495,-0.000130,-0.010222,-0.006105
13733,97724.436753682,1.050053,2.006815,0.709816,0.032078,-0.093846,-0.008523,-0.000205,-0.010261,-0.006235
13734,97724.441697529,1.049873,2.007271,0.709771,0.032189,-0.093362,-0.008523,-0.000281,-0.010300,-0.006366
13735,97724.446641377,1.049693,2.007725,0.709725,0.032647,-0.092704,-0.008771,-0.000356,-0.010340,-0.006497
13736,97724.451585225,1.049511,2.008175,0.709679,0.033392,-0.091805,-0.009013,-0.000432,-0.010379,-0.006629
13737,97724.456498555,1.049327,2.008618,0.709631,0.034254,-0.090686,-0.009461,-0.000507,-0.010418,-0.006759
13738,97724.461442402,1.049137,2.009058,0.709582,0.035112,-0.089571,-0.010017,-0.000583,-0.010458,-0.006890
13739,97724.466386250,1.048944,2.009492,0.709530,0.035969,-0.088587,-0.010725,-0.000659,-0.010497,-0.007021
13740,97724.471330098,1.048746,2.009921,0.709474,0.036694,-0.087521,-0.011497,-0.000735,-0.010537,-0.007153
13741,97724.476273945,1.048545,2.010345,0.709415,0.037278,-0.086335,-0.012299,-0.000810,-0.010576,-0.007284
13742,97724.481187275,1.048343,2.010760,0.709352,0.037464,-0.085333,-0.012979,-0.000886,-0.010615,-0.007414
13743,97724.486131123,1.048138,2.011172,0.709285,0.037279,-0.084353,-0.013527,-0.000961,-0.010655,-0.007545
13744,97724.491074971,1.047935,2.011580,0.709216,0.036838,-0.083537,-0.013775,-0.001037,-0.010694,-0.007677
13745,97724.496018818,1.047734,2.011984,0.709146,0.036444,-0.082781,-0.013920,-0.001113,-0.010734,-0.007808
13746,97724.500962666,1.047535,2.012384,0.709075,0.036049,-0.082021,-0.014020,-0.001189,-0.010773,-0.007939
13747,97724.505875996,1.047339,2.012778,0.709004,0.035683,-0.081393,-0.013843,-0.001264,-0.010812,-0.008069
13748,97724.510819844,1.047144,2.013171,0.708933,0.035476,-0.080812,-0.013590,-0.001340,-0.010852,-0.008201
13749,97724.515763691,1.046950,2.013562,0.708864,0.035143,-0.080415,-0.013535,-0.001415,-0.010891,-0.008332
13750,97724.520707539,1.046758,2.013950,0.708795,0.034782,-0.080180,-0.013483,-0.001491,-0.010931,-0.008463
13751,97724.525651387,1.046568,2.014338,0.708726,0.034549,-0.080390,-0.013372,-0.001567,-0.010970,-0.008594
13752,97724.530595234,1.046379,2.014727,0.708657,0.034127,-0.080689,-0.013085,-0.001643,-0.011010,-0.008725
13753,97724.535508565,1.046193,2.015114,0.708591,0.033628,-0.081227,-0.012843,-0.001718,-0.011049,-0.008856
13754,97724.540452412,1.046009,2.015507,0.708525,0.032899,-0.082279,-0.012480,-0.001794,-0.011088,-0.008987
13755,97724.545396260,1.045827,2.015906,0.708461,0.032176,-0.083816,-0.012015,-0.001869,-0.011128,-0.009118
13756,97724.550340108,1.045649,2.016312,0.708399,0.031310,-0.085541,-0.011884,-0.001945,-0.011167,-0.009249
13757,97724.555283955,1.045475,2.016727,0.708337,0.030345,-0.087582,-0.011734,-0.002021,-0.011207,-0.009380
13758,97724.560197285,1.045307,2.017150,0.708277,0.029438,-0.089682,-0.011606,-0.002096,-0.011246,-0.009511
13759,97724.565141133,1.045141,2.017585,0.708216,0.028472,-0.091780,-0.011530,-0.002172,-0.011285,-0.009642
13760,97724.570084981,1.044980,2.018032,0.708156,0.027661,-0.093519,-0.011358,-0.002247,-0.011325,-0.009773
13761,97724.575028828,1.044822,2.018487,0.708096,0.026892,-0.095094,-0.011136,-0.002324,-0.011297,-0.009813
13762,97724.579972676,1.044668,2.018950,0.708037,0.026066,-0.096314,-0.010823,-0.002400,-0.011268,-0.009852
13763,97724.584886006,1.044518,2.019417,0.707980,0.025693,-0.097253,-0.010663,-0.002475,-0.011240,-0.009891
13764,97724.589829854,1.044369,2.019891,0.707924,0.025551,-0.097943,-0.010590,-0.002551,-0.011212,-0.009931
13765,97724.594773701,1.044221,2.020368,0.707867,0.025405,-0.098361,-0.010558,-0.002627,-0.011184,-0.009970
13766,97724.599717549,1.044073,2.020848,0.707811,0.025296,-0.098408,-0.010679,-0.002703,-0.011155,-0.010009
13767,97724.604630879,1.043927,2.021325,0.707755,0.025324,-0.098266,-0.010645,-0.002779,-0.011127,-0.010049
13768,97724.609574727,1.043780,2.021804,0.707698,0.025462,-0.097490,-0.010687,-0.002855,-0.011099,-0.010088
13769,97724.614518574,1.043632,2.022279,0.707641,0.025730,-0.096324,-0.010652,-0.002931,-0.011070,-0.010127
13770,97724.619462422,1.043484,2.022749,0.707585,0.026182,-0.094964,-0.010826,-0.003007,-0.011042,-0.010167
13771,97724.624406270,1.043333,2.023211,0.707528,0.026747,-0.093275,-0.011205,-0.003083,-0.011014,-0.010206
13772,97724.629350117,1.043180,2.023665,0.707469,0.027298,-0.091462,-0.011588,-0.003159,-0.010986,-0.010246
13773,97724.634263447,1.043025,2.024108,0.707408,0.027804,-0.089578,-0.011803,-0.003235,-0.010957,-0.010285
13774,97724.639207295,1.042868,2.024543,0.707347,0.028445,-0.087856,-0.012021,-0.003311,-0.010929,-0.010324
13775,97724.644120625,1.042708,2.024968,0.707285,0.028985,-0.086304,-0.012292,-0.003386,-0.010901,-0.010363
13776,97724.649064473,1.042545,2.025387,0.707221,0.029353,-0.084838,-0.012478,-0.003463,-0.010873,-0.010403
13777,97724.654008320,1.042381,2.025799,0.707156,0.029431,-0.083602,-0.012639,-0.003539,-0.010844,-0.010442
13778,97724.658921650,1.042218,2.026202,0.707091,0.029244,-0.082602,-0.012759,-0.003614,-0.010816,-0.010481
13779,97724.663865498,1.042054,2.026603,0.707025,0.028839,-0.082149,-0.012771,-0.003690,-0.010788,-0.010521
13780,97724.668809346,1.041893,2.027001,0.706960,0.028181,-0.081960,-0.012713,-0.003766,-0.010760,-0.010560
13781,97724.673753193,1.041735,2.027399,0.706894,0.027176,-0.082181,-0.012660,-0.003842,-0.010731,-0.010600
13782,97724.678697041,1.041582,2.027799,0.706828,0.026055,-0.082777,-0.012484,-0.003918,-0.010703,-0.010639
13783,97724.683610371,1.041436,2.028198,0.706764,0.024826,-0.083528,-0.012318,-0.003994,-0.010675,-0.010678
13784,97724.688554219,1.041294,2.028605,0.706700,0.023497,-0.084210,-0.012365,-0.004070,-0.010647,-0.010718
13785,97724.693498066,1.041159,2.029015,0.706636,0.022318,-0.084895,-0.012638,-0.004146,-0.010618,-0.010757
13786,97724.698441914,1.041029,2.029428,0.706570,0.021295,-0.085613,-0.013068,-0.004222,-0.010590,-0.010796
13787,97724.703385762,1.040905,2.029846,0.706502,0.020519,-0.086461,-0.013604,-0.004298,-0.010562,-0.010836
13788,97724.708329609,1.040783,2.030268,0.706431,0.019966,-0.087507,-0.013969,-0.004374,-0.010533,-0.010875
13789,97724.713273457,1.040665,2.030695,0.706358,0.019469,-0.088628,-0.014100,-0.004450,-0.010505,-0.010915
13790,97724.718217305,1.040548,2.031127,0.706284,0.018980,-0.089663,-0.013896,-0.004526,-0.010477,-0.010954
13791,97724.723130635,1.040435,2.031562,0.706212,0.018451,-0.090524,-0.013598,-0.004602,-0.010449,-0.010993
13792,97724.728074483,1.040323,2.032004,0.706141,0.017657,-0.091099,-0.013107,-0.004678,-0.010420,-0.011033
13793,97724.733018330,1.040215,2.032450,0.706072,0.016651,-0.091394,-0.012532,-0.004754,-0.010392,-0.011072
13794,97724.737962178,1.040112,2.032897,0.706006,0.015612,-0.091500,-0.012060,-0.004830,-0.010364,-0.011111
13795,97724.742875508,1.040015,2.033342,0.705942,0.014531,-0.091542,-0.011765,-0.004906,-0.010336,-0.011151
13796,97724.752763203,1.039830,2.034238,0.705817,0.012001,-0.091573,-0.011743,-0.005058,-0.010279,-0.011229
13797,97724.757707051,1.039750,2.034687,0.705755,0.010633,-0.091355,-0.012440,-0.005134,-0.010251,-0.011269
13798,97724.762620381,1.039677,2.035132,0.705689,0.009507,-0.091085,-0.013634,-0.005210,-0.010223,-0.011308
13799,97724.767564229,1.039609,2.035579,0.705617,0.008373,-0.090866,-0.014975,-0.005286,-0.010194,-0.011347
13800,97724.772508076,1.039547,2.036025,0.705538,0.007305,-0.090907,-0.016212,-0.005362,-0.010166,-0.011387
13801,97724.777451924,1.039490,2.036472,0.705453,0.006223,-0.090678,-0.017341,-0.005438,-0.010138,-0.011426
13802,97724.782395772,1.039439,2.036917,0.705362,0.004830,-0.090072,-0.018362,-0.005514,-0.010109,-0.011466
13803,97724.787339619,1.039394,2.037360,0.705266,0.003313,-0.089323,-0.018983,-0.005590,-0.010081,-0.011505
13804,97724.792252949,1.039357,2.037796,0.705168,0.001761,-0.088291,-0.019179,-0.005665,-0.010053,-0.011544
13805,97724.797196797,1.039328,2.038231,0.705068,0.000177,-0.086709,-0.019019,-0.005741,-0.010025,-0.011584
13806,97724.802140645,1.039307,2.038658,0.704969,-0.001296,-0.084828,-0.018378,-0.005818,-0.009996,-0.011623
13807,97724.807084492,1.039293,2.039076,0.704873,-0.002502,-0.082836,-0.017388,-0.005894,-0.009968,-0.011663
13808,97724.812028340,1.039286,2.039484,0.704782,-0.003334,-0.080722,-0.016319,-0.005970,-0.009940,-0.011702
13809,97724.816972188,1.039284,2.039883,0.704696,-0.003976,-0.078197,-0.015076,-0.006046,-0.009911,-0.011741
13810,97724.821885518,1.039286,2.040266,0.704617,-0.004481,-0.075670,-0.014139,-0.006121,-0.009883,-0.011780
13811,97724.826829365,1.039290,2.040640,0.704542,-0.004772,-0.073124,-0.013416,-0.006197,-0.009855,-0.011820
13812,97724.831773213,1.039297,2.041001,0.704471,-0.005168,-0.070867,-0.012967,-0.006273,-0.009827,-0.011859
13813,97724.836717061,1.039306,2.041352,0.704402,-0.005434,-0.068827,-0.013055,-0.006349,-0.009798,-0.011899
13814,97724.841660908,1.039317,2.041692,0.704333,-0.005792,-0.066790,-0.013539,-0.006426,-0.009770,-0.011938
13815,97724.846604756,1.039330,2.042022,0.704262,-0.006574,-0.065097,-0.014203,-0.006502,-0.009742,-0.011978
13816,97724.851518086,1.039347,2.042342,0.704188,-0.007451,-0.063671,-0.014940,-0.006577,-0.009714,-0.012017
13817,97724.856461934,1.039369,2.042657,0.704110,-0.008632,-0.062542,-0.015455,-0.006653,-0.009685,-0.012056
13818,97724.861405781,1.039397,2.042967,0.704029,-0.010020,-0.061392,-0.015724,-0.006729,-0.009657,-0.012096
13819,97724.866349629,1.039432,2.043272,0.703947,-0.011904,-0.060232,-0.015778,-0.006805,-0.009629,-0.012135
13820,97724.871293477,1.039477,2.043571,0.703864,-0.013982,-0.059032,-0.015852,-0.006881,-0.009600,-0.012174
13821,97724.876206807,1.039532,2.043862,0.703782,-0.016117,-0.057875,-0.016085,-0.006957,-0.009572,-0.012214
13822,97724.881150654,1.039597,2.044151,0.703698,-0.018195,-0.056547,-0.016369,-0.007033,-0.009544,-0.012253
13823,97724.886094502,1.039674,2.044433,0.703612,-0.020037,-0.055606,-0.016596,-0.007109,-0.009516,-0.012292
13824,97724.891038350,1.039760,2.044711,0.703525,-0.021656,-0.054738,-0.016858,-0.007185,-0.009487,-0.012332
13825,97724.895982197,1.039853,2.044985,0.703437,-0.022749,-0.054198,-0.016874,-0.007261,-0.009459,-0.012371
13826,97724.900895527,1.039952,2.045255,0.703349,-0.023403,-0.053914,-0.016745,-0.007337,-0.009431,-0.012410
13827,97724.905839375,1.040055,2.045525,0.703262,-0.023816,-0.053693,-0.016683,-0.007413,-0.009403,-0.012450
13828,97724.910783223,1.040160,2.045794,0.703174,-0.023881,-0.053430,-0.016755,-0.007489,-0.009374,-0.012489
13829,97724.915727070,1.040265,2.046062,0.703086,-0.023908,-0.052880,-0.016813,-0.007565,-0.009346,-0.012529
13830,97724.920670918,1.040370,2.046327,0.702998,-0.023769,-0.052404,-0.016517,-0.007641,-0.009318,-0.012568
13831,97724.925614766,1.040475,2.046590,0.702912,-0.023622,-0.051789,-0.015934,-0.007717,-0.009289,-0.012607
13832,97724.930558613,1.040579,2.046850,0.702828,-0.023477,-0.051171,-0.014966,-0.007793,-0.009261,-0.012647
13833,97724.935502461,1.040683,2.047107,0.702749,-0.023487,-0.050301,-0.013803,-0.007869,-0.009233,-0.012686
13834,97724.940415791,1.040786,2.047358,0.702677,-0.023456,-0.049055,-0.012535,-0.007945,-0.009205,-0.012725
13835,97724.945390156,1.040891,2.047606,0.702610,-0.023660,-0.047676,-0.011013,-0.008021,-0.009176,-0.012765
13836,97724.950303486,1.040996,2.047845,0.702551,-0.023974,-0.046282,-0.009643,-0.008097,-0.009148,-0.012804
13837,97724.955216816,1.041103,2.048076,0.702499,-0.024319,-0.045068,-0.008096,-0.008173,-0.009120,-0.012843
13838,97724.960160664,1.041213,2.048304,0.702455,-0.024748,-0.044124,-0.006540,-0.008249,-0.009092,-0.012883
13839,97724.965104512,1.041325,2.048526,0.702418,-0.025267,-0.043174,-0.005286,-0.008325,-0.009063,-0.012922
13840,97724.970048359,1.041440,2.048745,0.702387,-0.025703,-0.042477,-0.004412,-0.008401,-0.009035,-0.012962
13841,97724.974992207,1.041558,2.048960,0.702361,-0.026176,-0.042103,-0.003961,-0.008477,-0.009007,-0.013001
13842,97724.979905537,1.041677,2.049172,0.702337,-0.026537,-0.041980,-0.003959,-0.008552,-0.008979,-0.013040
13843,97724.984849385,1.041798,2.049385,0.702313,-0.026917,-0.042045,-0.004380,-0.008628,-0.008950,-0.013080
13844,97724.989793233,1.041922,2.049598,0.702287,-0.027319,-0.042111,-0.004953,-0.008704,-0.008922,-0.013119
13845,97724.994737080,1.042047,2.049812,0.702258,-0.027745,-0.042210,-0.005479,-0.008780,-0.008894,-0.013158
13846,97724.999680928,1.042175,2.050026,0.702226,-0.028347,-0.042250,-0.006059,-0.008857,-0.008865,-0.013198
13847,97725.004594258,1.042304,2.050239,0.702192,-0.029002,-0.041735,-0.006465,-0.008932,-0.008837,-0.013237
13848,97725.009538106,1.042438,2.050451,0.702155,-0.029768,-0.040845,-0.006635,-0.009008,-0.008809,-0.013276
13849,97725.014481953,1.042576,2.050658,0.702118,-0.030939,-0.039443,-0.006628,-0.009084,-0.008781,-0.013316
13850,97725.019395283,1.042718,2.050858,0.702080,-0.032373,-0.037657,-0.006468,-0.009160,-0.008752,-0.013355
13851,97725.024369649,1.042871,2.051052,0.702044,-0.033980,-0.035446,-0.006002,-0.009236,-0.008724,-0.013395
13852,97725.029344014,1.043031,2.051235,0.702009,-0.035752,-0.032865,-0.005328,-0.009313,-0.008696,-0.013434
13853,97725.034257344,1.043199,2.051404,0.701978,-0.037809,-0.030362,-0.004541,-0.009388,-0.008667,-0.013473
13854,97725.039201191,1.043379,2.051562,0.701951,-0.039842,-0.027731,-0.003651,-0.009465,-0.008639,-0.013513
13855,97725.044114522,1.043568,2.051706,0.701929,-0.042002,-0.025243,-0.002649,-0.009540,-0.008611,-0.013552
13856,97725.049058369,1.043770,2.051840,0.701911,-0.044194,-0.022932,-0.001625,-0.009616,-0.008583,-0.013591
13857,97725.054002217,1.043983,2.051962,0.701898,-0.046068,-0.020863,-0.000658,-0.009692,-0.008554,-0.013631
13858,97725.058915547,1.044205,2.052075,0.701890,-0.047794,-0.019163,0.000109,-0.009768,-0.008526,-0.013670
13859,97725.063859395,1.044437,2.052180,0.701886,-0.049438,-0.017946,0.000772,-0.009844,-0.008498,-0.013709
13860,97725.068803242,1.044677,2.052279,0.701885,-0.050912,-0.017209,0.001224,-0.009920,-0.008470,-0.013749
13861,97725.073747090,1.044925,2.052375,0.701887,-0.052223,-0.016770,0.001408,-0.009996,-0.008441,-0.013788
13862,97725.078690938,1.045179,2.052469,0.701889,-0.053445,-0.016643,0.001612,-0.010072,-0.008413,-0.013828
13863,97725.083604268,1.045438,2.052563,0.701892,-0.054673,-0.016659,0.001818,-0.010148,-0.008385,-0.013867
13864,97725.088548115,1.045704,2.052657,0.701896,-0.055798,-0.016988,0.001891,-0.010224,-0.008357,-0.013906
13865,97725.093491963,1.045976,2.052753,0.701900,-0.056854,-0.017412,0.002042,-0.010300,-0.008328,-0.013946
13866,97725.098435811,1.046254,2.052851,0.701905,-0.057852,-0.017600,0.002298,-0.010376,-0.008300,-0.013985
13867,97725.103379658,1.046536,2.052951,0.701911,-0.058825,-0.017773,0.002593,-0.010452,-0.008272,-0.014025
13868,97725.108323506,1.046822,2.053052,0.701918,-0.059834,-0.017726,0.002959,-0.010528,-0.008243,-0.014064
13869,97725.113236836,1.047113,2.053152,0.701927,-0.060854,-0.017341,0.003055,-0.010604,-0.008215,-0.014103
13870,97725.118180684,1.047409,2.053251,0.701937,-0.062117,-0.016462,0.002892,-0.010680,-0.008187,-0.014142
13871,97725.123124531,1.047713,2.053346,0.701945,-0.063465,-0.015306,0.002418,-0.010756,-0.008159,-0.014182
13872,97725.128068379,1.048023,2.053435,0.701952,-0.064985,-0.013949,0.001893,-0.010832,-0.008130,-0.014221
13873,97725.133042744,1.048343,2.053519,0.701955,-0.066590,-0.012520,0.001408,-0.010908,-0.008102,-0.014261
13874,97725.137986592,1.048669,2.053595,0.701957,-0.068346,-0.011165,0.000777,-0.010984,-0.008073,-0.014300
13875,97725.142899922,1.049002,2.053665,0.701955,-0.070376,-0.009748,0.000259,-0.011060,-0.008045,-0.014340
13876,97725.147843770,1.049348,2.053728,0.701950,-0.072640,-0.008436,-0.000086,-0.011136,-0.008017,-0.014379
13877,97725.152787617,1.049705,2.053785,0.701944,-0.075076,-0.007209,-0.000307,-0.011212,-0.007989,-0.014418
13878,97725.157731465,1.050074,2.053837,0.701936,-0.077527,-0.005998,-0.000455,-0.011288,-0.007960,-0.014458
13879,97725.162644795,1.050453,2.053883,0.701928,-0.079919,-0.004852,-0.000405,-0.011364,-0.007932,-0.014497
13880,97725.167588643,1.050847,2.053925,0.701920,-0.082145,-0.003799,-0.000411,-0.011440,-0.007904,-0.014536
13881,97725.172532490,1.051252,2.053961,0.701911,-0.084140,-0.003030,-0.000524,-0.011516,-0.007876,-0.014576
13882,97725.177476338,1.051666,2.053994,0.701902,-0.085932,-0.002496,-0.000556,-0.011592,-0.007847,-0.014615
13883,97725.182420186,1.052090,2.054025,0.701893,-0.087540,-0.002237,-0.000290,-0.011668,-0.007819,-0.014655
13884,97725.187364033,1.052522,2.054055,0.701885,-0.088864,-0.002111,0.000243,-0.011744,-0.007791,-0.014694
13885,97725.192277363,1.052958,2.054085,0.701879,-0.090082,-0.002100,0.000894,-0.011820,-0.007763,-0.014733
13886,97725.197221211,1.053402,2.054114,0.701877,-0.091166,-0.002319,0.001516,-0.011896,-0.007734,-0.014773
13887,97725.202165059,1.053852,2.054146,0.701878,-0.092144,-0.002497,0.001951,-0.011972,-0.007706,-0.014812
13888,97725.207108906,1.054307,2.054178,0.701880,-0.093036,-0.002534,0.002277,-0.012048,-0.007678,-0.014851
13889,97725.212052754,1.054766,2.054211,0.701884,-0.094042,-0.002458,0.002357,-0.012124,-0.007649,-0.014891
13890,97725.216996602,1.055230,2.054244,0.701889,-0.095058,-0.002435,0.002262,-0.012200,-0.007621,-0.014930
13891,97725.221940449,1.055699,2.054276,0.701893,-0.096232,-0.002379,0.002086,-0.012276,-0.007593,-0.014970
13892,97725.226884297,1.056174,2.054309,0.701896,-0.097744,-0.002252,0.001673,-0.012352,-0.007565,-0.015009
13893,97725.231828145,1.056656,2.054341,0.701897,-0.099530,-0.002097,0.001182,-0.012428,-0.007536,-0.015048
13894,97725.236741475,1.057144,2.054373,0.701895,-0.101625,-0.001782,0.000890,-0.012504,-0.007508,-0.015088
13895,97725.241685322,1.057646,2.054404,0.701892,-0.104167,-0.001367,0.000641,-0.012580,-0.007480,-0.015127
13896,97725.246598652,1.058157,2.054433,0.701887,-0.106967,-0.001040,0.000590,-0.012655,-0.007452,-0.015166
13897,97725.251542500,1.058685,2.054462,0.701882,-0.109756,-0.000645,0.000818,-0.012731,-0.007423,-0.015206
13898,97725.256486348,1.059227,2.054489,0.701878,-0.112408,0.000020,0.001348,-0.012807,-0.007395,-0.015245
13899,97725.261430195,1.059782,2.054513,0.701876,-0.114985,0.000865,0.002124,-0.012883,-0.007367,-0.015284
13900,97725.266343525,1.060347,2.054533,0.701878,-0.117233,0.001936,0.002687,0.000000,0.000000,0.000000
13901,97725.271287373,1.060926,2.054549,0.701883,-0.119179,0.003395,0.003110,0.000000,0.000000,0.000000
13902,97725.276231221,1.061516,2.054559,0.701890,-0.120503,0.004880,0.003399,0.000000,0.000000,0.000000
13903,97725.281175068,1.062112,2.054561,0.701898,-0.121322,0.006289,0.003431,0.000000,0.000000,0.000000
13904,97725.286118916,1.062713,2.054556,0.701906,-0.121923,0.007624,0.003265,0.000000,0.000000,0.000000
13905,97725.291032246,1.063313,2.054545,0.701914,-0.122321,0.008792,0.003148,0.000000,0.000000,0.000000
13906,97725.295976094,1.063920,2.054529,0.701921,-0.122659,0.009765,0.002975,0.000000,0.000000,0.000000
13907,97725.300919941,1.064528,2.054507,0.701927,-0.122981,0.010775,0.002710,0.000000,0.000000,0.000000
13908,97725.305863789,1.065138,2.054481,0.701932,-0.123130,0.011741,0.002487,0.000000,0.000000,0.000000
13909,97725.310807637,1.065748,2.054449,0.701936,-0.123450,0.012640,0.002240,0.000000,0.000000,0.000000
13910,97725.315720967,1.066357,2.054414,0.701938,-0.123786,0.013521,0.001885,0.000000,0.000000,0.000000
13911,97725.320664815,1.066972,2.054374,0.701939,-0.124179,0.014625,0.001647,0.000000,0.000000,0.000000
13912,97725.325608662,1.067588,2.054329,0.701939,-0.124871,0.015732,0.001352,0.000000,0.000000,0.000000
13913,97725.330552510,1.068208,2.054278,0.701937,-0.125588,0.016838,0.001256,0.000000,0.000000,0.000000
13914,97725.335496358,1.068832,2.054222,0.701935,-0.126698,0.018108,0.001089,0.000000,0.000000,0.000000
13915,97725.340440205,1.069462,2.054161,0.701932,-0.128240,0.019668,0.000857,0.000000,0.000000,0.000000
13916,97725.345384053,1.070100,2.054091,0.701928,-0.130077,0.021292,0.000693,0.000000,0.000000,0.000000
13917,97725.350297383,1.070743,2.054015,0.701923,-0.132251,0.022959,0.000721,0.000000,0.000000,0.000000
13918,97725.355210713,1.071397,2.053931,0.701918,-0.134595,0.024913,0.000819,0.000000,0.000000,0.000000
13919,97725.360154561,1.072067,2.053837,0.701914,-0.136658,0.027071,0.000973,0.000000,0.000000,0.000000
13920,97725.365098408,1.072748,2.053733,0.701910,-0.138356,0.029257,0.001211,0.000000,0.000000,0.000000
13921,97725.370042256,1.073438,2.053618,0.701907,-0.139766,0.031375,0.001405,0.000000,0.000000,0.000000
13922,97725.374955586,1.074131,2.053494,0.701906,-0.140785,0.033488,0.001579,0.000000,0.000000,0.000000
13923,97725.379899434,1.074833,2.053359,0.701905,-0.141677,0.035677,0.001641,0.000000,0.000000,0.000000
13924,97725.384843281,1.075541,2.053214,0.701905,-0.142535,0.037875,0.001516,0.000000,0.000000,0.000000
13925,97725.389787129,1.076253,2.053058,0.701904,-0.143543,0.040079,0.001141,0.000000,0.000000,0.000000
13926,97725.394730977,1.076971,2.052891,0.701901,-0.144811,0.042094,0.000847,0.000000,0.000000,0.000000
13927,97725.399674824,1.077695,2.052715,0.701897,-0.146258,0.043860,0.000617,0.000000,0.000000,0.000000
13928,97725.404588154,1.078422,2.052531,0.701892,-0.147900,0.045429,0.000330,0.000000,0.000000,0.000000
13929,97725.409532002,1.079163,2.052339,0.701886,-0.149773,0.046575,0.000097,0.000000,0.000000,0.000000
13930,97725.414475850,1.079913,2.052141,0.701878,-0.151465,0.047108,0.000013,0.000000,0.000000,0.000000
13931,97725.419419697,1.080671,2.051941,0.701869,-0.152661,0.047473,0.000368,0.000000,0.000000,0.000000
13932,97725.424363545,1.081435,2.051740,0.701863,-0.153496,0.047786,0.001122,0.000000,0.000000,0.000000
13933,97725.429337910,1.082208,2.051536,0.701860,-0.153860,0.048360,0.002404,0.000000,0.000000,0.000000
13934,97725.434251240,1.082974,2.051332,0.701863,-0.154233,0.049185,0.004060,0.000000,0.000000,0.000000
13935,97725.439164570,1.083742,2.051124,0.701874,-0.154483,0.050015,0.005875,0.000000,0.000000,0.000000
13936,97725.444108418,1.084516,2.050910,0.701895,-0.154793,0.050687,0.007593,0.000000,0.000000,0.000000
13937,97725.449052266,1.085292,2.050694,0.701924,-0.155179,0.051384,0.009085,0.000000,0.000000,0.000000
13938,97725.453996113,1.086070,2.050474,0.701960,-0.155363,0.051717,0.010431,0.000000,0.000000,0.000000
13939,97725.458909443,1.086845,2.050255,0.702003,-0.155383,0.051657,0.011499,0.000000,0.000000,0.000000
13940,97725.463853291,1.087624,2.050034,0.702052,-0.155196,0.051302,0.012284,0.000000,0.000000,0.000000
13941,97725.468797139,1.088403,2.049815,0.702104,-0.155079,0.050623,0.013044,0.000000,0.000000,0.000000
13942,97725.473740986,1.089180,2.049599,0.702160,-0.155225,0.049434,0.014032,0.000000,0.000000,0.000000
13943,97725.478654316,1.089954,2.049391,0.702220,-0.155764,0.047770,0.015511,0.000000,0.000000,0.000000
13944,97725.483598164,1.090735,2.049190,0.702288,-0.156637,0.045459,0.017444,0.000000,0.000000,0.000000
13945,97725.488542012,1.091519,2.049000,0.702366,-0.157715,0.042964,0.019804,0.000000,0.000000,0.000000
13946,97725.493485859,1.092309,2.048823,0.702454,-0.158558,0.040530,0.022278,0.000000,0.000000,0.000000
13947,97725.498429707,1.093103,2.048659,0.702555,-0.159085,0.038475,0.024522,0.000000,0.000000,0.000000
13948,97725.503373555,1.093898,2.048505,0.702667,-0.159121,0.036847,0.026348,0.000000,0.000000,0.000000
13949,97725.508286885,1.094689,2.048360,0.702787,-0.158498,0.035236,0.027693,0.000000,0.000000,0.000000
13950,97725.513230733,1.095481,2.048222,0.702914,-0.157319,0.033524,0.028712,0.000000,0.000000,0.000000
13951,97725.518174580,1.096268,2.048092,0.703046,-0.155809,0.031799,0.029451,0.000000,0.000000,0.000000
13952,97725.523118428,1.097046,2.047971,0.703182,-0.154387,0.030473,0.029998,0.000000,0.000000,0.000000
13953,97725.528062275,1.097817,2.047856,0.703321,-0.153385,0.029486,0.030297,0.000000,0.000000,0.000000
13954,97725.533006123,1.098584,2.047745,0.703461,-0.152865,0.028684,0.030432,0.000000,0.000000,0.000000
13955,97725.537949971,1.099347,2.047638,0.703601,-0.152896,0.028158,0.030539,0.000000,0.000000,0.000000
13956,97725.542863301,1.100106,2.047535,0.703742,-0.153592,0.028141,0.030970,0.000000,0.000000,0.000000
13957,97725.547807149,1.100872,2.047431,0.703885,-0.154727,0.028265,0.031794,0.000000,0.000000,0.000000
13958,97725.552750996,1.101645,2.047327,0.704033,-0.155642,0.028515,0.032777,0.000000,0.000000,0.000000
13959,97725.557664326,1.102417,2.047223,0.704184,-0.156262,0.028989,0.033844,0.000000,0.000000,0.000000
13960,97725.562608174,1.103198,2.047115,0.704341,-0.156015,0.029650,0.034680,0.000000,0.000000,0.000000
13961,97725.567552022,1.103977,2.047005,0.704503,-0.154625,0.030712,0.034970,0.000000,0.000000,0.000000
13962,97725.572495869,1.104750,2.046889,0.704666,-0.152374,0.032030,0.034632,0.000000,0.000000,0.000000
13963,97725.577439717,1.105512,2.046766,0.704828,-0.149620,0.033484,0.033708,0.000000,0.000000,0.000000
13964,97725.582353047,1.106256,2.046636,0.704984,-0.146683,0.034743,0.032444,0.000000,0.000000,0.000000
13965,97725.587296895,1.106990,2.046498,0.705136,-0.143995,0.036023,0.031343,0.000000,0.000000,0.000000
13966,97725.592240742,1.107711,2.046353,0.705282,-0.141422,0.037350,0.030467,0.000000,0.000000,0.000000
13967,97725.597184590,1.108420,2.046201,0.705425,-0.138646,0.039004,0.029715,0.000000,0.000000,0.000000
13968,97725.602128438,1.109115,2.046041,0.705563,-0.135837,0.040807,0.029033,0.000000,0.000000,0.000000
13969,97725.607072285,1.109797,2.045870,0.705699,-0.133021,0.042784,0.028266,0.000000,0.000000,0.000000
13970,97725.611985615,1.110461,2.045691,0.705831,-0.130329,0.044993,0.027378,0.000000,0.000000,0.000000
13971,97725.616929463,1.111117,2.045498,0.705959,-0.127718,0.047289,0.026104,0.000000,0.000000,0.000000
13972,97725.621873311,1.111760,2.045294,0.706082,-0.125391,0.049537,0.024550,0.000000,0.000000,0.000000
13973,97725.626817158,1.112391,2.045078,0.706197,-0.123259,0.051620,0.022959,0.000000,0.000000,0.000000
13974,97725.631761006,1.113013,2.044851,0.706304,-0.121209,0.053416,0.021168,0.000000,0.000000,0.000000
13975,97725.636704854,1.113625,2.044615,0.706403,-0.119389,0.054979,0.019353,0.000000,0.000000,0.000000
13976,97725.641618184,1.114224,2.044372,0.706492,-0.117564,0.056522,0.017511,0.000000,0.000000,0.000000
13977,97725.646562031,1.114818,2.044120,0.706573,-0.116020,0.058231,0.015798,0.000000,0.000000,0.000000
13978,97725.651505879,1.115405,2.043858,0.706646,-0.114650,0.060115,0.014150,0.000000,0.000000,0.000000
13979,97725.656449727,1.115985,2.043587,0.706711,-0.113275,0.062031,0.012603,0.000000,0.000000,0.000000
13980,97725.661393574,1.116559,2.043306,0.706769,-0.112127,0.063734,0.011410,0.000000,0.000000,0.000000
13981,97725.666306904,1.117124,2.043018,0.706821,-0.111046,0.065487,0.010371,0.000000,0.000000,0.000000
13982,97725.671250752,1.117687,2.042719,0.706868,-0.109992,0.067153,0.009415,0.000000,0.000000,0.000000
